Key	Group	AwardType	_Name	AwardSubType	CountMin	CountMax	RandRate	TimeFrameStart	TimeFrameEnd	bCenterMsg	bSysMsg	bTongMsg	bTeamMsg	bAwardTips	bFlyTips	TimeOut	IgnoreNoMonthCard	bZoneSystem	bCenterSystem	bServerSystem	bZoneNotify	bCenterNotify	bServerNotify	nMinNotifyLv	nMaxNotifyLv	szZCMsg	szZCTongMsg	szServerMsg	szServerTongMsg	szTongMsg
1	1	Coin	<i18n=银两>		5000	5000	100000							1
1	1	Item	<i18n=6222>	2005	3	3	150000							1
1	1	Item	<i18n=7342>	207	30	30	150000							1
1	1	Item	<i18n=122>	209	3	3	120000							1
1	1	Item	<i18n=10980>	211	1	1	20000							1
1	1	Item	<i18n=1568>	213	1	1	500				1	1		1
1	1	Item	<i18n=20402>	650166	1	1	1250				1	1		1
1	1	Item	<i18n=20405>	650167	1	1	7000					1		1
1	1	YuanBao	<i18n=4567>		50	50	100000							1
1	1	Item	<i18n=897>	401	50	50	100000							1
1	1	Item	<i18n=13235>	31001	10	10	50000							1
1	1	Item	<i18n=16346>	201	10	10	100000							1
1	1	JingHuo	<i18n=20400>		2000	2000	1250				1	1		1
1	1	JingHuo	<i18n=20401>		1000	1000	5000					1		1
1	1	JingHuo	<i18n=20409>		300	300	75000							1
1	1	Item	<i18n=10333>	402	1	1	20000							1
2	1	Coin	<i18n=银两>		5000	5000	151250							1
2	1	Item	<i18n=6222>	2005	3	3	150000							1
2	1	Item	<i18n=7342>	207	30	30	150000							1
2	1	Item	<i18n=122>	209	3	3	150000							1
2	1	Item	<i18n=10980>	211	1	1	20000							1
2	1	Item	<i18n=1568>	213	1	1	500				1	1		1
2	1	Item	<i18n=20402>	650166	1	1	1250				1	1		1
2	1	Item	<i18n=20405>	650167	1	1	7000					1		1
2	1	YuanBao	<i18n=4567>		50	50	100000							1
2	1	Item	<i18n=897>	401	50	50	100000							1
2	1	Item	<i18n=13235>	31001	10	10	50000							1
2	1	Item	<i18n=16346>	201	10	10	100000							1
2	1	JingHuo	<i18n=20400>		2000	2000	0				1	1		1
2	1	JingHuo	<i18n=20401>		1000	1000	0					1		1
2	1	JingHuo	<i18n=20409>		300	300	0							1
2	1	Item	<i18n=10333>	402	1	1	20000							1
3	1	Coin	<i18n=银两>		5000	5000	122138							1
3	1	Item	<i18n=6222>	2005	3	3	183206							1
3	1	Item	<i18n=7342>	207	30	30	183206							1
3	1	Item	<i18n=122>	209	3	3	146565							1
3	1	Item	<i18n=10980>	211	1	1	24427							1
3	1	Item	<i18n=1568>	213	1	1	611				1	1		1
3	1	Item	<i18n=20402>	650166	1	1	1527				1	1		1
3	1	Item	<i18n=20405>	650167	1	1	8550					1		1
3	1	Item	<i18n=897>	401	50	50	122137							1
3	1	Item	<i18n=13235>	31001	10	10	61069							1
3	1	Item	<i18n=16346>	201	10	10	122137							1
3	1	Item	<i18n=10333>	402	1	1	24427							1
4	1	Coin	<i18n=银两>		5000	5000	168056							1
4	1	Item	<i18n=6222>	2005	3	3	166667							1
4	1	Item	<i18n=7342>	207	30	30	166667							1
4	1	Item	<i18n=122>	209	3	3	166667							1
4	1	Item	<i18n=10980>	211	1	1	22223							1
4	1	Item	<i18n=1568>	213	1	1	556				1	1		1
4	1	Item	<i18n=20402>	650166	1	1	1388				1	1		1
4	1	Item	<i18n=20405>	650167	1	1	7777					1		1
4	1	Item	<i18n=897>	401	50	50	111111							1
4	1	Item	<i18n=13235>	31001	10	10	55555							1
4	1	Item	<i18n=16346>	201	10	10	111111							1
4	1	Item	<i18n=10333>	402	1	1	22222							1
5	1	Item	<i18n=1568>	213	1	1	1000000
5	2	Item	<i18n=20402>	650166	1	1	1000000
5	3	Item	<i18n=10333>	402	1	1	1000000							1
5	4	Item	<i18n=897>	401	50	50	1000000							1
5	5	Item	<i18n=13235>	31001	10	10	1000000							1
5	6	Item	<i18n=16346>	201	10	10	1000000							1
5	7	YuanBao	<i18n=4567>		50	50	1000000
5	8	JingHuo	<i18n=20400>		2000	2000	1000000
6	1	Coin	<i18n=24542>		3000	3000	100000				1			1
6	1	Item	<i18n=6222>	2005	2	2	120000				1			1
6	1	Item	<i18n=7342>	207	20	20	120000				1			1
6	1	Item	<i18n=122>	209	2	2	100000				1			1
6	1	Item	<i18n=10980>	211	1	1	20000				1			1
6	1	Item	<i18n=1568>	213	1	1	400				1	1		1						1				1	999	<i18n=25878>	<i18n=26269>	<i18n=25869>	<i18n=26270>	<i18n=25869>
6	1	Item	<i18n=20402>	650166	1	1	1000				1	1		1						1				1	999	<i18n=25878>	<i18n=26269>	<i18n=25869>	<i18n=26270>	<i18n=25869>
6	1	Item	<i18n=20405>	650167	1	1	7000				1	1		1
6	1	YuanBao	<i18n=4567>		30	30	50000				1			1
6	1	Item	<i18n=897>	401	30	30	100000				1			1
6	1	Item	<i18n=13235>	31001	8	8	50000				1			1
6	1	Item	<i18n=16346>	201	8	8	80000				1			1
6	1	JingHuo	<i18n=20400>		2000	2000	1000				1	1		1						1				1	999	<i18n=25878>	<i18n=26269>	<i18n=25869>	<i18n=26270>	<i18n=25869>
6	1	JingHuo	<i18n=20401>		1000	1000	4000				1	1		1																<i18n=25869>
6	1	JingHuo	<i18n=20409>		300	300	46600				1			1
6	1	Item	<i18n=10333>	402	1	1	20000				1			1
6	1	Item	<i18n=244>	30700	2	2	90000				1			1
6	1	Item	<i18n=3337>	30701	2	2	90000				1			1
7	1	Coin	<i18n=24531>		3000	3000	120000				1			1
7	1	Item	<i18n=6222>	2005	2	2	120000				1			1
7	1	Item	<i18n=7342>	207	20	20	120000				1			1
7	1	Item	<i18n=122>	209	2	2	100000				1			1
7	1	Item	<i18n=10980>	211	1	1	20000				1			1
7	1	Item	<i18n=1568>	213	1	1	400				1	1		1						1				1	999	<i18n=25878>	<i18n=26269>	<i18n=25869>	<i18n=26270>	<i18n=25869>
7	1	Item	<i18n=20402>	650166	1	1	1000				1	1		1						1				1	999	<i18n=25878>	<i18n=26269>	<i18n=25869>	<i18n=26270>	<i18n=25869>
7	1	Item	<i18n=20405>	650167	1	1	7000				1	1		1
7	1	YuanBao	<i18n=4567>		30	30	50000				1			1
7	1	Item	<i18n=897>	401	30	30	100000				1			1
7	1	Item	<i18n=13235>	31001	8	8	50000				1			1
7	1	Item	<i18n=16346>	201	8	8	111600				1			1
7	1	JingHuo	<i18n=20400>		2000	2000	0				1	1		1						1				1	999	<i18n=25878>	<i18n=26269>	<i18n=25869>	<i18n=26270>	<i18n=25869>
7	1	JingHuo	<i18n=20401>		1000	1000	0				1	1		1																<i18n=25869>
7	1	JingHuo	<i18n=20409>		300	300	0				1			1
7	1	Item	<i18n=10333>	402	1	1	20000				1			1
7	1	Item	<i18n=244>	30700	2	2	90000				1			1
7	1	Item	<i18n=3337>	30701	2	2	90000				1			1
8	1	Coin	<i18n=24526>		3000	3000	141600				1			1
8	1	Item	<i18n=6222>	2005	2	2	150000				1			1
8	1	Item	<i18n=7342>	207	20	20	150000				1			1
8	1	Item	<i18n=122>	209	2	2	100000				1			1
8	1	Item	<i18n=10980>	211	1	1	20000				1			1
8	1	Item	<i18n=1568>	213	1	1	400				1	1		1						1				1	999	<i18n=25878>	<i18n=26269>	<i18n=25869>	<i18n=26270>	<i18n=25869>
8	1	Item	<i18n=20402>	650166	1	1	1000				1	1		1						1				1	999	<i18n=25878>	<i18n=26269>	<i18n=25869>	<i18n=26270>	<i18n=25869>
8	1	Item	<i18n=20405>	650167	1	1	7000				1	1		1
8	1	Item	<i18n=897>	401	30	30	100000				1			1
8	1	Item	<i18n=13235>	31001	8	8	50000				1			1
8	1	Item	<i18n=16346>	201	8	8	80000				1			1
8	1	Item	<i18n=10333>	402	1	1	20000				1			1
8	1	Item	<i18n=244>	30700	2	2	90000				1			1
8	1	Item	<i18n=3337>	30701	2	2	90000				1			1
9	1	Coin	<i18n=24539>		3000	3000	141600				1			1
9	1	Item	<i18n=6222>	2005	2	2	150000				1			1
9	1	Item	<i18n=7342>	207	20	20	150000				1			1
9	1	Item	<i18n=122>	209	2	2	100000				1			1
9	1	Item	<i18n=10980>	211	1	1	20000				1			1
9	1	Item	<i18n=1568>	213	1	1	400				1	1		1						1				1	999	<i18n=25878>	<i18n=26269>	<i18n=25869>	<i18n=26270>	<i18n=25869>
9	1	Item	<i18n=20402>	650166	1	1	1000				1	1		1						1				1	999	<i18n=25878>	<i18n=26269>	<i18n=25869>	<i18n=26270>	<i18n=25869>
9	1	Item	<i18n=20405>	650167	1	1	7000				1	1		1
9	1	Item	<i18n=897>	401	30	30	100000				1			1
9	1	Item	<i18n=13235>	31001	8	8	50000				1			1
9	1	Item	<i18n=16346>	201	8	8	80000				1			1
9	1	Item	<i18n=10333>	402	1	1	20000				1			1
9	1	Item	<i18n=244>	30700	2	2	90000				1			1
9	1	Item	<i18n=3337>	30701	2	2	90000				1			1
10	1	Item	<i18n=24515>	213	1	1	1000000
10	2	Item	<i18n=20402>	650166	1	1	1000000
10	3	Item	<i18n=10333>	402	1	1	1000000							1
10	4	Item	<i18n=244>	30700	2	2	1000000							1
10	5	Item	<i18n=3337>	30701	2	2	1000000
10	6	Item	<i18n=897>	401	30	30	1000000
10	7	Item	<i18n=13235>	31001	8	8	1000000							1
10	8	Item	<i18n=16346>	201	8	8	1000000							1
10	9	YuanBao	<i18n=4567>		30	30	1000000
10	10	JingHuo	<i18n=20400>		2000	2000	1000000
11	1	Coin	<i18n=30351>		3000	3000	110000				1			1
11	1	Item	<i18n=6222>	2005	2	2	150000				1			1
11	1	Item	<i18n=7342>	207	20	20	150000				1			1
11	1	Item	<i18n=122>	209	2	2	110000				1			1
11	1	Item	<i18n=10980>	211	1	1	15000				1			1
11	1	Item	<i18n=1568>	213	1	1	400				1	1		1						1				1	999			<i18n=25869>	<i18n=26270>	<i18n=25869>
11	1	Item	<i18n=12066>	214	1	1	100				1	1		1						1				1	999			<i18n=25869>	<i18n=26270>	<i18n=25869>
11	1	Item	<i18n=30346>	650293	1	1	1000				1	1		1						1				1	999			<i18n=25869>	<i18n=26270>	<i18n=25869>
11	1	Item	<i18n=30345>	650292	1	1	7000				1	1		1
11	1	YuanBao	<i18n=4567>		30	30	82000				1			1
11	1	Item	<i18n=30341>	1318	2	2	80000				1			1
11	1	Item	<i18n=897>	401	30	30	110000				1			1
11	1	Item	<i18n=13235>	31001	5	5	50000				1			1														<i18n=25869>	<i18n=26270>	<i18n=25869>
11	1	Item	<i18n=16346>	201	8	8	80000				1			1																<i18n=25869>
11	1	Item	<i18n=9370>	202	25	25	1000				1	1		1
11	1	Item	<i18n=13890>	324	5	5	4000				1	1		1
11	1	Item	<i18n=5113>	901	80	80	34500				1			1
11	1	Item	<i18n=10333>	402	1	1	15000				1			1
12	1	Coin	<i18n=30352>		3000	3000	125000				1			1
12	1	Item	<i18n=6222>	2005	2	2	156500				1			1
12	1	Item	<i18n=7342>	207	20	20	180000				1			1
12	1	Item	<i18n=122>	209	2	2	130000				1			1
12	1	Item	<i18n=10980>	211	1	1	15000				1			1
12	1	Item	<i18n=30346>	650293	1	1	1000				1	1		1						1				1	999			<i18n=25869>	<i18n=26270>	<i18n=25869>
12	1	Item	<i18n=30345>	650292	1	1	7000				1	1		1
12	1	Item	<i18n=30341>	1318	2	2	82000				1			1
12	1	Item	<i18n=897>	401	30	30	120000				1			1
12	1	Item	<i18n=13235>	31001	5	5	50000				1			1														<i18n=25869>	<i18n=26270>	<i18n=25869>
12	1	Item	<i18n=16346>	201	8	8	80000				1			1																<i18n=25869>
12	1	Item	<i18n=13890>	324	5	5	4000				1	1		1
12	1	Item	<i18n=5113>	901	80	80	34500				1			1
12	1	Item	<i18n=10333>	402	1	1	15000				1			1
13	1	Item	<i18n=30338>	214	1	1	1000000				1			1
13	2	Item	<i18n=1568>	213	1	1	1000000				1			1
13	3	Item	<i18n=30346>	650293	1	1	1000000				1			1
13	4	Item	<i18n=30345>	650292	1	1	1000000				1			1
13	5	Item	<i18n=10333>	402	1	1	1000000				1			1
13	6	Item	<i18n=30341>	1318	2	2	1000000				1	1		1						1				1	999			<i18n=25869>	<i18n=26270>	<i18n=25869>
13	7	Item	<i18n=13890>	324	5	5	1000000				1	1		1
13	8	Item	<i18n=897>	401	30	30	1000000				1			1
13	9	Item	<i18n=13235>	31001	5	5	1000000				1			1
13	10	Item	<i18n=122>	209	2	2	1000000				1			1														<i18n=25869>	<i18n=26270>	<i18n=25869>
13	11	Item	<i18n=9370>	202	25	25	1000000				1			1																<i18n=25869>
13	12	Item	<i18n=16346>	201	8	8	1000000				1	1		1
13	13	YuanBao	<i18n=4567>		30	30	1000000				1			1
13	14	Coin	<i18n=银两>		3000	3000	1000000				1			1
14	1	Coin	<i18n=34268>		3000	3000	110000				1			1
14	1	Item	<i18n=6222>	2005	2	2	150000				1			1
14	1	Item	<i18n=7342>	207	20	20	150000				1			1
14	1	Item	<i18n=122>	209	2	2	110000				1			1
14	1	Item	<i18n=10980>	211	1	1	15000				1			1
14	1	Item	<i18n=1568>	213	1	1	400				1	1		1						1				1	999			<i18n=25869>	<i18n=26270>	<i18n=25869>
14	1	Item	<i18n=12066>	214	1	1	100				1	1		1						1				1	999			<i18n=25869>	<i18n=26270>	<i18n=25869>
14	1	Item	<i18n=30346>	650293	1	1	1000				1	1		1						1				1	999			<i18n=25869>	<i18n=26270>	<i18n=25869>
14	1	Item	<i18n=30345>	650292	1	1	7000				1	1		1																<i18n=25869>
14	1	YuanBao	<i18n=4567>		30	30	82000				1			1
14	1	Item	<i18n=30341>	1318	2	2	80000				1			1
14	1	Item	<i18n=897>	401	30	30	110000				1			1
14	1	Item	<i18n=13235>	31001	5	5	50000				1			1
14	1	Item	<i18n=16346>	201	8	8	80000				1			1
14	1	Item	<i18n=9370>	202	25	25	1000				1	1		1						1				1	999			<i18n=25869>	<i18n=26270>
14	1	Item	<i18n=13890>	324	5	5	4000				1	1		1																<i18n=25869>
14	1	Item	<i18n=5113>	901	80	80	34500				1			1
14	1	Item	<i18n=10333>	402	1	1	15000				1			1
15	1	Coin	<i18n=34293>		3000	3000	125000				1			1
15	1	Item	<i18n=6222>	2005	2	2	156500				1			1
15	1	Item	<i18n=7342>	207	20	20	180000				1			1
15	1	Item	<i18n=122>	209	2	2	130000				1			1
15	1	Item	<i18n=10980>	211	1	1	15000				1			1
15	1	Item	<i18n=30346>	650293	1	1	1000				1	1		1						1				1	999			<i18n=25869>	<i18n=26270>	<i18n=25869>
15	1	Item	<i18n=30345>	650292	1	1	7000				1	1		1										1	999					<i18n=25869>
15	1	Item	<i18n=30341>	1318	2	2	82000				1			1
15	1	Item	<i18n=897>	401	30	30	120000				1			1
15	1	Item	<i18n=13235>	31001	5	5	50000				1			1
15	1	Item	<i18n=16346>	201	8	8	80000				1			1
15	1	Item	<i18n=13890>	324	5	5	4000				1	1		1										1	999					<i18n=25869>
15	1	Item	<i18n=5113>	901	80	80	34500				1			1
15	1	Item	<i18n=10333>	402	1	1	15000				1			1
16	1	Item	<i18n=34278>	214	1	1	1000000				1			1
16	2	Item	<i18n=1568>	213	1	1	1000000				1			1
16	3	Item	<i18n=30346>	650293	1	1	1000000				1			1
16	4	Item	<i18n=30345>	650292	1	1	1000000				1			1
16	5	Item	<i18n=10333>	402	1	1	1000000				1			1
16	6	Item	<i18n=30341>	1318	2	2	1000000				1	1		1
16	7	Item	<i18n=13890>	324	5	5	1000000				1	1		1
16	8	Item	<i18n=897>	401	30	30	1000000				1			1
16	9	Item	<i18n=13235>	31001	5	5	1000000				1			1
16	10	Item	<i18n=122>	209	2	2	1000000				1			1
16	11	Item	<i18n=9370>	202	25	25	1000000				1			1
16	12	Item	<i18n=16346>	201	8	8	1000000				1	1		1
16	13	YuanBao	<i18n=4567>		30	30	1000000				1			1
16	14	Coin	<i18n=银两>		3000	3000	1000000				1			1
17	1	Coin	<i18n=38542>		3000	3000	130000				1			1
17	1	Item	<i18n=6222>	2005	2	2	150000				1			1
17	1	Item	<i18n=13890>	324	5	5	5000				1	1		1										1	999					<i18n=25869>
17	1	Item	<i18n=122>	209	2	2	130000				1			1
17	1	Item	<i18n=10980>	211	1	1	15000				1			1
17	1	Item	<i18n=1568>	213	1	1	400				1	1		1						1				1	999			<i18n=25869>	<i18n=26270>	<i18n=25869>
17	1	Item	<i18n=12066>	214	1	1	100				1	1		1						1				1	999			<i18n=25869>	<i18n=26270>	<i18n=25869>
17	1	Item	<i18n=38530>	672110	1	1	2500				1	1		1						1				1	999			<i18n=25869>	<i18n=26270>	<i18n=25869>
17	1	Item	<i18n=38547>	672109	1	1	10000				1	1		1										1	999					<i18n=25869>
17	1	Item	<i18n=5113>	901	80	80	50000				1			1
17	1	YuanBao	<i18n=4567>		58	58	75000				1			1
17	1	YuanBao	<i18n=4567>		88	88	45000				1			1
17	1	YuanBao	<i18n=4567>		128	128	15000				1			1
17	1	YuanBao	<i18n=4567>		258	258	5000				1	1		1										1	999					<i18n=25869>
17	1	Item	<i18n=15488>	102	2	2	152000				1			1
17	1	Item	<i18n=13235>	31001	5	5	90000				1			1
17	1	Item	<i18n=16346>	201	8	8	110000				1			1
17	1	Item	<i18n=10333>	402	1	1	15000				1			1
18	1	Coin	<i18n=38600>		3000	3000	152500				1			1
18	1	Item	<i18n=6222>	2005	2	2	170000				1			1
18	1	Item	<i18n=13890>	324	5	5	5000				1	1		1										1	999					<i18n=25869>
18	1	Item	<i18n=122>	209	2	2	170000				1			1
18	1	Item	<i18n=10980>	211	1	1	15000				1			1
18	1	Item	<i18n=38530>	672110	1	1	2500				1	1		1						1				1	999			<i18n=25869>	<i18n=26270>	<i18n=25869>
18	1	Item	<i18n=38547>	672109	1	1	10000				1	1		1										1	999					<i18n=25869>
18	1	Item	<i18n=5113>	901	80	80	50000				1			1
18	1	Item	<i18n=15488>	102	2	2	180000				1			1
18	1	Item	<i18n=13235>	31001	5	5	90000				1			1
18	1	Item	<i18n=16346>	201	8	8	140000				1			1
18	1	Item	<i18n=10333>	402	1	1	15000				1			1
19	1	Item	<i18n=38582>	214	1	1	1000000
19	2	Item	<i18n=1568>	213	1	1	1000000
19	3	Item	<i18n=38530>	672110	1	1	1000000
19	4	Item	<i18n=38547>	672109	1	1	1000000
19	5	Item	<i18n=10333>	402	1	1	1000000
19	6	Item	<i18n=13890>	324	1	1	1000000
19	7	Item	<i18n=13235>	31001	1	1	1000000
19	8	Item	<i18n=10980>	211	1	1	1000000
19	9	Item	<i18n=122>	209	1	1	1000000
19	10	Item	<i18n=16346>	201	1	1	1000000
19	11	YuanBao	<i18n=4567>		1	1	1000000
19	12	Coin	<i18n=银两>		1	1	1000000
26	1	Coin	<i18n=45298>		4000	4000	120000				1			1
26	1	Item	<i18n=6222>	2005	4	4	130000				1			1
26	1	Item	<i18n=13890>	324	1	1	70000				1			1
26	1	Item	<i18n=122>	209	4	4	130000				1			1
26	1	Item	<i18n=10980>	211	1	1	20000				1			1
26	1	Item	<i18n=1568>	213	1	1	900				1	1		1						1			1	1	999			<i18n=25869>	<i18n=26270>	<i18n=38723>
26	1	Item	<i18n=12066>	214	1	1	100				1	1		1						1			1	1	999			<i18n=25869>	<i18n=26270>	<i18n=38723>
26	1	Item	<i18n=45303>	672383	1	1	4000				1	1		1						1			1	1	999			<i18n=25869>	<i18n=26270>	<i18n=38723>
26	1	Item	<i18n=45347>	672109	1	1	10000				1	1		1										1	999			<i18n=25869>	<i18n=26270>	<i18n=38723>
26	1	Item	<i18n=5113>	901	60	60	120000				1			1
26	1	YuanBao	<i18n=4567>		58	58	80000				1			1
26	1	YuanBao	<i18n=4567>		88	88	40000				1			1
26	1	YuanBao	<i18n=4567>		128	128	15000				1			1
26	1	YuanBao	<i18n=4567>		258	258	5000				1	1		1										1	999			<i18n=25869>	<i18n=26270>	<i18n=38723>
26	1	Item	<i18n=13235>	31001	5	5	120000				1			1
26	1	Item	<i18n=16346>	201	10	10	120000				1			1
26	1	Item	<i18n=10333>	402	1	1	15000				1			1
27	1	Coin	<i18n=45312>		4000	4000	160000				1			1
27	1	Item	<i18n=6222>	2005	4	4	150000				1			1
27	1	Item	<i18n=13890>	324	1	1	70000				1			1
27	1	Item	<i18n=122>	209	4	4	150000				1			1
27	1	Item	<i18n=10980>	211	1	1	21000				1			1
27	1	Item	<i18n=45303>	672383	1	1	4000				1	1		1						1				1	999			<i18n=25869>	<i18n=26270>	<i18n=38723>
27	1	Item	<i18n=45347>	672109	1	1	10000				1	1		1										1	999			<i18n=25869>	<i18n=26270>	<i18n=38723>
27	1	Item	<i18n=5113>	901	60	60	150000				1			1
27	1	Item	<i18n=13235>	31001	5	5	120000				1			1
27	1	Item	<i18n=16346>	201	10	10	150000				1			1
27	1	Item	<i18n=10333>	402	1	1	15000				1			1
28	1	Item	<i18n=45313>	214	1	1	1000000
28	2	Item	<i18n=1568>	213	1	1	1000000
28	3	Item	<i18n=45303>	672383	1	1	1000000
28	4	Item	<i18n=45347>	672109	1	1	1000000
28	5	Item	<i18n=13890>	324	1	1	1000000
28	6	Item	<i18n=13235>	31001	1	1	1000000
28	7	Item	<i18n=10333>	402	1	1	1000000
28	8	Item	<i18n=10980>	211	1	1	1000000
28	9	Item	<i18n=16346>	201	1	1	1000000
28	10	Item	<i18n=6222>	2005	1	1	1000000
28	11	Item	<i18n=122>	209	1	1	1000000
28	12	Item	<i18n=5113>	901	1	1	1000000
28	13	YuanBao	<i18n=4567>		1	1	1000000
28	14	Coin	<i18n=银两>		1	1	1000000
