Key	Group	AwardType	AwardSubType	CountMin	CountMax	RandRate	TimeFrameStart	TimeFrameEnd	bCenterMsg	bSysMsg	bTongMsg	bTeamMsg	bAwardTips	bFlyTips	TimeOut
1	1	Item	403	3	3	1000000				1			1		
1	2	Item	209	20	20	1000000				1			1		
1	3	YuanBao		200	200	1000000				1			1		
1	4	Item	3002	15	15	1000000				1			1		
2	1	Item	3006	10	10	1000000				1			1		
2	2	Item	506	15	15	1000000				1			1		
2	3	Item	31001	40	40	1000000				1			1		
2	4	Item	202	10	10	1000000				1			1		
3	1	Item	901	750	750	1000000	OpenLevel39	OpenLevel49		1			1		
3	2	Item	412	10	10	1000000	OpenLevel39	OpenLevel49		1			1		
3	3	Item	211	15	15	1000000	OpenLevel39	OpenLevel49		1			1		
3	4	Item	31566	2	2	1000000	OpenLevel39	OpenLevel49		1			1		
3	5	Item	901	750	750	1000000	OpenLevel49	OpenLevel59		1			1		
3	6	Item	412	10	10	1000000	OpenLevel49	OpenLevel59		1			1		
3	7	Item	211	15	15	1000000	OpenLevel49	OpenLevel59		1			1		
3	8	Item	31565	1	1	1000000	OpenLevel49	OpenLevel59		1			1		
3	9	Item	901	750	750	1000000	OpenLevel59	OpenLevel69		1			1		
3	10	Item	412	10	10	1000000	OpenLevel59	OpenLevel69		1			1		
3	11	Item	211	15	15	1000000	OpenLevel59	OpenLevel69		1			1		
3	12	Item	31588	1	1	1000000	OpenLevel59	OpenLevel69		1			1		
3	13	Item	901	750	750	1000000	OpenLevel69	OpenLevel79		1			1		
3	14	Item	412	10	10	1000000	OpenLevel69	OpenLevel79		1			1		
3	15	Item	211	15	15	1000000	OpenLevel69	OpenLevel79		1			1		
3	16	Item	31561	1	1	1000000	OpenLevel69	OpenLevel79		1			1		
3	17	Item	901	750	750	1000000	OpenLevel79	OpenLevel89		1			1		
3	18	Item	412	10	10	1000000	OpenLevel79	OpenLevel89		1			1		
3	19	Item	211	12	12	1000000	OpenLevel79	OpenLevel89		1			1		
3	20	Item	31589	1	1	1000000	OpenLevel79	OpenLevel89		1			1		
3	21	Item	901	750	750	1000000	OpenLevel89	OpenLevel99		1			1		
3	22	Item	412	10	10	1000000	OpenLevel89	OpenLevel99		1			1		
3	23	Item	211	12	12	1000000	OpenLevel89	OpenLevel99		1			1		
3	24	Item	31612	1	1	1000000	OpenLevel89	OpenLevel99		1			1		
3	25	Item	901	750	750	1000000	OpenLevel99	OpenLevel109		1			1		
3	26	Item	412	10	10	1000000	OpenLevel99	OpenLevel109		1			1		
3	27	Item	211	10	10	1000000	OpenLevel99	OpenLevel109		1			1		
3	28	Item	31642	1	1	1000000	OpenLevel99	OpenLevel109		1			1		
3	29	Item	901	750	750	1000000	OpenLevel109			1			1		
3	30	Item	412	10	10	1000000	OpenLevel109			1			1		
3	31	Item	211	10	10	1000000	OpenLevel109			1			1		
3	32	Item	34095	1	1	1000000	OpenLevel109			1			1		
4	1	Item	31578	1	1	1000000	OpenLevel39	OpenLevel59		1			1		
4	2	Item	212	3	3	1000000	OpenLevel39	OpenLevel59		1			1		
4	3	Item	35106	1	1	1000000	OpenLevel39	OpenLevel59		1			1		
4	4	Item	31413	5	5	1000000	OpenLevel39	OpenLevel59		1			1		
4	5	Item	31578	1	1	1000000	OpenLevel59	OpenLevel69		1			1		
4	6	Item	212	3	3	1000000	OpenLevel59	OpenLevel69		1			1		
4	7	Item	35107	1	1	1000000	OpenLevel59	OpenLevel69		1			1		
4	8	Item	31413	5	5	1000000	OpenLevel59	OpenLevel69		1			1		
4	9	Item	31578	1	1	1000000	OpenLevel69	OpenLevel79		1			1		
4	10	Item	212	2	2	1000000	OpenLevel69	OpenLevel79		1			1		
4	11	Item	35107	1	1	1000000	OpenLevel69	OpenLevel79		1			1		
4	12	Item	721	2	2	1000000	OpenLevel69	OpenLevel79		1			1		
4	13	Item	31578	1	1	1000000	OpenLevel79	OpenLevel89		1			1		
4	14	Item	212	2	2	1000000	OpenLevel79	OpenLevel89		1			1		
4	15	Item	35108	1	1	1000000	OpenLevel79	OpenLevel89		1			1		
4	16	Item	721	2	2	1000000	OpenLevel79	OpenLevel89		1			1		
4	17	Item	31578	1	1	1000000	OpenLevel89	OpenLevel99		1			1		
4	18	Item	212	2	2	1000000	OpenLevel89	OpenLevel99		1			1		
4	19	Item	35109	1	1	1000000	OpenLevel89	OpenLevel99		1			1		
4	20	Item	721	2	2	1000000	OpenLevel89	OpenLevel99		1			1		
4	21	Item	31578	1	1	1000000	OpenLevel99			1			1		
4	22	Item	212	2	2	1000000	OpenLevel99			1			1		
4	23	Item	35109	1	1	1000000	OpenLevel99			1			1		
4	24	Item	722	2	2	1000000	OpenLevel99			1			1		
5	1	Item	650244	1	1	1000000	OpenLevel39	OpenLevel49		1			1		
5	2	Item	213	1	1	1000000	OpenLevel39	OpenLevel49		1			1		
5	3	Item	650242	1	1	1000000	OpenLevel39	OpenLevel49		1			1		
5	4	Item	31566	3	3	1000000	OpenLevel39	OpenLevel49		1			1		
5	5	Item	650244	1	1	1000000	OpenLevel49	OpenLevel59		1			1		
5	6	Item	213	1	1	1000000	OpenLevel49	OpenLevel59		1			1		
5	7	Item	650242	1	1	1000000	OpenLevel49	OpenLevel59		1			1		
5	8	Item	31565	2	2	1000000	OpenLevel49	OpenLevel59		1			1		
5	9	Item	650244	1	1	1000000	OpenLevel59	OpenLevel69		1			1		
5	10	Item	213	1	1	1000000	OpenLevel59	OpenLevel69		1			1		
5	11	Item	650242	1	1	1000000	OpenLevel59	OpenLevel69		1			1		
5	12	Item	31588	2	2	1000000	OpenLevel59	OpenLevel69		1			1		
5	13	Item	34080	1	1	1000000	OpenLevel69	OpenLevel79		1			1		
5	14	Item	213	1	1	1000000	OpenLevel69	OpenLevel79		1			1		
5	15	Item	650242	1	1	1000000	OpenLevel69	OpenLevel79		1			1		
5	16	Item	31561	2	2	1000000	OpenLevel69	OpenLevel79		1			1		
5	17	Item	34080	1	1	1000000	OpenLevel79	OpenLevel89		1			1		
5	18	Item	213	1	1	1000000	OpenLevel79	OpenLevel89		1			1		
5	19	Item	650242	1	1	1000000	OpenLevel79	OpenLevel89		1			1		
5	20	Item	31589	2	2	1000000	OpenLevel79	OpenLevel89		1			1		
5	21	Item	34080	1	1	1000000	OpenLevel89	OpenLevel99		1			1		
5	22	Item	213	1	1	1000000	OpenLevel89	OpenLevel99		1			1		
5	23	Item	650242	1	1	1000000	OpenLevel89	OpenLevel99		1			1		
5	24	Item	31612	2	2	1000000	OpenLevel89	OpenLevel99		1			1		
5	25	Item	35147	1	1	1000000	OpenLevel99	OpenLevel109		1			1		
5	26	Item	35146	1	1	1000000	OpenLevel99	OpenLevel109		1			1		
5	27	Item	650242	1	1	1000000	OpenLevel99	OpenLevel109		1			1		
5	28	Item	31642	2	2	1000000	OpenLevel99	OpenLevel109		1			1		
5	29	Item	35147	1	1	1000000	OpenLevel109			1			1		
5	30	Item	35146	1	1	1000000	OpenLevel109			1			1		
5	31	Item	650242	1	1	1000000	OpenLevel109			1			1		
5	32	Item	34095	2	2	1000000	OpenLevel109			1			1		
6	1	Item	412	40	40	1000000	OpenLevel39	OpenLevel69		1			1		
6	2	Item	506	30	30	1000000	OpenLevel39	OpenLevel69		1			1		
6	3	Item	1999	25	25	1000000	OpenLevel39	OpenLevel69		1			1		
6	4	Item	214	1	1	1000000	OpenLevel39	OpenLevel69		1			1		
6	5	Item	214	1	1	1000000	OpenLevel69	OpenLevel89		1			1		
6	6	Item	31613	100	100	1000000	OpenLevel69	OpenLevel89		1			1		
6	7	Item	35145	10	10	1000000	OpenLevel69	OpenLevel89		1			1		
6	8	Item	35110	2	2	1000000	OpenLevel69	OpenLevel89		1			1		
6	9	Item	214	1	1	1000000	OpenLevel89	OpenLevel109		1			1		
6	10	Item	33019	10	10	1000000	OpenLevel89	OpenLevel109		1			1		
6	11	Item	35145	10	10	1000000	OpenLevel89	OpenLevel109		1			1		
6	12	Item	35111	2	2	1000000	OpenLevel89	OpenLevel109		1			1		
6	13	Item	214	1	1	1000000	OpenLevel109			1			1		
6	14	Item	33019	10	10	1000000	OpenLevel109			1			1		
6	15	Item	35145	10	10	1000000	OpenLevel109			1			1		
6	16	Item	35112	2	2	1000000	OpenLevel109			1			1		
7	1	Item	403	3	3	1000000
7	2	Item	209	20	20	1000000
7	3	YuanBao		200	200	1000000
7	4	Item	3002	15	15	1000000
8	1	Item	3006	10	10	1000000
8	2	Item	506	15	15	1000000
8	3	Item	31001	40	40	1000000
8	4	Item	202	10	10	1000000
9	1	Item	901	750	750	1000000
9	2	Item	412	10	10	1000000
9	3	Item	211	15	15	1000000
9	4	Item	31566	2	2	1000000
10	1	Item	901	750	750	1000000
10	2	Item	412	10	10	1000000
10	3	Item	211	15	15	1000000
10	4	Item	31565	1	1	1000000
11	1	Item	901	750	750	1000000
11	2	Item	412	10	10	1000000
11	3	Item	211	15	15	1000000
11	4	Item	31588	1	1	1000000
12	1	Item	901	750	750	1000000
12	2	Item	412	10	10	1000000
12	3	Item	211	15	15	1000000
12	4	Item	31561	1	1	1000000
13	1	Item	901	750	750	1000000
13	2	Item	412	10	10	1000000
13	3	Item	211	12	12	1000000
13	4	Item	31589	1	1	1000000
14	1	Item	901	750	750	1000000
14	2	Item	412	10	10	1000000
14	3	Item	211	12	12	1000000
14	4	Item	31612	1	1	1000000
15	1	Item	901	750	750	1000000
15	2	Item	412	10	10	1000000
15	3	Item	211	10	10	1000000
15	4	Item	31642	1	1	1000000
16	1	Item	901	750	750	1000000
16	2	Item	412	10	10	1000000
16	3	Item	211	10	10	1000000
16	4	Item	34095	1	1	1000000
17	1	Item	31578	1	1	1000000
17	2	Item	212	3	3	1000000
17	3	Item	35106	1	1	1000000
17	4	Item	31413	5	5	1000000
18	1	Item	31578	1	1	1000000
18	2	Item	212	3	3	1000000
18	3	Item	35107	1	1	1000000
18	4	Item	31413	5	5	1000000
19	1	Item	31578	1	1	1000000
19	2	Item	212	2	2	1000000
19	3	Item	35107	1	1	1000000
19	4	Item	721	2	2	1000000
20	1	Item	31578	1	1	1000000
20	2	Item	212	2	2	1000000
20	3	Item	35108	1	1	1000000
20	4	Item	721	2	2	1000000
21	1	Item	31578	1	1	1000000
21	2	Item	212	2	2	1000000
21	3	Item	35109	1	1	1000000
21	4	Item	721	2	2	1000000
22	1	Item	31578	1	1	1000000
22	2	Item	212	2	2	1000000
22	3	Item	35109	1	1	1000000
22	4	Item	722	2	2	1000000
23	1	Item	650244	1	1	1000000
23	2	Item	213	1	1	1000000
23	3	Item	650242	1	1	1000000
23	4	Item	31566	3	3	1000000
24	1	Item	650244	1	1	1000000
24	2	Item	213	1	1	1000000
24	3	Item	650242	1	1	1000000
24	4	Item	31565	2	2	1000000
25	1	Item	650244	1	1	1000000
25	2	Item	213	1	1	1000000
25	3	Item	650242	1	1	1000000
25	4	Item	31588	2	2	1000000
26	1	Item	34080	1	1	1000000
26	2	Item	213	1	1	1000000
26	3	Item	650242	1	1	1000000
26	4	Item	31561	2	2	1000000
27	1	Item	34080	1	1	1000000
27	2	Item	213	1	1	1000000
27	3	Item	650242	1	1	1000000
27	4	Item	31589	2	2	1000000
28	1	Item	34080	1	1	1000000
28	2	Item	213	1	1	1000000
28	3	Item	650242	1	1	1000000
28	4	Item	31612	2	2	1000000
29	1	Item	35147	1	1	1000000
29	2	Item	35146	1	1	1000000
29	3	Item	650242	1	1	1000000
29	4	Item	31642	2	2	1000000
30	1	Item	35147	1	1	1000000
30	2	Item	35146	1	1	1000000
30	3	Item	650242	1	1	1000000
30	4	Item	34095	2	2	1000000
31	1	Item	412	40	40	1000000
31	2	Item	506	30	30	1000000
31	3	Item	1999	25	25	1000000
31	4	Item	214	1	1	1000000
32	1	Item	214	1	1	1000000
32	2	Item	31613	100	100	1000000
32	3	Item	35145	10	10	1000000
32	4	Item	35110	2	2	1000000
33	1	Item	214	1	1	1000000
33	2	Item	33019	10	10	1000000
33	3	Item	35145	10	10	1000000
33	4	Item	35111	2	2	1000000
34	1	Item	214	1	1	1000000
34	2	Item	33019	10	10	1000000
34	3	Item	35145	10	10	1000000
34	4	Item	35112	2	2	1000000
35	1	Item	31462	1	1	1000000				1			1
36	1	Item	412	10	10	1000000				1			1
37	1	Item	1131	1	1	1000000				1			1
