Key	Group	AwardType	AwardSubType	CountMin	CountMax	RandRate	TimeFrameStart	TimeFrameEnd	bCenterMsg	bSysMsg	bTongMsg	bTeamMsg	bAwardTips	bFlyTips	TimeOut	IgnoreNoMonthCard	bZoneSystem	bCenterSystem	bServerSystem	bZoneNotify	bCenterNotify	bServerNotify	nMinNotifyLv	nMaxNotifyLv	szZCMsg	szZCTongMsg	szServerMsg	szServerTongMsg	szTongMsg	szTeamMsg
1	1	JingHuo		300	300	120000				1			1
1	1	Item	403	5	5	100000				1			1
1	1	Item	201	20	20	100000				1			1
1	1	Item	209	8	8	120000				1			1
1	1	JingHuo		500	500	90000				1			1
1	1	YuanBao		150	150	85000				1			1
1	1	Item	901	150	150	80000				1			1
1	1	Item	31413	1	1	55000				1			1
1	1	Item	211	1	1	60000				1			1
1	1	Item	3006	1	1	70000				1			1
1	1	Item	412	2	2	35000				1			1
1	1	YuanBao		200	200	35000				1			1
1	1	JingHuo		1000	1000	30000				1	1		1										1	999					<i18n=26710>
1	1	YuanBao		500	500	20000				1	1		1										1	999					<i18n=26710>
2	1	JingHuo		300	300	120000				1			1
2	1	Item	403	5	5	100000				1			1
2	1	Item	201	20	20	100000				1			1
2	1	Item	209	8	8	100000				1			1
2	1	JingHuo		500	500	90000				1			1
2	1	YuanBao		150	150	85000				1			1
2	1	Item	901	150	150	80000				1			1
2	1	Item	31413	1	1	55000				1			1
2	1	Item	211	1	1	60000				1			1
2	1	Item	3006	1	1	70000				1			1
2	1	Item	412	2	2	35000				1			1
2	1	YuanBao		200	200	35000				1			1
2	1	JingHuo		1000	1000	30000				1	1		1										1	999					<i18n=26710>
2	1	YuanBao		500	500	20000				1	1		1										1	999					<i18n=26710>
2	1	JingHuo		2000	2000	20000				1	1		1						1			1	1	999			<i18n=26707>	<i18n=26708>	<i18n=26710>
3	1	JingHuo		300	300	120000				1			1
3	1	Item	403	5	5	100000				1			1
3	1	Item	201	20	20	100000				1			1
3	1	Item	209	8	8	92500				1			1
3	1	JingHuo		500	500	90000				1			1
3	1	YuanBao		150	150	85000				1			1
3	1	Item	901	150	150	80000				1			1
3	1	Item	31413	1	1	55000				1			1
3	1	Item	211	1	1	60000				1			1
3	1	Item	3006	1	1	70000				1			1
3	1	Item	412	2	2	35000				1			1
3	1	YuanBao		200	200	35000				1			1
3	1	JingHuo		1000	1000	30000				1	1		1										1	999					<i18n=26710>
3	1	YuanBao		500	500	20000				1	1		1										1	999					<i18n=26710>
3	1	JingHuo		2000	2000	20000				1	1		1						1			1	1	999			<i18n=26707>	<i18n=26708>	<i18n=26710>
3	1	Item	213	1	1	7500				1	1		1						1			1	1	999			<i18n=26707>	<i18n=26708>	<i18n=26710>
4	1	JingHuo		300	300	120000				1			1
4	1	Item	403	5	5	100000				1			1
4	1	Item	201	20	20	100000				1			1
4	1	Item	209	8	8	90000				1			1
4	1	JingHuo		500	500	90000				1			1
4	1	YuanBao		150	150	85000				1			1
4	1	Item	901	150	150	80000				1			1
4	1	Item	31413	1	1	55000				1			1
4	1	Item	211	1	1	60000				1			1
4	1	Item	3006	1	1	70000				1			1
4	1	Item	412	2	2	35000				1			1
4	1	YuanBao		200	200	35000				1			1
4	1	JingHuo		1000	1000	30000				1	1		1										1	999					<i18n=26710>
4	1	YuanBao		500	500	20000				1	1		1										1	999					<i18n=26710>
4	1	JingHuo		2000	2000	20000				1	1		1						1			1	1	999			<i18n=26707>	<i18n=26708>	<i18n=26710>
4	1	Item	213	1	1	7500				1	1		1						1			1	1	999			<i18n=26707>	<i18n=26708>	<i18n=26710>
4	1	Item	31492	1	1	2500				1	1		1						1			1	1	999			<i18n=26707>	<i18n=26708>	<i18n=26710>
5	1	Item	31492	1	1	1000000				1	1		1						1			1	1	999			<i18n=26707>	<i18n=26708>	<i18n=26710>
6	1	Item	403	5	5	1000000				1			1		
7	1	Item	324	2	2	1000000				1			1
8	1	Item	209	8	8	1000000				1			1
9	1	Item	211	1	1	1000000				1			1
10	1	Item	5006	1	1	1000000				1	1		1																<i18n=27422>
11	1	Item	412	2	2	1000000				1			1
12	1	Item	901	128	128	1000000				1			1
13	1	YuanBao		288	288	1000000				1			1
14	1	YuanBao		128	128	1000000				1			1
15	1	Item	506	5	5	1000000				1			1
16	1	Item	3006	2	2	1000000				1			1
17	1	Item	3006	1	1	1000000				1			1
18	1	Item	201	18	18	1000000				1			1
19	1	JingHuo		588	588	1000000				1			1
20	1	JingHuo		288	288	1000000				1			1
21	1	Item	3006	5	5	1000000				1			1
22	1	JingHuo		1888	1888	1000000				1	1		1																<i18n=27422>
23	1	Item	31577	1	1	1000000				1	1		1																<i18n=27422>
24	1	YuanBao		888	888	1000000				1	1		1																<i18n=27422>
25	1	Item	3006	10	10	1000000				1	1		1																<i18n=27422>
26	1	Item	213	1	1	1000000				1	1		1																<i18n=27422>
27	1	Item	215	1	1	1000000				1	1		1						1			1	1	999			<i18n=27426>	<i18n=27420>	<i18n=27422>
28	1	Item	660047	1	1	1000000				1	1		1						1			1	1	999			<i18n=27716>	<i18n=27717>	<i18n=27714>
29	1	Item	813	1	1	1000000				1			1		
30	1	Item	324	2	2	1000000				1			1		
31	1	Item	209	6	6	1000000				1			1		
32	1	Item	211	1	1	1000000				1			1		
33	1	Item	213	1	1	1000000				1	1		1						1			1	1	999			<i18n=30236>	<i18n=30237>	<i18n=30255>
34	1	Item	215	1	1	1000000				1	1		1						1			1	1	999			<i18n=30236>	<i18n=30237>	<i18n=30255>
35	1	Item	412	2	2	1000000				1			1		
36	1	Item	412	10	10	1000000				1			1		
37	1	Item	660081	1	1	1000000				1	1		1						1			1	1	999			<i18n=30236>	<i18n=30237>	<i18n=30255>
38	1	Item	901	100	100	1000000				1			1		
39	1	Item	901	400	400	1000000				1			1		
40	1	YuanBao		150	150	1000000				1			1		
41	1	YuanBao		1000	1000	1000000				1	1		1						1			1	1	999			<i18n=30236>	<i18n=30237>	<i18n=30255>
42	1	YuanBao		5000	5000	1000000				1	1		1						1			1	1	999			<i18n=30236>	<i18n=30237>	<i18n=30255>
43	1	Item	506	4	4	1000000				1			1		
44	1	Item	3001	100	100	1000000				1			1		
45	1	Item	31577	1	1	1000000				1	1		1						1			1	1	999			<i18n=30236>	<i18n=30237>	<i18n=30255>
46	1	Item	3006	1	1	1000000				1			1		
47	1	Item	201	20	20	1000000				1			1		
48	1	Item	202	4	4	1000000				1			1		
49	1	Item	813	1	1	1000000				1			1		
50	1	Item	324	2	2	1000000				1			1		
51	1	Item	209	6	6	1000000				1			1		
52	1	Item	211	1	1	1000000				1			1		
53	1	Item	213	1	1	1000000				1	1		1						1			1	1	999			<i18n=35737>	<i18n=35716>	<i18n=35726>
54	1	Item	215	1	1	1000000				1	1		1						1			1	1	999			<i18n=35737>	<i18n=35716>	<i18n=35726>
55	1	Item	412	2	2	1000000				1			1		
56	1	Item	412	10	10	1000000				1			1		
57	1	Item	671649	1	1	1000000				1	1		1						1			1	1	999			<i18n=35737>	<i18n=35716>	<i18n=35726>
58	1	Item	901	100	100	1000000				1			1		
59	1	Item	901	400	400	1000000				1			1		
60	1	YuanBao		128	128	1000000				1			1		
61	1	YuanBao		1000	1000	1000000				1	1		1						1			1	1	999			<i18n=35737>	<i18n=35716>	<i18n=35726>
62	1	YuanBao		5000	5000	1000000				1	1		1						1			1	1	999			<i18n=35737>	<i18n=35716>	<i18n=35726>
63	1	Item	506	4	4	1000000				1			1		
64	1	Item	3001	100	100	1000000				1			1		
66	1	Item	3006	1	1	1000000				1			1		
67	1	Item	201	20	20	1000000				1			1		
68	1	Item	202	4	4	1000000				1			1		
69	1	Item	813	1	1	1000000				1			1		
69	2	Item	672147	1	1	1000000				1			1		
70	1	Item	324	2	2	1000000				1			1		
70	2	Item	672147	1	1	1000000				1			1		
71	1	Item	209	6	6	1000000				1			1		
71	2	Item	672147	1	1	1000000				1			1		
72	1	Item	213	1	1	1000000				1	1		1						1			1	1	999			<i18n=39491>	<i18n=39508>	<i18n=39510>
72	2	Item	672147	1	1	1000000				1			1		
73	1	Item	901	80	80	1000000				1			1		
73	2	Item	672147	1	1	1000000				1			1		
74	1	Item	201	15	15	1000000				1			1		
74	2	Item	672147	1	1	1000000				1			1		
75	1	Item	412	2	2	1000000				1			1		
75	2	Item	672147	1	1	1000000				1			1		
76	1	YuanBao		488	488	1000000				1			1		
76	2	Item	672147	1	1	1000000				1			1		
77	1	Item	3006	1	1	1000000				1			1		
77	2	Item	672147	1	1	1000000				1			1		
78	1	Item	671636	1	1	1000000				1	1		1						1			1	1	999			<i18n=39491>	<i18n=39508>	<i18n=39510>
78	2	Item	672147	1	1	1000000				1			1		
79	1	Item	31413	1	1	1000000				1			1		
79	2	Item	672147	1	1	1000000				1			1		
80	1	Item	31613	8	8	1000000				1			1		
80	2	Item	672147	1	1	1000000				1			1		
81	1	Item	33011	8	8	1000000				1			1		
81	2	Item	672147	1	1	1000000				1			1		
82	1	Item	671600	3	3	1000000				1			1		
82	2	Item	672147	1	1	1000000				1			1		
83	1	Item	35301	4	4	1000000				1			1		
83	2	Item	672147	1	1	1000000				1			1		
84	1	Item	31414	1	1	1000000				1			1		
84	2	Item	672147	1	1	1000000				1			1		
85	1	Item	31419	1	1	1000000				1			1		
85	2	Item	672147	1	1	1000000				1			1		
86	1	Item	671715	1	1	1000000				1			1		
86	2	Item	672147	1	1	1000000				1			1		
87	1	Item	813	1	1	1000000				1			1		
87	2	Item	672147	1	1	1000000				1			1		
88	1	Item	324	2	2	1000000				1			1		
88	2	Item	672147	1	1	1000000				1			1		
89	1	Item	209	8	8	1000000				1			1		
89	2	Item	672147	1	1	1000000				1			1		
90	1	Item	211	1	1	1000000				1			1		
90	2	Item	672147	1	1	1000000				1			1		
91	1	Item	213	1	1	1000000				1	1		1						1			1	1	999			<i18n=39491>	<i18n=39508>	<i18n=39510>
91	2	Item	672147	1	1	1000000				1			1		
92	1	Item	901	100	100	1000000				1			1		
92	2	Item	672147	1	1	1000000				1			1		
93	1	Item	201	20	20	1000000				1			1		
93	2	Item	672147	1	1	1000000				1			1		
94	1	Item	202	8	8	1000000				1			1		
94	2	Item	672147	1	1	1000000				1			1		
95	1	Item	412	2	2	1000000				1			1		
95	2	Item	672147	1	1	1000000				1			1		
96	1	YuanBao		488	488	1000000				1			1		
96	2	Item	672147	1	1	1000000				1			1		
97	1	Item	3006	1	1	1000000				1			1		
97	2	Item	672147	1	1	1000000				1			1		
98	1	Item	31001	10	10	1000000				1			1		
98	2	Item	672147	1	1	1000000				1			1		
99	1	Item	31413	1	1	1000000				1			1		
99	2	Item	672147	1	1	1000000				1			1		
100	1	Item	31613	10	10	1000000				1			1		
100	2	Item	672147	1	1	1000000				1			1		
101	1	Item	33011	10	10	1000000				1			1		
101	2	Item	672147	1	1	1000000				1			1		
102	1	Item	671600	4	4	1000000				1			1		
102	2	Item	672147	1	1	1000000				1			1		
103	1	Item	35301	5	5	1000000				1			1		
103	2	Item	672147	1	1	1000000				1			1		
104	1	Item	31414	1	1	1000000				1			1		
104	2	Item	672147	1	1	1000000				1			1		
105	1	Item	31419	1	1	1000000				1			1		
105	2	Item	672147	1	1	1000000				1			1		
106	1	Item	671715	1	1	1000000				1			1		
106	2	Item	672147	1	1	1000000				1			1		
129	1	Item	813	1	1	1000000				1			1		
129	2	Item	672147	1	1	1000000				1			1		
130	1	Item	324	2	2	1000000				1			1		
130	2	Item	672147	1	1	1000000				1			1		
131	1	Item	209	8	8	1000000				1			1		
131	2	Item	672147	1	1	1000000				1			1		
132	1	Item	211	1	1	1000000				1			1		
132	2	Item	672147	1	1	1000000				1			1		
133	1	Item	213	1	1	1000000				1	1		1						1			1	1	999			<i18n=46910>	<i18n=46919>	<i18n=46921>
133	2	Item	672147	1	1	1000000				1			1		
134	1	Item	214	1	1	1000000				1	1		1						1			1	1	999			<i18n=46910>	<i18n=46919>	<i18n=46921>
134	2	Item	672147	1	1	1000000				1			1		
135	1	Item	215	1	1	1000000				1	1		1						1			1	1	999			<i18n=46910>	<i18n=46919>	<i18n=46921>
135	2	Item	672147	1	1	1000000				1			1		
136	1	Item	901	100	100	1000000				1			1		
136	2	Item	672147	1	1	1000000				1			1		
137	1	Item	201	20	20	1000000				1			1		
137	2	Item	672147	1	1	1000000				1			1		
138	1	Item	202	8	8	1000000				1			1		
138	2	Item	672147	1	1	1000000				1			1		
139	1	Item	412	2	2	1000000				1			1		
139	2	Item	672147	1	1	1000000				1			1		
140	1	YuanBao		488	488	1000000				1			1		
140	2	Item	672147	1	1	1000000				1			1		
141	1	Item	3006	1	1	1000000				1			1		
141	2	Item	672147	1	1	1000000				1			1		
142	1	Item	31001	10	10	1000000				1			1		
142	2	Item	672147	1	1	1000000				1			1		
143	1	Item	31413	1	1	1000000				1	1		1						1			1	1	999			<i18n=46910>	<i18n=46919>	<i18n=46921>
143	2	Item	672147	1	1	1000000				1			1		
144	1	Item	31613	10	10	1000000				1			1		
144	2	Item	672147	1	1	1000000				1			1		
145	1	Item	33011	10	10	1000000				1			1		
145	2	Item	672147	1	1	1000000				1			1		
146	1	Item	671600	4	4	1000000				1			1		
146	2	Item	672147	1	1	1000000				1			1		
147	1	Item	35301	5	5	1000000				1			1		
147	2	Item	672147	1	1	1000000				1			1		
148	1	Item	31414	1	1	1000000				1	1		1						1			1	1	999			<i18n=46910>	<i18n=46919>	<i18n=46921>
148	2	Item	672147	1	1	1000000				1			1		
149	1	Item	31419	1	1	1000000				1	1		1						1			1	1	999			<i18n=46910>	<i18n=46919>	<i18n=46921>
149	2	Item	672147	1	1	1000000				1			1		
150	1	Item	671715	1	1	1000000	OpenLevel129	OpenLevel159		1	1		1						1			1	1	999			<i18n=46910>	<i18n=46919>	<i18n=46921>
150	2	Item	672147	1	1	1000000				1			1		
150	3	Item	671716	1	1	1000000	OpenLevel159			1	1		1						1			1	1	999			<i18n=46910>	<i18n=46919>	<i18n=46921>
151	1	Item	901	200	200	1000000				1			1		
151	2	Item	672147	1	1	1000000				1			1		
152	1	Item	3008	5	5	1000000				1			1		
152	2	Item	672147	1	1	1000000				1			1		
175	1	Item	813	1	1	1000000				1			1		
175	2	Item	672147	1	1	1000000				1			1		2024-09-26 03:59:59
176	1	Item	209	8	8	1000000				1			1
176	2	Item	672147	1	1	1000000				1			1		2024-09-26 03:59:59
177	1	Item	211	1	1	1000000				1			1
177	2	Item	672147	1	1	1000000				1			1		2024-09-26 03:59:59
178	1	Item	213	1	1	1000000				1	1		1						1			1	1	999			<i18n=49506>	<i18n=49466>	<i18n=49490>
178	2	Item	672147	1	1	1000000				1			1		2024-09-26 03:59:59
179	1	Item	214	1	1	1000000				1	1		1						1			1	1	999			<i18n=49506>	<i18n=49466>	<i18n=49490>
179	2	Item	672147	1	1	1000000				1			1		2024-09-26 03:59:59
180	1	Item	901	100	100	1000000				1			1
180	2	Item	672147	1	1	1000000				1			1		2024-09-26 03:59:59
181	1	Item	201	20	20	1000000				1			1
181	2	Item	672147	1	1	1000000				1			1		2024-09-26 03:59:59
182	1	Item	202	8	8	1000000				1			1
182	2	Item	672147	1	1	1000000				1			1		2024-09-26 03:59:59
183	1	Item	412	2	2	1000000				1			1
183	2	Item	672147	1	1	1000000				1			1		2024-09-26 03:59:59
184	1	YuanBao		488	488	1000000				1	1		1						1			1	1	999			<i18n=49506>	<i18n=49466>	<i18n=49490>
184	2	Item	672147	1	1	1000000				1			1		2024-09-26 03:59:59
185	1	Item	3006	1	1	1000000				1			1
185	2	Item	672147	1	1	1000000				1			1		2024-09-26 03:59:59
186	1	Item	31001	10	10	1000000				1			1
186	2	Item	672147	1	1	1000000				1			1		2024-09-26 03:59:59
187	1	Item	31413	1	1	1000000				1	1		1																<i18n=49490>
187	2	Item	672147	1	1	1000000				1			1		2024-09-26 03:59:59
188	1	Item	813	1	1	1000000				1			1		
188	2	Item	672147	1	1	1000000				1			1		2024-09-26 03:59:59
189	1	Item	324	2	2	1000000				1			1
189	2	Item	672147	1	1	1000000				1			1		2024-09-26 03:59:59
190	1	Item	209	8	8	1000000				1			1
190	2	Item	672147	1	1	1000000				1			1		2024-09-26 03:59:59
191	1	Item	211	1	1	1000000				1			1
191	2	Item	672147	1	1	1000000				1			1		2024-09-26 03:59:59
192	1	Item	213	1	1	1000000				1	1		1						1			1	1	999			<i18n=49506>	<i18n=49466>	<i18n=49490>
192	2	Item	672147	1	1	1000000				1			1		2024-09-26 03:59:59
193	1	Item	214	1	1	1000000				1	1		1						1			1	1	999			<i18n=49506>	<i18n=49466>	<i18n=49490>
193	2	Item	672147	1	1	1000000				1			1		2024-09-26 03:59:59
194	1	Item	901	100	100	1000000				1			1
194	2	Item	672147	1	1	1000000				1			1		2024-09-26 03:59:59
195	1	Item	201	20	20	1000000				1			1
195	2	Item	672147	1	1	1000000				1			1		2024-09-26 03:59:59
196	1	Item	202	8	8	1000000				1			1
196	2	Item	672147	1	1	1000000				1			1		2024-09-26 03:59:59
197	1	Item	412	2	2	1000000				1			1
197	2	Item	672147	1	1	1000000				1			1		2024-09-26 03:59:59
198	1	YuanBao		488	488	1000000				1	1		1						1			1	1	999			<i18n=49506>	<i18n=49466>	<i18n=49490>
198	2	Item	672147	1	1	1000000				1			1		2024-09-26 03:59:59
199	1	Item	3006	1	1	1000000				1			1
199	2	Item	672147	1	1	1000000				1			1		2024-09-26 03:59:59
200	1	Item	31001	10	10	1000000				1			1
200	2	Item	672147	1	1	1000000				1			1		2024-09-26 03:59:59
201	1	Item	31414	1	1	1000000				1	1		1																<i18n=49490>
201	2	Item	672147	1	1	1000000				1			1		2024-09-26 03:59:59
202	1	Item	31613	10	10	1000000				1			1
202	2	Item	672147	1	1	1000000				1			1		2024-09-26 03:59:59
203	1	Item	813	1	1	1000000				1			1		
203	2	Item	672147	1	1	1000000				1			1		2024-09-26 03:59:59
204	1	Item	324	2	2	1000000				1			1
204	2	Item	672147	1	1	1000000				1			1		2024-09-26 03:59:59
205	1	Item	209	8	8	1000000				1			1
205	2	Item	672147	1	1	1000000				1			1		2024-09-26 03:59:59
206	1	Item	211	1	1	1000000				1			1
206	2	Item	672147	1	1	1000000				1			1		2024-09-26 03:59:59
207	1	Item	213	1	1	1000000				1	1		1						1			1	1	999			<i18n=49506>	<i18n=49466>	<i18n=49490>
207	2	Item	672147	1	1	1000000				1			1		2024-09-26 03:59:59
208	1	Item	214	1	1	1000000				1	1		1						1			1	1	999			<i18n=49506>	<i18n=49466>	<i18n=49490>
208	2	Item	672147	1	1	1000000				1			1		2024-09-26 03:59:59
209	1	Item	901	100	100	1000000				1			1
209	2	Item	672147	1	1	1000000				1			1		2024-09-26 03:59:59
210	1	Item	202	8	8	1000000				1			1
210	2	Item	672147	1	1	1000000				1			1		2024-09-26 03:59:59
211	1	Item	412	2	2	1000000				1			1
211	2	Item	672147	1	1	1000000				1			1		2024-09-26 03:59:59
212	1	YuanBao		488	488	1000000				1	1		1						1			1	1	999			<i18n=49506>	<i18n=49466>	<i18n=49490>
212	2	Item	672147	1	1	1000000				1			1		2024-09-26 03:59:59
213	1	Item	3006	1	1	1000000				1			1
213	2	Item	672147	1	1	1000000				1			1		2024-09-26 03:59:59
214	1	Item	31001	10	10	1000000				1			1
214	2	Item	672147	1	1	1000000				1			1		2024-09-26 03:59:59
215	1	Item	31419	1	1	1000000				1	1		1																<i18n=49490>
215	2	Item	672147	1	1	1000000				1			1		2024-09-26 03:59:59
216	1	Item	31613	10	10	1000000				1			1
216	2	Item	672147	1	1	1000000				1			1		2024-09-26 03:59:59
217	1	Item	33011	10	10	1000000				1			1
217	2	Item	672147	1	1	1000000				1			1		2024-09-26 03:59:59
218	1	Item	813	1	1	1000000				1			1		
218	2	Item	672147	1	1	1000000				1			1		2024-09-26 03:59:59
219	1	Item	324	2	2	1000000				1			1
219	2	Item	672147	1	1	1000000				1			1		2024-09-26 03:59:59
220	1	Item	211	1	1	1000000				1			1
220	2	Item	672147	1	1	1000000				1			1		2024-09-26 03:59:59
221	1	Item	213	1	1	1000000				1	1		1						1			1	1	999			<i18n=49506>	<i18n=49466>	<i18n=49490>
221	2	Item	672147	1	1	1000000				1			1		2024-09-26 03:59:59
222	1	Item	215	1	1	1000000				1	1		1						1			1	1	999			<i18n=49506>	<i18n=49466>	<i18n=49490>
222	2	Item	672147	1	1	1000000				1			1		2024-09-26 03:59:59
223	1	Item	901	200	200	1000000				1			1
223	2	Item	672147	1	1	1000000				1			1		2024-09-26 03:59:59
224	1	Item	202	8	8	1000000				1			1
224	2	Item	672147	1	1	1000000				1			1		2024-09-26 03:59:59
225	1	Item	412	2	2	1000000				1			1
225	2	Item	672147	1	1	1000000				1			1		2024-09-26 03:59:59
226	1	YuanBao		488	488	1000000				1	1		1						1			1	1	999			<i18n=49506>	<i18n=49466>	<i18n=49490>
226	2	Item	672147	1	1	1000000				1			1		2024-09-26 03:59:59
227	1	Item	3006	1	1	1000000				1			1
227	2	Item	672147	1	1	1000000				1			1		2024-09-26 03:59:59
228	1	Item	671715	1	1	1000000				1	1		1																<i18n=49490>
228	2	Item	672147	1	1	1000000				1			1		2024-09-26 03:59:59
229	1	Item	31613	10	10	1000000				1			1
229	2	Item	672147	1	1	1000000				1			1		2024-09-26 03:59:59
230	1	Item	33011	10	10	1000000				1			1
230	2	Item	672147	1	1	1000000				1			1		2024-09-26 03:59:59
231	1	Item	671600	4	4	1000000				1			1
231	2	Item	672147	1	1	1000000				1			1		2024-09-26 03:59:59
232	1	Item	35299	1	1	1000000				1			1
232	2	Item	672147	1	1	1000000				1			1		2024-09-26 03:59:59
233	1	Item	3008	5	5	1000000				1			1
233	2	Item	672147	1	1	1000000				1			1		2024-09-26 03:59:59
234	1	Item	813	1	1	1000000				1			1		
234	2	Item	672147	1	1	1000000				1			1		2024-09-26 03:59:59
235	1	Item	324	2	2	1000000				1			1
235	2	Item	672147	1	1	1000000				1			1		2024-09-26 03:59:59
236	1	Item	211	1	1	1000000				1			1
236	2	Item	672147	1	1	1000000				1			1		2024-09-26 03:59:59
237	1	Item	213	1	1	1000000				1	1		1						1			1	1	999			<i18n=49506>	<i18n=49466>	<i18n=49490>
237	2	Item	672147	1	1	1000000				1			1		2024-09-26 03:59:59
238	1	Item	215	1	1	1000000				1	1		1						1			1	1	999			<i18n=49506>	<i18n=49466>	<i18n=49490>
238	2	Item	672147	1	1	1000000				1			1		2024-09-26 03:59:59
239	1	Item	901	200	200	1000000				1			1
239	2	Item	672147	1	1	1000000				1			1		2024-09-26 03:59:59
240	1	Item	202	8	8	1000000				1			1
240	2	Item	672147	1	1	1000000				1			1		2024-09-26 03:59:59
241	1	Item	412	2	2	1000000				1			1
241	2	Item	672147	1	1	1000000				1			1		2024-09-26 03:59:59
242	1	YuanBao		488	488	1000000				1	1		1						1			1	1	999			<i18n=49506>	<i18n=49466>	<i18n=49490>
242	2	Item	672147	1	1	1000000				1			1		2024-09-26 03:59:59
243	1	Item	3006	1	1	1000000				1			1
243	2	Item	672147	1	1	1000000				1			1		2024-09-26 03:59:59
244	1	Item	671716	1	1	1000000				1	1		1																<i18n=49490>
244	2	Item	672147	1	1	1000000				1			1		2024-09-26 03:59:59
245	1	Item	31613	10	10	1000000				1			1
245	2	Item	672147	1	1	1000000				1			1		2024-09-26 03:59:59
246	1	Item	33011	10	10	1000000				1			1
246	2	Item	672147	1	1	1000000				1			1		2024-09-26 03:59:59
247	1	Item	671600	4	4	1000000				1			1
247	2	Item	672147	1	1	1000000				1			1		2024-09-26 03:59:59
248	1	Item	35299	1	1	1000000				1			1
248	2	Item	672147	1	1	1000000				1			1		2024-09-26 03:59:59
249	1	Item	3008	5	5	1000000				1			1
249	2	Item	672147	1	1	1000000				1			1		2024-09-26 03:59:59
250	1	Item	35595	1	1	1000000				1	1		1						1			1	1	999			<i18n=49587>	<i18n=49592>	<i18n=49594>
276	1	Item	813	1	1	1000000				1			1		
276	2	Item	672147	1	1	1000000				1			1		2024-11-18 03:59:59
277	1	Item	209	8	8	1000000				1			1		
277	2	Item	672147	1	1	1000000				1			1		2024-11-18 03:59:59
278	1	Item	211	1	1	1000000				1			1		
278	2	Item	672147	1	1	1000000				1			1		2024-11-18 03:59:59
279	1	Item	213	1	1	1000000				1	1		1						1			1	1	999			<i18n=52882>	<i18n=52874>	<i18n=52873>
279	2	Item	672147	1	1	1000000				1			1		2024-11-18 03:59:59
280	1	Item	214	1	1	1000000				1	1		1						1			1	1	999			<i18n=52882>	<i18n=52874>	<i18n=52873>
280	2	Item	672147	1	1	1000000				1			1		2024-11-18 03:59:59
281	1	Item	901	100	100	1000000				1			1		
281	2	Item	672147	1	1	1000000				1			1		2024-11-18 03:59:59
282	1	Item	201	20	20	1000000				1			1		
282	2	Item	672147	1	1	1000000				1			1		2024-11-18 03:59:59
283	1	Item	202	8	8	1000000				1			1		
283	2	Item	672147	1	1	1000000				1			1		2024-11-18 03:59:59
284	1	Item	412	2	2	1000000				1			1		
284	2	Item	672147	1	1	1000000				1			1		2024-11-18 03:59:59
285	1	YuanBao		488	488	1000000				1	1		1						1			1	1	999			<i18n=52882>	<i18n=52874>	<i18n=52873>
285	2	Item	672147	1	1	1000000				1			1		2024-11-18 03:59:59
286	1	Item	3006	1	1	1000000				1			1		
286	2	Item	672147	1	1	1000000				1			1		2024-11-18 03:59:59
287	1	Item	31001	10	10	1000000				1			1		
287	2	Item	672147	1	1	1000000				1			1		2024-11-18 03:59:59
288	1	Item	31413	1	1	1000000				1	1		1																<i18n=52873>
288	2	Item	672147	1	1	1000000				1			1		2024-11-18 03:59:59
289	1	Item	813	1	1	1000000				1			1		
289	2	Item	672147	1	1	1000000				1			1		2024-11-18 03:59:59
290	1	Item	324	2	2	1000000				1			1		
290	2	Item	672147	1	1	1000000				1			1		2024-11-18 03:59:59
291	1	Item	209	8	8	1000000				1			1		
291	2	Item	672147	1	1	1000000				1			1		2024-11-18 03:59:59
292	1	Item	211	1	1	1000000				1			1		
292	2	Item	672147	1	1	1000000				1			1		2024-11-18 03:59:59
293	1	Item	213	1	1	1000000				1	1		1						1			1	1	999			<i18n=52882>	<i18n=52874>	<i18n=52873>
293	2	Item	672147	1	1	1000000				1			1		2024-11-18 03:59:59
294	1	Item	214	1	1	1000000				1	1		1						1			1	1	999			<i18n=52882>	<i18n=52874>	<i18n=52873>
294	2	Item	672147	1	1	1000000				1			1		2024-11-18 03:59:59
295	1	Item	901	100	100	1000000				1			1		
295	2	Item	672147	1	1	1000000				1			1		2024-11-18 03:59:59
296	1	Item	201	20	20	1000000				1			1		
296	2	Item	672147	1	1	1000000				1			1		2024-11-18 03:59:59
297	1	Item	202	8	8	1000000				1			1		
297	2	Item	672147	1	1	1000000				1			1		2024-11-18 03:59:59
298	1	Item	412	2	2	1000000				1			1		
298	2	Item	672147	1	1	1000000				1			1		2024-11-18 03:59:59
299	1	YuanBao		488	488	1000000				1	1		1						1			1	1	999			<i18n=52882>	<i18n=52874>	<i18n=52873>
299	2	Item	672147	1	1	1000000				1			1		2024-11-18 03:59:59
300	1	Item	3006	1	1	1000000				1			1		
300	2	Item	672147	1	1	1000000				1			1		2024-11-18 03:59:59
301	1	Item	31001	10	10	1000000				1			1		
301	2	Item	672147	1	1	1000000				1			1		2024-11-18 03:59:59
302	1	Item	31414	1	1	1000000				1	1		1																<i18n=52873>
302	2	Item	672147	1	1	1000000				1			1		2024-11-18 03:59:59
303	1	Item	31613	10	10	1000000				1			1		
303	2	Item	672147	1	1	1000000				1			1		2024-11-18 03:59:59
304	1	Item	813	1	1	1000000				1			1		
304	2	Item	672147	1	1	1000000				1			1		2024-11-18 03:59:59
305	1	Item	324	2	2	1000000				1			1		
305	2	Item	672147	1	1	1000000				1			1		2024-11-18 03:59:59
306	1	Item	209	8	8	1000000				1			1		
306	2	Item	672147	1	1	1000000				1			1		2024-11-18 03:59:59
307	1	Item	211	1	1	1000000				1			1		
307	2	Item	672147	1	1	1000000				1			1		2024-11-18 03:59:59
308	1	Item	213	1	1	1000000				1	1		1						1			1	1	999			<i18n=52882>	<i18n=52874>	<i18n=52873>
308	2	Item	672147	1	1	1000000				1			1		2024-11-18 03:59:59
309	1	Item	214	1	1	1000000				1	1		1						1			1	1	999			<i18n=52882>	<i18n=52874>	<i18n=52873>
309	2	Item	672147	1	1	1000000				1			1		2024-11-18 03:59:59
310	1	Item	901	100	100	1000000				1			1		
310	2	Item	672147	1	1	1000000				1			1		2024-11-18 03:59:59
311	1	Item	202	8	8	1000000				1			1		
311	2	Item	672147	1	1	1000000				1			1		2024-11-18 03:59:59
312	1	Item	412	2	2	1000000				1			1		
312	2	Item	672147	1	1	1000000				1			1		2024-11-18 03:59:59
313	1	YuanBao		488	488	1000000				1	1		1						1			1	1	999			<i18n=52882>	<i18n=52874>	<i18n=52873>
313	2	Item	672147	1	1	1000000				1			1		2024-11-18 03:59:59
314	1	Item	3006	1	1	1000000				1			1		
314	2	Item	672147	1	1	1000000				1			1		2024-11-18 03:59:59
315	1	Item	31001	10	10	1000000				1			1		
315	2	Item	672147	1	1	1000000				1			1		2024-11-18 03:59:59
316	1	Item	31419	1	1	1000000				1	1		1																<i18n=52873>
316	2	Item	672147	1	1	1000000				1			1		2024-11-18 03:59:59
317	1	Item	31613	10	10	1000000				1			1		
317	2	Item	672147	1	1	1000000				1			1		2024-11-18 03:59:59
318	1	Item	33011	10	10	1000000				1			1		
318	2	Item	672147	1	1	1000000				1			1		2024-11-18 03:59:59
321	1	Item	211	1	1	1000000				1			1		
321	2	Item	672147	1	1	1000000				1			1		2024-11-18 03:59:59
322	1	Item	213	1	1	1000000				1	1		1						1			1	1	999			<i18n=52882>	<i18n=52874>	<i18n=52873>
322	2	Item	672147	1	1	1000000				1			1		2024-11-18 03:59:59
323	1	YuanBao		9999	9999	1000000				1	1		1						1			1	1	999			<i18n=52882>	<i18n=52874>	<i18n=52873>
323	2	Item	672147	1	1	1000000				1			1		2024-11-18 03:59:59
324	1	Item	901	200	200	1000000				1			1		
324	2	Item	672147	1	1	1000000				1			1		2024-11-18 03:59:59
325	1	Item	202	8	8	1000000				1			1		
325	2	Item	672147	1	1	1000000				1			1		2024-11-18 03:59:59
326	1	Item	412	2	2	1000000				1			1		
326	2	Item	672147	1	1	1000000				1			1		2024-11-18 03:59:59
327	1	YuanBao		488	488	1000000				1	1		1						1			1	1	999			<i18n=52882>	<i18n=52874>	<i18n=52873>
327	2	Item	672147	1	1	1000000				1			1		2024-11-18 03:59:59
328	1	Item	3006	1	1	1000000				1			1		
328	2	Item	672147	1	1	1000000				1			1		2024-11-18 03:59:59
329	1	Item	671715	1	1	1000000				1	1		1																<i18n=52873>
329	2	Item	672147	1	1	1000000				1			1		2024-11-18 03:59:59
330	1	Item	31613	10	10	1000000				1			1		
330	2	Item	672147	1	1	1000000				1			1		2024-11-18 03:59:59
331	1	Item	33011	10	10	1000000				1			1		
331	2	Item	672147	1	1	1000000				1			1		2024-11-18 03:59:59
332	1	Item	671600	4	4	1000000				1			1		
332	2	Item	672147	1	1	1000000				1			1		2024-11-18 03:59:59
333	1	Item	35299	1	1	1000000				1			1		
333	2	Item	672147	1	1	1000000				1			1		2024-11-18 03:59:59
334	1	Item	3014	2	2	1000000				1			1		
334	2	Item	672147	1	1	1000000				1			1		2024-11-18 03:59:59
337	1	Item	211	1	1	1000000				1			1		
337	2	Item	672147	1	1	1000000				1			1		2024-11-18 03:59:59
338	1	Item	213	1	1	1000000				1	1		1						1			1	1	999			<i18n=52882>	<i18n=52874>	<i18n=52873>
338	2	Item	672147	1	1	1000000				1			1		2024-11-18 03:59:59
339	1	YuanBao		9999	9999	1000000				1	1		1						1			1	1	999			<i18n=52882>	<i18n=52874>	<i18n=52873>
339	2	Item	672147	1	1	1000000				1			1		2024-11-18 03:59:59
340	1	Item	901	200	200	1000000				1			1		
340	2	Item	672147	1	1	1000000				1			1		2024-11-18 03:59:59
341	1	Item	202	8	8	1000000				1			1		
341	2	Item	672147	1	1	1000000				1			1		2024-11-18 03:59:59
342	1	Item	412	2	2	1000000				1			1		
342	2	Item	672147	1	1	1000000				1			1		2024-11-18 03:59:59
343	1	YuanBao		488	488	1000000				1	1		1						1			1	1	999			<i18n=52882>	<i18n=52874>	<i18n=52873>
343	2	Item	672147	1	1	1000000				1			1		2024-11-18 03:59:59
344	1	Item	3006	1	1	1000000				1			1		
344	2	Item	672147	1	1	1000000				1			1		2024-11-18 03:59:59
345	1	Item	671716	1	1	1000000				1	1		1																<i18n=52873>
345	2	Item	672147	1	1	1000000				1			1		2024-11-18 03:59:59
346	1	Item	31613	10	10	1000000				1			1		
346	2	Item	672147	1	1	1000000				1			1		2024-11-18 03:59:59
347	1	Item	33011	10	10	1000000				1			1		
347	2	Item	672147	1	1	1000000				1			1		2024-11-18 03:59:59
348	1	Item	671600	4	4	1000000				1			1		
348	2	Item	672147	1	1	1000000				1			1		2024-11-18 03:59:59
349	1	Item	35299	1	1	1000000				1			1		
349	2	Item	672147	1	1	1000000				1			1		2024-11-18 03:59:59
350	1	Item	3014	2	2	1000000				1			1		
350	2	Item	672147	1	1	1000000				1			1		2024-11-18 03:59:59
351	1	Item	672943	1	1	1000000				1	1		1						1			1	1	999			<i18n=52884>	<i18n=52878>	<i18n=52881>
366	1	Item	813	1	1	1000000				1			1		
366	2	Item	672147	1	1	1000000				1			1		2025-01-06 03:59:59
367	1	Item	209	8	8	1000000				1			1		
367	2	Item	672147	1	1	1000000				1			1		2025-01-06 03:59:59
368	1	Item	211	1	1	1000000				1			1		
368	2	Item	672147	1	1	1000000				1			1		2025-01-06 03:59:59
369	1	Item	213	1	1	1000000				1	1		1						1			1	1	999			<i18n=55952>	<i18n=55964>	<i18n=55992>
369	2	Item	672147	1	1	1000000				1			1		2025-01-06 03:59:59
370	1	Item	214	1	1	1000000				1	1		1						1			1	1	999			<i18n=55952>	<i18n=55964>	<i18n=55992>
370	2	Item	672147	1	1	1000000				1			1		2025-01-06 03:59:59
371	1	Item	901	100	100	1000000				1			1		
371	2	Item	672147	1	1	1000000				1			1		2025-01-06 03:59:59
372	1	Item	201	20	20	1000000				1			1		
372	2	Item	672147	1	1	1000000				1			1		2025-01-06 03:59:59
373	1	Item	202	8	8	1000000				1			1		
373	2	Item	672147	1	1	1000000				1			1		2025-01-06 03:59:59
374	1	Item	412	2	2	1000000				1			1		
374	2	Item	672147	1	1	1000000				1			1		2025-01-06 03:59:59
375	1	YuanBao		488	488	1000000				1	1		1						1			1	1	999			<i18n=55952>	<i18n=55964>	<i18n=55992>
375	2	Item	672147	1	1	1000000				1			1		2025-01-06 03:59:59
376	1	Item	3006	1	1	1000000				1			1		
376	2	Item	672147	1	1	1000000				1			1		2025-01-06 03:59:59
377	1	Item	31001	10	10	1000000				1			1		
377	2	Item	672147	1	1	1000000				1			1		2025-01-06 03:59:59
378	1	Item	31413	1	1	1000000				1	1		1																<i18n=55992>
378	2	Item	672147	1	1	1000000				1			1		2025-01-06 03:59:59
379	1	Item	813	1	1	1000000				1			1		
379	2	Item	672147	1	1	1000000				1			1		2025-01-06 03:59:59
380	1	Item	324	2	2	1000000				1			1		
380	2	Item	672147	1	1	1000000				1			1		2025-01-06 03:59:59
381	1	Item	209	8	8	1000000				1			1		
381	2	Item	672147	1	1	1000000				1			1		2025-01-06 03:59:59
382	1	Item	211	1	1	1000000				1			1		
382	2	Item	672147	1	1	1000000				1			1		2025-01-06 03:59:59
383	1	Item	213	1	1	1000000				1	1		1						1			1	1	999			<i18n=55952>	<i18n=55964>	<i18n=55992>
383	2	Item	672147	1	1	1000000				1			1		2025-01-06 03:59:59
384	1	Item	214	1	1	1000000				1	1		1						1			1	1	999			<i18n=55952>	<i18n=55964>	<i18n=55992>
384	2	Item	672147	1	1	1000000				1			1		2025-01-06 03:59:59
385	1	Item	901	100	100	1000000				1			1		
385	2	Item	672147	1	1	1000000				1			1		2025-01-06 03:59:59
386	1	Item	201	20	20	1000000				1			1		
386	2	Item	672147	1	1	1000000				1			1		2025-01-06 03:59:59
387	1	Item	202	8	8	1000000				1			1		
387	2	Item	672147	1	1	1000000				1			1		2025-01-06 03:59:59
388	1	Item	412	2	2	1000000				1			1		
388	2	Item	672147	1	1	1000000				1			1		2025-01-06 03:59:59
389	1	YuanBao		488	488	1000000				1	1		1						1			1	1	999			<i18n=55952>	<i18n=55964>	<i18n=55992>
389	2	Item	672147	1	1	1000000				1			1		2025-01-06 03:59:59
390	1	Item	3006	1	1	1000000				1			1		
390	2	Item	672147	1	1	1000000				1			1		2025-01-06 03:59:59
391	1	Item	31001	10	10	1000000				1			1		
391	2	Item	672147	1	1	1000000				1			1		2025-01-06 03:59:59
392	1	Item	31414	1	1	1000000				1	1		1																<i18n=55992>
392	2	Item	672147	1	1	1000000				1			1		2025-01-06 03:59:59
393	1	Item	31613	10	10	1000000				1			1		
393	2	Item	672147	1	1	1000000				1			1		2025-01-06 03:59:59
394	1	Item	813	1	1	1000000				1			1		
394	2	Item	672147	1	1	1000000				1			1		2025-01-06 03:59:59
395	1	Item	324	2	2	1000000				1			1		
395	2	Item	672147	1	1	1000000				1			1		2025-01-06 03:59:59
396	1	Item	209	8	8	1000000				1			1		
396	2	Item	672147	1	1	1000000				1			1		2025-01-06 03:59:59
397	1	Item	211	1	1	1000000				1			1		
397	2	Item	672147	1	1	1000000				1			1		2025-01-06 03:59:59
398	1	Item	213	1	1	1000000				1	1		1						1			1	1	999			<i18n=55952>	<i18n=55964>	<i18n=55992>
398	2	Item	672147	1	1	1000000				1			1		2025-01-06 03:59:59
399	1	Item	214	1	1	1000000				1	1		1						1			1	1	999			<i18n=55952>	<i18n=55964>	<i18n=55992>
399	2	Item	672147	1	1	1000000				1			1		2025-01-06 03:59:59
400	1	Item	901	100	100	1000000				1			1		
400	2	Item	672147	1	1	1000000				1			1		2025-01-06 03:59:59
401	1	Item	202	8	8	1000000				1			1		
401	2	Item	672147	1	1	1000000				1			1		2025-01-06 03:59:59
402	1	Item	412	2	2	1000000				1			1		
402	2	Item	672147	1	1	1000000				1			1		2025-01-06 03:59:59
403	1	YuanBao		488	488	1000000				1	1		1						1			1	1	999			<i18n=55952>	<i18n=55964>	<i18n=55992>
403	2	Item	672147	1	1	1000000				1			1		2025-01-06 03:59:59
404	1	Item	3006	1	1	1000000				1			1		
404	2	Item	672147	1	1	1000000				1			1		2025-01-06 03:59:59
405	1	Item	31001	10	10	1000000				1			1		
405	2	Item	672147	1	1	1000000				1			1		2025-01-06 03:59:59
406	1	Item	31419	1	1	1000000				1	1		1																<i18n=55992>
406	2	Item	672147	1	1	1000000				1			1		2025-01-06 03:59:59
407	1	Item	31613	10	10	1000000				1			1		
407	2	Item	672147	1	1	1000000				1			1		2025-01-06 03:59:59
408	1	Item	33011	10	10	1000000				1			1		
408	2	Item	672147	1	1	1000000				1			1		2025-01-06 03:59:59
409	1	Item	211	1	1	1000000				1			1		
409	2	Item	672147	1	1	1000000				1			1		2025-01-06 03:59:59
410	1	Item	213	1	1	1000000				1	1		1						1			1	1	999			<i18n=55952>	<i18n=55964>	<i18n=55992>
410	2	Item	672147	1	1	1000000				1			1		2025-01-06 03:59:59
411	1	YuanBao		9999	9999	1000000				1	1		1						1			1	1	999			<i18n=55952>	<i18n=55964>	<i18n=55992>
411	2	Item	672147	1	1	1000000				1			1		2025-01-06 03:59:59
412	1	Item	901	200	200	1000000				1			1		
412	2	Item	672147	1	1	1000000				1			1		2025-01-06 03:59:59
413	1	Item	412	2	2	1000000				1			1		
413	2	Item	672147	1	1	1000000				1			1		2025-01-06 03:59:59
414	1	YuanBao		488	488	1000000				1	1		1						1			1	1	999			<i18n=55952>	<i18n=55964>	<i18n=55992>
414	2	Item	672147	1	1	1000000				1			1		2025-01-06 03:59:59
415	1	Item	3006	1	1	1000000				1			1		
415	2	Item	672147	1	1	1000000				1			1		2025-01-06 03:59:59
416	1	Item	671715	1	1	1000000				1	1		1																<i18n=55992>
416	2	Item	672147	1	1	1000000				1			1		2025-01-06 03:59:59
417	1	Item	31613	10	10	1000000				1			1		
417	2	Item	672147	1	1	1000000				1			1		2025-01-06 03:59:59
418	1	Item	33011	10	10	1000000				1			1		
418	2	Item	672147	1	1	1000000				1			1		2025-01-06 03:59:59
419	1	Item	33013	5	5	1000000				1			1		
419	2	Item	672147	1	1	1000000				1			1		2025-01-06 03:59:59
420	1	Item	671600	4	4	1000000				1			1		
420	2	Item	672147	1	1	1000000				1			1		2025-01-06 03:59:59
421	1	Item	35299	1	1	1000000				1			1		
421	2	Item	672147	1	1	1000000				1			1		2025-01-06 03:59:59
422	1	Item	19999	5	5	1000000				1			1		
422	2	Item	672147	1	1	1000000				1			1		2025-01-06 03:59:59
423	1	Item	3014	2	2	1000000				1			1		
423	2	Item	672147	1	1	1000000				1			1		2025-01-06 03:59:59
424	1	Item	211	1	1	1000000				1			1		
424	2	Item	672147	1	1	1000000				1			1		2025-01-06 03:59:59
425	1	Item	213	1	1	1000000				1	1		1						1			1	1	999			<i18n=55952>	<i18n=55964>	<i18n=55992>
425	2	Item	672147	1	1	1000000				1			1		2025-01-06 03:59:59
426	1	YuanBao		9999	9999	1000000				1	1		1						1			1	1	999			<i18n=55952>	<i18n=55964>	<i18n=55992>
426	2	Item	672147	1	1	1000000				1			1		2025-01-06 03:59:59
427	1	Item	901	200	200	1000000				1			1		
427	2	Item	672147	1	1	1000000				1			1		2025-01-06 03:59:59
428	1	YuanBao		488	488	1000000				1	1		1						1			1	1	999			<i18n=55952>	<i18n=55964>	<i18n=55992>
428	2	Item	672147	1	1	1000000				1			1		2025-01-06 03:59:59
429	1	Item	3006	1	1	1000000				1			1		
429	2	Item	672147	1	1	1000000				1			1		2025-01-06 03:59:59
430	1	Item	671716	1	1	1000000				1	1		1																<i18n=55992>
430	2	Item	672147	1	1	1000000				1			1		2025-01-06 03:59:59
431	1	Item	31613	10	10	1000000				1			1		
431	2	Item	672147	1	1	1000000				1			1		2025-01-06 03:59:59
432	1	Item	33011	10	10	1000000				1			1		
432	2	Item	672147	1	1	1000000				1			1		2025-01-06 03:59:59
433	1	Item	33013	5	5	1000000				1			1		
433	2	Item	672147	1	1	1000000				1			1		2025-01-06 03:59:59
434	1	Item	671600	4	4	1000000				1			1		
434	2	Item	672147	1	1	1000000				1			1		2025-01-06 03:59:59
435	1	Item	35299	1	1	1000000				1			1		
435	2	Item	672147	1	1	1000000				1			1		2025-01-06 03:59:59
436	1	Item	19999	5	5	1000000				1			1		
436	2	Item	672147	1	1	1000000				1			1		2025-01-06 03:59:59
437	1	Item	3014	2	2	1000000				1			1		
437	2	Item	672147	1	1	1000000				1			1		2025-01-06 03:59:59
438	1	Item	673317	1	1	1000000				1	1		1						1			1	1	999			<i18n=88741>	<i18n=88736>	<i18n=88738>
453	1	Item	813	1	1	1000000				1			1		
453	2	Item	672147	1	1	1000000				1			1		2025-02-24 03:59:59
454	1	Item	324	2	2	1000000				1			1		
454	2	Item	672147	1	1	1000000				1			1		2025-02-24 03:59:59
455	1	Item	209	8	8	1000000				1			1		
455	2	Item	672147	1	1	1000000				1			1		2025-02-24 03:59:59
456	1	Item	211	1	1	1000000				1			1		
456	2	Item	672147	1	1	1000000				1			1		2025-02-24 03:59:59
457	1	Item	213	1	1	1000000				1	1		1						1			1	1	999			<i18n=56966>	<i18n=56967>	<i18n=56970>
457	2	Item	672147	1	1	1000000				1			1		2025-02-24 03:59:59
458	1	Item	214	1	1	1000000				1	1		1						1			1	1	999			<i18n=56966>	<i18n=56967>	<i18n=56970>
458	2	Item	672147	1	1	1000000				1			1		2025-02-24 03:59:59
459	1	YuanBao		9999	9999	1000000				1	1		1						1			1	1	999			<i18n=56966>	<i18n=56967>	<i18n=56970>
459	2	Item	672147	1	1	1000000				1			1		2025-02-24 03:59:59
460	1	Item	901	100	100	1000000				1			1		
460	2	Item	672147	1	1	1000000				1			1		2025-02-24 03:59:59
461	1	Item	901	200	200	1000000				1			1		
461	2	Item	672147	1	1	1000000				1			1		2025-02-24 03:59:59
462	1	Item	201	20	20	1000000				1			1		
462	2	Item	672147	1	1	1000000				1			1		2025-02-24 03:59:59
463	1	Item	202	8	8	1000000				1			1		
463	2	Item	672147	1	1	1000000				1			1		2025-02-24 03:59:59
464	1	Item	412	2	2	1000000				1			1		
464	2	Item	672147	1	1	1000000				1			1		2025-02-24 03:59:59
465	1	YuanBao		488	488	1000000				1	1		1						1			1	1	999			<i18n=56966>	<i18n=56967>	<i18n=56970>
465	2	Item	672147	1	1	1000000				1			1		2025-02-24 03:59:59
466	1	Item	3006	1	1	1000000				1			1		
466	2	Item	672147	1	1	1000000				1			1		2025-02-24 03:59:59
467	1	Item	31001	10	10	1000000				1			1		
467	2	Item	672147	1	1	1000000				1			1		2025-02-24 03:59:59
468	1	Item	31413	1	1	1000000				1	1		1																<i18n=56970>
468	2	Item	672147	1	1	1000000				1			1		2025-02-24 03:59:59
469	1	Item	31414	1	1	1000000				1	1		1																<i18n=56970>
469	2	Item	672147	1	1	1000000				1			1		2025-02-24 03:59:59
470	1	Item	31419	1	1	1000000				1	1		1																<i18n=56970>
470	2	Item	672147	1	1	1000000				1			1		2025-02-24 03:59:59
471	1	Item	671715	1	1	1000000				1	1		1																<i18n=56970>
471	2	Item	672147	1	1	1000000				1			1		2025-02-24 03:59:59
472	1	Item	671716	1	1	1000000				1	1		1																<i18n=56970>
472	2	Item	672147	1	1	1000000				1			1		2025-02-24 03:59:59
473	1	Item	671717	1	1	1000000				1	1		1																<i18n=56970>
473	2	Item	672147	1	1	1000000				1			1		2025-02-24 03:59:59
474	1	Item	31613	10	10	1000000				1			1		
474	2	Item	672147	1	1	1000000				1			1		2025-02-24 03:59:59
475	1	Item	33011	10	10	1000000				1			1		
475	2	Item	672147	1	1	1000000				1			1		2025-02-24 03:59:59
476	1	Item	33013	5	5	1000000				1			1		
476	2	Item	672147	1	1	1000000				1			1		2025-02-24 03:59:59
477	1	Item	671600	4	4	1000000				1			1		
477	2	Item	672147	1	1	1000000				1			1		2025-02-24 03:59:59
478	1	Item	35299	1	1	1000000				1			1		
478	2	Item	672147	1	1	1000000				1			1		2025-02-24 03:59:59
479	1	Item	19999	5	5	1000000				1			1		
479	2	Item	672147	1	1	1000000				1			1		2025-02-24 03:59:59
480	1	Item	3014	2	2	1000000				1			1		
480	2	Item	672147	1	1	1000000				1			1		2025-02-24 03:59:59
481	1	Item	673317	1	1	1000000				1			1						1			1	1	999			<i18n=67887>	<i18n=67884>	<i18n=67885>
482	1	Item	813	1	1	1000000				1			1		
482	2	Item	672147	1	1	1000000				1			1		2025-06-02 03:59:59
483	1	Item	324	2	2	1000000				1			1		
483	2	Item	672147	1	1	1000000				1			1		2025-06-02 03:59:59
484	1	Item	209	8	8	1000000				1			1		
484	2	Item	672147	1	1	1000000				1			1		2025-06-02 03:59:59
485	1	Item	211	1	1	1000000				1			1		
485	2	Item	672147	1	1	1000000				1			1		2025-06-02 03:59:59
486	1	Item	213	1	1	1000000				1	1		1						1			1	1	999			<i18n=67842>	<i18n=67844>	<i18n=67843>
486	2	Item	672147	1	1	1000000				1			1		2025-06-02 03:59:59
487	1	Item	34066	1	1	1000000				1	1		1						1			1	1	999			<i18n=67842>	<i18n=67844>	<i18n=67843>
487	2	Item	672147	1	1	1000000				1			1		2025-06-02 03:59:59
488	1	Item	901	100	100	1000000				1			1		
488	2	Item	672147	1	1	1000000				1			1		2025-06-02 03:59:59
489	1	Item	901	200	200	1000000				1			1		
489	2	Item	672147	1	1	1000000				1			1		2025-06-02 03:59:59
490	1	Item	201	20	20	1000000				1			1		
490	2	Item	672147	1	1	1000000				1			1		2025-06-02 03:59:59
491	1	Item	202	8	8	1000000				1			1		
491	2	Item	672147	1	1	1000000				1			1		2025-06-02 03:59:59
492	1	Item	412	2	2	1000000				1			1		
492	2	Item	672147	1	1	1000000				1			1		2025-06-02 03:59:59
493	1	YuanBao		488	488	1000000				1	1		1						1			1	1	999			<i18n=67842>	<i18n=67844>	<i18n=67843>
493	2	Item	672147	1	1	1000000				1			1		2025-06-02 03:59:59
494	1	Item	3006	1	1	1000000				1			1		
494	2	Item	672147	1	1	1000000				1			1		2025-06-02 03:59:59
495	1	Item	31001	10	10	1000000				1			1		
495	2	Item	672147	1	1	1000000				1			1		2025-06-02 03:59:59
496	1	Item	31413	1	1	1000000				1	1		1																<i18n=67843>
496	2	Item	672147	1	1	1000000				1			1		2025-06-02 03:59:59
497	1	Item	31414	1	1	1000000				1	1		1																<i18n=67843>
497	2	Item	672147	1	1	1000000				1			1		2025-06-02 03:59:59
498	1	Item	31419	1	1	1000000				1	1		1																<i18n=67843>
498	2	Item	672147	1	1	1000000				1			1		2025-06-02 03:59:59
499	1	Item	671715	1	1	1000000				1	1		1																<i18n=67843>
499	2	Item	672147	1	1	1000000				1			1		2025-06-02 03:59:59
500	1	Item	671716	1	1	1000000				1	1		1																<i18n=67843>
500	2	Item	672147	1	1	1000000				1			1		2025-06-02 03:59:59
501	1	Item	671717	1	1	1000000				1	1		1																<i18n=67843>
501	2	Item	672147	1	1	1000000				1			1		2025-06-02 03:59:59
502	1	Item	31613	10	10	1000000				1			1		
502	2	Item	672147	1	1	1000000				1			1		2025-06-02 03:59:59
503	1	Item	33011	10	10	1000000				1			1		
503	2	Item	672147	1	1	1000000				1			1		2025-06-02 03:59:59
504	1	Item	33013	5	5	1000000				1			1		
504	2	Item	672147	1	1	1000000				1			1		2025-06-02 03:59:59
505	1	Item	671600	4	4	1000000				1			1		
505	2	Item	672147	1	1	1000000				1			1		2025-06-02 03:59:59
506	1	Item	35299	1	1	1000000				1			1		
506	2	Item	672147	1	1	1000000				1			1		2025-06-02 03:59:59
507	1	Item	19999	5	5	1000000				1			1		
507	2	Item	672147	1	1	1000000				1			1		2025-06-02 03:59:59
508	1	Item	3014	2	2	1000000				1			1		
508	2	Item	672147	1	1	1000000				1			1		2025-06-02 03:59:59
509	1	Item	80304	3	3	1000000				1			1		
509	2	Item	672147	1	1	1000000				1			1		2025-06-02 03:59:59
510	1	Item	813	1	1	1000000				1			1		
510	2	Item	672147	1	1	1000000				1			1		
511	1	Item	31613	10	10	1000000				1			1		
511	2	Item	672147	1	1	1000000				1			1		
512	1	Item	3002	14	14	1000000				1			1		
512	2	Item	672147	1	1	1000000				1			1		
513	1	Item	209	8	8	1000000				1			1		
513	2	Item	672147	1	1	1000000				1			1		
514	1	Item	211	1	1	1000000				1			1		
514	2	Item	672147	1	1	1000000				1			1		
515	1	Item	213	1	1	1000000				1	1		1						1			1	1	999			<i18n=57185>	<i18n=57190>	<i18n=57188>
515	2	Item	672147	1	1	1000000				1			1		
516	1	Item	34066	1	1	1000000				1	1		1						1			1	1	999			<i18n=57185>	<i18n=57190>	<i18n=57188>
516	2	Item	672147	1	1	1000000				1			1		
517	1	Item	901	140	140	1000000				1			1		
517	2	Item	672147	1	1	1000000				1			1		
518	1	Item	201	25	25	1000000				1			1		
518	2	Item	672147	1	1	1000000				1			1		
519	1	Item	202	10	10	1000000				1			1		
519	2	Item	672147	1	1	1000000				1			1		
520	1	Item	412	3	3	1000000				1			1		
520	2	Item	672147	1	1	1000000				1			1		
521	1	Item	33011	10	10	1000000				1			1		
521	2	Item	672147	1	1	1000000				1			1		
522	1	YuanBao		688	688	1000000				1	1		1						1			1	1	999			<i18n=57185>	<i18n=57190>	<i18n=57188>
522	2	Item	672147	1	1	1000000				1			1		
523	1	Item	3006	2	2	1000000				1			1		
523	2	Item	672147	1	1	1000000				1			1		
610	1	Item	813	2	2	1000000				1			1		
610	2	Item	672147	1	1	1000000				1			1		2025-09-21 03:59:59
611	1	Item	324	3	3	1000000				1			1		
611	2	Item	672147	1	1	1000000				1			1		2025-09-21 03:59:59
612	1	Item	209	8	8	1000000				1			1		
612	2	Item	672147	1	1	1000000				1			1		2025-09-21 03:59:59
613	1	Item	211	1	1	1000000				1			1		
613	2	Item	672147	1	1	1000000				1			1		2025-09-21 03:59:59
614	1	Item	213	1	1	1000000				1	1		1						1			1	1	999			<i18n=69560>	<i18n=69559>	<i18n=69552>
614	2	Item	672147	1	1	1000000				1			1		2025-09-21 03:59:59
615	1	Item	34066	1	1	1000000				1	1		1						1			1	1	999			<i18n=69560>	<i18n=69559>	<i18n=69552>
615	2	Item	672147	1	1	1000000				1			1		2025-09-21 03:59:59
616	1	Item	901	120	120	1000000				1			1		
616	2	Item	672147	1	1	1000000				1			1		2025-09-21 03:59:59
617	1	Item	901	240	240	1000000				1			1		
617	2	Item	672147	1	1	1000000				1			1		2025-09-21 03:59:59
618	1	Item	201	24	24	1000000				1			1		
618	2	Item	672147	1	1	1000000				1			1		2025-09-21 03:59:59
619	1	Item	202	8	8	1000000				1			1		
619	2	Item	672147	1	1	1000000				1			1		2025-09-21 03:59:59
620	1	Item	412	3	3	1000000				1			1		
620	2	Item	672147	1	1	1000000				1			1		2025-09-21 03:59:59
621	1	YuanBao		888	888	1000000				1	1		1						1			1	1	999			<i18n=69560>	<i18n=69559>	<i18n=69552>
621	2	Item	672147	1	1	1000000				1			1		2025-09-21 03:59:59
622	1	Item	3006	2	2	1000000				1			1		
622	2	Item	672147	1	1	1000000				1			1		2025-09-21 03:59:59
623	1	Item	31001	12	12	1000000				1			1		
623	2	Item	672147	1	1	1000000				1			1		2025-09-21 03:59:59
624	1	Item	31413	1	1	1000000				1	1		1						1			1	1	999			<i18n=69560>	<i18n=69559>	<i18n=69552>
624	2	Item	672147	1	1	1000000				1			1		2025-09-21 03:59:59
625	1	Item	31414	1	1	1000000				1	1		1						1			1	1	999			<i18n=69560>	<i18n=69559>	<i18n=69552>
625	2	Item	672147	1	1	1000000				1			1		2025-09-21 03:59:59
626	1	Item	31419	1	1	1000000				1	1		1						1			1	1	999			<i18n=69560>	<i18n=69559>	<i18n=69552>
626	2	Item	672147	1	1	1000000				1			1		2025-09-21 03:59:59
627	1	Item	671715	1	1	1000000				1	1		1						1			1	1	999			<i18n=69560>	<i18n=69559>	<i18n=69552>
627	2	Item	672147	1	1	1000000				1			1		2025-09-21 03:59:59
628	1	Item	671716	1	1	1000000				1	1		1						1			1	1	999			<i18n=69560>	<i18n=69559>	<i18n=69552>
628	2	Item	672147	1	1	1000000				1			1		2025-09-21 03:59:59
629	1	Item	671717	1	1	1000000				1	1		1						1			1	1	999			<i18n=69560>	<i18n=69559>	<i18n=69552>
629	2	Item	672147	1	1	1000000				1			1		2025-09-21 03:59:59
630	1	Item	673543	1	1	1000000				1	1		1						1			1	1	999			<i18n=69560>	<i18n=69559>	<i18n=69552>
630	2	Item	672147	1	1	1000000				1			1		2025-09-21 03:59:59
631	1	Item	31613	10	10	1000000				1			1		
631	2	Item	672147	1	1	1000000				1			1		2025-09-21 03:59:59
632	1	Item	33012	5	5	1000000				1			1		
632	2	Item	672147	1	1	1000000				1			1		2025-09-21 03:59:59
633	1	Item	33013	5	5	1000000				1			1		
633	2	Item	672147	1	1	1000000				1			1		2025-09-21 03:59:59
634	1	Item	671600	4	4	1000000				1			1		
634	2	Item	672147	1	1	1000000				1			1		2025-09-21 03:59:59
635	1	Item	203	5	5	1000000				1			1		
635	2	Item	672147	1	1	1000000				1			1		2025-09-21 03:59:59
636	1	Item	19999	5	5	1000000				1			1		
636	2	Item	672147	1	1	1000000				1			1		2025-09-21 03:59:59
637	1	Item	3014	3	3	1000000				1			1		
637	2	Item	672147	1	1	1000000				1			1		2025-09-21 03:59:59
638	1	Item	80304	3	3	1000000				1			1		
638	2	Item	672147	1	1	1000000				1			1		2025-09-21 03:59:59
754	1	Item	813	2	2	1000000				1			1		
755	1	Item	209	8	8	1000000				1			1		
756	1	Item	211	1	1	1000000				1			1		
757	1	Item	213	1	1	1000000				1	1		1						1			1	1	999			<i18n=79515>	<i18n=79519>	<i18n=79524>
758	1	Item	34066	1	1	1000000				1	1		1						1			1	1	999			<i18n=79515>	<i18n=79519>	<i18n=79524>
759	1	Item	901	120	120	1000000				1			1		
760	1	Item	201	24	24	1000000				1			1		
761	1	Item	202	8	8	1000000				1			1		
762	1	Item	412	3	3	1000000				1			1		
763	1	YuanBao		888	888	1000000				1	1		1						1			1	1	999			<i18n=79515>	<i18n=79519>	<i18n=79524>
764	1	Item	3006	2	2	1000000				1			1		
765	1	Item	31001	12	12	1000000				1			1		
766	1	Item	31413	1	1	1000000				1	1		1						1				1	999			<i18n=79515>	<i18n=79519>	<i18n=79524>
767	1	Item	813	2	2	1000000				1			1		
768	1	Item	324	3	3	1000000				1			1		
769	1	Item	209	8	8	1000000				1			1		
770	1	Item	211	1	1	1000000				1			1		
771	1	Item	213	1	1	1000000				1	1		1						1			1	1	999			<i18n=79515>	<i18n=79519>	<i18n=79524>
772	1	Item	34066	1	1	1000000				1	1		1						1			1	1	999			<i18n=79515>	<i18n=79519>	<i18n=79524>
773	1	Item	901	120	120	1000000				1			1		
774	1	Item	201	24	24	1000000				1			1		
775	1	Item	202	8	8	1000000				1			1		
776	1	Item	412	3	3	1000000				1			1		
777	1	YuanBao		888	888	1000000				1	1		1						1			1	1	999			<i18n=79515>	<i18n=79519>	<i18n=79524>
778	1	Item	3006	2	2	1000000				1			1		
779	1	Item	31001	12	12	1000000				1			1		
780	1	Item	31414	1	1	1000000				1	1		1						1				1	999			<i18n=79515>	<i18n=79519>	<i18n=79524>
781	1	Item	31613	10	10	1000000				1			1		
782	1	Item	813	2	2	1000000				1			1		
783	1	Item	324	3	3	1000000				1			1		
784	1	Item	209	8	8	1000000				1			1		
785	1	Item	211	1	1	1000000				1			1		
786	1	Item	213	1	1	1000000				1	1		1						1			1	1	999			<i18n=79515>	<i18n=79519>	<i18n=79524>
787	1	Item	34066	1	1	1000000				1	1		1						1			1	1	999			<i18n=79515>	<i18n=79519>	<i18n=79524>
788	1	Item	901	120	120	1000000				1			1		
789	1	Item	202	8	8	1000000				1			1		
790	1	Item	412	3	3	1000000				1			1		
791	1	YuanBao		888	888	1000000				1	1		1						1			1	1	999			<i18n=79515>	<i18n=79519>	<i18n=79524>
792	1	Item	3006	2	2	1000000				1			1		
793	1	Item	31001	12	12	1000000				1			1		
794	1	Item	31419	1	1	1000000				1	1		1						1				1	999			<i18n=79515>	<i18n=79519>	<i18n=79524>
795	1	Item	31613	10	10	1000000				1			1		
796	1	Item	33012	5	5	1000000				1			1		
797	1	Item	211	1	1	1000000				1			1		
798	1	Item	213	1	1	1000000				1	1		1						1			1	1	999			<i18n=79515>	<i18n=79519>	<i18n=79524>
799	1	Item	34066	1	1	1000000				1	1		1						1			1	1	999			<i18n=79515>	<i18n=79519>	<i18n=79524>
800	1	Item	901	240	240	1000000				1			1		
801	1	Item	412	3	3	1000000				1			1		
802	1	YuanBao		888	888	1000000				1	1		1						1			1	1	999			<i18n=79515>	<i18n=79519>	<i18n=79524>
803	1	Item	3006	2	2	1000000				1			1		
804	1	Item	671715	1	1	1000000				1	1		1						1				1	999			<i18n=79515>	<i18n=79519>	<i18n=79524>
805	1	Item	31613	10	10	1000000				1			1		
806	1	Item	33012	5	5	1000000				1			1		
807	1	Item	33013	5	5	1000000				1			1		
808	1	Item	671600	4	4	1000000				1			1		
809	1	Item	203	5	5	1000000				1			1		
810	1	Item	19999	5	5	1000000				1			1		
811	1	Item	3014	3	3	1000000				1			1		
812	1	Item	3015	2	2	1000000				1			1		
813	1	Item	211	1	1	1000000				1			1		
814	1	Item	213	1	1	1000000				1	1		1						1			1	1	999			<i18n=79515>	<i18n=79519>	<i18n=79524>
815	1	Item	34066	1	1	1000000				1	1		1						1			1	1	999			<i18n=79515>	<i18n=79519>	<i18n=79524>
816	1	Item	901	240	240	1000000				1			1		
817	1	YuanBao		888	888	1000000				1	1		1						1			1	1	999			<i18n=79515>	<i18n=79519>	<i18n=79524>
818	1	Item	3006	2	2	1000000				1			1		
819	1	Item	671716	1	1	1000000				1	1		1						1				1	999			<i18n=79515>	<i18n=79519>	<i18n=79524>
820	1	Item	31613	10	10	1000000				1			1		
821	1	Item	33012	5	5	1000000				1			1		
822	1	Item	33013	5	5	1000000				1			1		
823	1	Item	671600	4	4	1000000				1			1		
824	1	Item	203	5	5	1000000				1			1		
825	1	Item	19999	5	5	1000000				1			1		
826	1	Item	3014	3	3	1000000				1			1		
827	1	Item	3015	2	2	1000000				1			1		
828	1	Item	80304	3	3	1000000				1			1		
829	1	Item	211	1	1	1000000				1			1		
830	1	Item	213	1	1	1000000				1	1		1						1			1	1	999			<i18n=79515>	<i18n=79519>	<i18n=79524>
831	1	Item	34066	1	1	1000000				1	1		1						1			1	1	999			<i18n=79515>	<i18n=79519>	<i18n=79524>
832	1	Item	901	240	240	1000000				1			1		
833	1	YuanBao		888	888	1000000				1	1		1						1			1	1	999			<i18n=79515>	<i18n=79519>	<i18n=79524>
834	1	Item	3006	2	2	1000000				1			1		
835	1	Item	671717	1	1	1000000				1	1		1						1				1	999			<i18n=79515>	<i18n=79519>	<i18n=79524>
836	1	Item	31613	10	10	1000000				1			1		
837	1	Item	33012	5	5	1000000				1			1		
838	1	Item	33013	5	5	1000000				1			1		
839	1	Item	671600	4	4	1000000				1			1		
840	1	Item	203	5	5	1000000				1			1		
841	1	Item	19999	5	5	1000000				1			1		
842	1	Item	3014	3	3	1000000				1			1		
843	1	Item	3015	2	2	1000000				1			1		
844	1	Item	80304	3	3	1000000				1			1		
845	1	Item	211	1	1	1000000				1			1		
846	1	Item	213	1	1	1000000				1	1		1						1			1	1	999			<i18n=79515>	<i18n=79519>	<i18n=79524>
847	1	Item	34066	1	1	1000000				1	1		1						1			1	1	999			<i18n=79515>	<i18n=79519>	<i18n=79524>
848	1	Item	901	240	240	1000000				1			1		
849	1	YuanBao		888	888	1000000				1	1		1						1			1	1	999			<i18n=79515>	<i18n=79519>	<i18n=79524>
850	1	Item	3006	2	2	1000000				1			1		
851	1	Item	673543	1	1	1000000				1	1		1						1				1	999			<i18n=79515>	<i18n=79519>	<i18n=79524>
852	1	Item	31613	10	10	1000000				1			1		
853	1	Item	33012	5	5	1000000				1			1		
854	1	Item	33013	5	5	1000000				1			1		
855	1	Item	671600	4	4	1000000				1			1		
856	1	Item	203	5	5	1000000				1			1		
857	1	Item	19999	5	5	1000000				1			1		
858	1	Item	3014	3	3	1000000				1			1		
859	1	Item	3015	2	2	1000000				1			1		
860	1	Item	80304	3	3	1000000				1			1		
754	2	Item	672147	1	1	1000000				1			1		2025-11-08 03:59:59
755	2	Item	672147	1	1	1000000				1			1		2025-11-08 03:59:59
756	2	Item	672147	1	1	1000000				1			1		2025-11-08 03:59:59
757	2	Item	672147	1	1	1000000				1			1		2025-11-08 03:59:59
758	2	Item	672147	1	1	1000000				1			1		2025-11-08 03:59:59
759	2	Item	672147	1	1	1000000				1			1		2025-11-08 03:59:59
760	2	Item	672147	1	1	1000000				1			1		2025-11-08 03:59:59
761	2	Item	672147	1	1	1000000				1			1		2025-11-08 03:59:59
762	2	Item	672147	1	1	1000000				1			1		2025-11-08 03:59:59
763	2	Item	672147	1	1	1000000				1			1		2025-11-08 03:59:59
764	2	Item	672147	1	1	1000000				1			1		2025-11-08 03:59:59
765	2	Item	672147	1	1	1000000				1			1		2025-11-08 03:59:59
766	2	Item	672147	1	1	1000000				1			1		2025-11-08 03:59:59
767	2	Item	672147	1	1	1000000				1			1		2025-11-08 03:59:59
768	2	Item	672147	1	1	1000000				1			1		2025-11-08 03:59:59
769	2	Item	672147	1	1	1000000				1			1		2025-11-08 03:59:59
770	2	Item	672147	1	1	1000000				1			1		2025-11-08 03:59:59
771	2	Item	672147	1	1	1000000				1			1		2025-11-08 03:59:59
772	2	Item	672147	1	1	1000000				1			1		2025-11-08 03:59:59
773	2	Item	672147	1	1	1000000				1			1		2025-11-08 03:59:59
774	2	Item	672147	1	1	1000000				1			1		2025-11-08 03:59:59
775	2	Item	672147	1	1	1000000				1			1		2025-11-08 03:59:59
776	2	Item	672147	1	1	1000000				1			1		2025-11-08 03:59:59
777	2	Item	672147	1	1	1000000				1			1		2025-11-08 03:59:59
778	2	Item	672147	1	1	1000000				1			1		2025-11-08 03:59:59
779	2	Item	672147	1	1	1000000				1			1		2025-11-08 03:59:59
780	2	Item	672147	1	1	1000000				1			1		2025-11-08 03:59:59
781	2	Item	672147	1	1	1000000				1			1		2025-11-08 03:59:59
782	2	Item	672147	1	1	1000000				1			1		2025-11-08 03:59:59
783	2	Item	672147	1	1	1000000				1			1		2025-11-08 03:59:59
784	2	Item	672147	1	1	1000000				1			1		2025-11-08 03:59:59
785	2	Item	672147	1	1	1000000				1			1		2025-11-08 03:59:59
786	2	Item	672147	1	1	1000000				1			1		2025-11-08 03:59:59
787	2	Item	672147	1	1	1000000				1			1		2025-11-08 03:59:59
788	2	Item	672147	1	1	1000000				1			1		2025-11-08 03:59:59
789	2	Item	672147	1	1	1000000				1			1		2025-11-08 03:59:59
790	2	Item	672147	1	1	1000000				1			1		2025-11-08 03:59:59
791	2	Item	672147	1	1	1000000				1			1		2025-11-08 03:59:59
792	2	Item	672147	1	1	1000000				1			1		2025-11-08 03:59:59
793	2	Item	672147	1	1	1000000				1			1		2025-11-08 03:59:59
794	2	Item	672147	1	1	1000000				1			1		2025-11-08 03:59:59
795	2	Item	672147	1	1	1000000				1			1		2025-11-08 03:59:59
796	2	Item	672147	1	1	1000000				1			1		2025-11-08 03:59:59
797	2	Item	672147	1	1	1000000				1			1		2025-11-08 03:59:59
798	2	Item	672147	1	1	1000000				1			1		2025-11-08 03:59:59
799	2	Item	672147	1	1	1000000				1			1		2025-11-08 03:59:59
800	2	Item	672147	1	1	1000000				1			1		2025-11-08 03:59:59
801	2	Item	672147	1	1	1000000				1			1		2025-11-08 03:59:59
802	2	Item	672147	1	1	1000000				1			1		2025-11-08 03:59:59
803	2	Item	672147	1	1	1000000				1			1		2025-11-08 03:59:59
804	2	Item	672147	1	1	1000000				1			1		2025-11-08 03:59:59
805	2	Item	672147	1	1	1000000				1			1		2025-11-08 03:59:59
806	2	Item	672147	1	1	1000000				1			1		2025-11-08 03:59:59
807	2	Item	672147	1	1	1000000				1			1		2025-11-08 03:59:59
808	2	Item	672147	1	1	1000000				1			1		2025-11-08 03:59:59
809	2	Item	672147	1	1	1000000				1			1		2025-11-08 03:59:59
810	2	Item	672147	1	1	1000000				1			1		2025-11-08 03:59:59
811	2	Item	672147	1	1	1000000				1			1		2025-11-08 03:59:59
812	2	Item	672147	1	1	1000000				1			1		2025-11-08 03:59:59
813	2	Item	672147	1	1	1000000				1			1		2025-11-08 03:59:59
814	2	Item	672147	1	1	1000000				1			1		2025-11-08 03:59:59
815	2	Item	672147	1	1	1000000				1			1		2025-11-08 03:59:59
816	2	Item	672147	1	1	1000000				1			1		2025-11-08 03:59:59
817	2	Item	672147	1	1	1000000				1			1		2025-11-08 03:59:59
818	2	Item	672147	1	1	1000000				1			1		2025-11-08 03:59:59
819	2	Item	672147	1	1	1000000				1			1		2025-11-08 03:59:59
820	2	Item	672147	1	1	1000000				1			1		2025-11-08 03:59:59
821	2	Item	672147	1	1	1000000				1			1		2025-11-08 03:59:59
822	2	Item	672147	1	1	1000000				1			1		2025-11-08 03:59:59
823	2	Item	672147	1	1	1000000				1			1		2025-11-08 03:59:59
824	2	Item	672147	1	1	1000000				1			1		2025-11-08 03:59:59
825	2	Item	672147	1	1	1000000				1			1		2025-11-08 03:59:59
826	2	Item	672147	1	1	1000000				1			1		2025-11-08 03:59:59
827	2	Item	672147	1	1	1000000				1			1		2025-11-08 03:59:59
828	2	Item	672147	1	1	1000000				1			1		2025-11-08 03:59:59
829	2	Item	672147	1	1	1000000				1			1		2025-11-08 03:59:59
830	2	Item	672147	1	1	1000000				1			1		2025-11-08 03:59:59
831	2	Item	672147	1	1	1000000				1			1		2025-11-08 03:59:59
832	2	Item	672147	1	1	1000000				1			1		2025-11-08 03:59:59
833	2	Item	672147	1	1	1000000				1			1		2025-11-08 03:59:59
834	2	Item	672147	1	1	1000000				1			1		2025-11-08 03:59:59
835	2	Item	672147	1	1	1000000				1			1		2025-11-08 03:59:59
836	2	Item	672147	1	1	1000000				1			1		2025-11-08 03:59:59
837	2	Item	672147	1	1	1000000				1			1		2025-11-08 03:59:59
838	2	Item	672147	1	1	1000000				1			1		2025-11-08 03:59:59
839	2	Item	672147	1	1	1000000				1			1		2025-11-08 03:59:59
840	2	Item	672147	1	1	1000000				1			1		2025-11-08 03:59:59
841	2	Item	672147	1	1	1000000				1			1		2025-11-08 03:59:59
842	2	Item	672147	1	1	1000000				1			1		2025-11-08 03:59:59
843	2	Item	672147	1	1	1000000				1			1		2025-11-08 03:59:59
844	2	Item	672147	1	1	1000000				1			1		2025-11-08 03:59:59
845	2	Item	672147	1	1	1000000				1			1		2025-11-08 03:59:59
846	2	Item	672147	1	1	1000000				1			1		2025-11-08 03:59:59
847	2	Item	672147	1	1	1000000				1			1		2025-11-08 03:59:59
848	2	Item	672147	1	1	1000000				1			1		2025-11-08 03:59:59
849	2	Item	672147	1	1	1000000				1			1		2025-11-08 03:59:59
850	2	Item	672147	1	1	1000000				1			1		2025-11-08 03:59:59
851	2	Item	672147	1	1	1000000				1			1		2025-11-08 03:59:59
852	2	Item	672147	1	1	1000000				1			1		2025-11-08 03:59:59
853	2	Item	672147	1	1	1000000				1			1		2025-11-08 03:59:59
854	2	Item	672147	1	1	1000000				1			1		2025-11-08 03:59:59
855	2	Item	672147	1	1	1000000				1			1		2025-11-08 03:59:59
856	2	Item	672147	1	1	1000000				1			1		2025-11-08 03:59:59
857	2	Item	672147	1	1	1000000				1			1		2025-11-08 03:59:59
858	2	Item	672147	1	1	1000000				1			1		2025-11-08 03:59:59
859	2	Item	672147	1	1	1000000				1			1		2025-11-08 03:59:59
860	2	Item	672147	1	1	1000000				1			1		2025-11-08 03:59:59
876	1	Item	673317	4	4	1000000				1	1		1						1			1	1	999			<i18n=88741>	<i18n=88736>	<i18n=88738>
877	1	Item	673317	8	8	1000000				1	1		1						1			1	1	999			<i18n=88741>	<i18n=88736>	<i18n=88738>
