Key	Group	AwardType	AwardSubType	CountMin	CountMax	RandRate	TimeFrameStart	TimeFrameEnd	bCenterMsg	bSysMsg	bTongMsg	bTeamMsg	bAwardTips	bFlyTips	TimeOut	BindType	IgnoreNoMonthCard	bZoneSystem	bCenterSystem	bServerSystem	bZoneNotify	bCenterNotify	bServerNotify	nMinNotifyLv	nMaxNotifyLv	szZCMsg	szZCTongMsg	szServerMsg	szServerTongMsg	szTongMsg	szTeamMsg
1	1	Item	1350	2	2	1000000				1			1		2024-02-14 03:59:59	
2	1	Item	1350	4	4	1000000				1			1		2024-02-14 03:59:59	
3	1	Coin		2888	2888	110000				1			1			
3	1	Item	2005	4	4	80000				1			1			
3	1	Item	209	5	5	80000				1			1			
3	1	Item	211	1	1	20000				1			1			
3	1	Item	412	1	1	50000				1			1			
3	1	Item	901	28	28	120000				1			1			
3	1	Item	901	48	48	60000				1			1			
3	1	Item	3001	30	30	110000				1			1			
3	1	Item	31001	2	2	100000				1			1			
3	1	Item	201	8	8	110000				1			1			
3	1	Item	202	3	3	80000				1			1			
3	1	Item	3002	3	3	80000				1			1			
4	1	Coin		3888	3888	135000				1			1			
4	1	Item	209	4	4	135000				1			1			
4	1	Item	211	1	1	30000				1			1			
4	1	Item	213	1	1	10000				1			1			
4	1	Item	412	1	1	100000				1			1			
4	1	Item	901	48	48	115000				1			1			
4	1	Item	901	68	68	80000				1			1			
4	1	Item	201	10	10	110000				1			1			
4	1	Item	202	4	4	80000				1			1			
4	1	Item	3002	8	8	80000				1			1			
4	1	Item	402	1	1	30000				1			1			
4	1	Item	324	1	1	95000				1			1			
5	1	Item	550025	1	1	1000000				1	1		1							1			1	1	999			<i18n=37231>	<i18n=37206>	<i18n=37209>
5	2	Coin		3888	3888	135000				1			1			
5	2	Item	209	4	4	135000				1			1			
5	2	Item	211	1	1	30000				1			1			
5	2	Item	213	1	1	10000				1			1			
5	2	Item	412	1	1	100000				1			1			
5	2	Item	901	48	48	115000				1			1			
5	2	Item	901	68	68	80000				1			1			
5	2	Item	201	10	10	110000				1			1			
5	2	Item	202	4	4	80000				1			1			
5	2	Item	3002	8	8	80000				1			1			
5	2	Item	402	1	1	30000				1			1			
5	2	Item	324	1	1	95000				1			1			
6	1	YuanBao		200	200	1000000				1			1			
7	1	Gold		100	100	1000000				1			1			
8	1	Coin		8888	8888	1000000				1			1			
8	2	Item	201	88	88	1000000				1			1			
9	1	Item	901	168	168	1000000				1			1			
9	2	Item	209	40	40	1000000				1			1			
10	1	Item	412	10	10	1000000				1			1			
10	2	Item	3002	30	30	1000000				1			1			
11	1	Item	211	3	3	1000000				1			1			
11	2	Item	402	2	2	1000000				1			1			
12	1	Item	211	5	5	1000000				1			1			
12	2	Item	3006	5	5	1000000				1			1			
12	3	Item	35178	1	1	1000000				1			1			
13	1	Coin		2888	2888	104300				1			1			
13	1	Item	201	6	6	100000				1			1			
13	1	Item	30701	2	2	60000				1			1			
13	1	Item	30700	2	2	60000				1			1			
13	1	Item	209	5	5	105000				1			1			
13	1	Item	209	8	8	75000				1			1			
13	1	Item	211	1	1	12000				1			1			
13	1	Item	213	1	1	200				1	1		1							1			1	1	999			<i18n=37219>	<i18n=37245>	<i18n=37220>
13	1	YuanBao		66	66	30000				1			1			
13	1	YuanBao		88	88	15000				1			1			
13	1	YuanBao		666	666	500				1			1			
13	1	Item	401	26	26	100000				1			1			
13	1	Item	3006	1	1	5000				1			1			
13	1	Item	412	2	2	8000				1			1			
13	1	Item	31001	8	8	30000				1			1			
13	1	Item	901	18	18	100000				1			1			
13	1	Item	901	28	28	90000				1			1			
13	1	Item	201	8	8	100000				1			1			
13	1	Item	402	1	1	5000				1			1			
14	1	Coin		2888	2888	1000000				1			1			
14	2	Item	3002	6	6	1000000				1			1
14	3	Item	209	5	5	1000000				1			1
14	4	Item	1389	2	2	1000000				1			1
15	1	Item	901	28	28	1000000				1			1			
15	2	Item	201	12	12	1000000				1			1
15	3	Item	31001	6	6	1000000				1			1
15	4	Item	1389	2	2	1000000				1			1
16	1	Item	209	6	6	1000000				1			1			
16	2	Item	3001	28	28	1000000				1			1
16	3	KinContrib		288	288	1000000				1			1
16	4	Item	1389	2	2	1000000				1			1
17	1	Item	201	16	16	1000000				1			1			
17	2	Item	401	20	20	1000000				1			1
17	3	Coin		6666	6666	1000000				1			1
17	4	Item	1389	2	2	1000000				1			1
18	1	Item	209	12	12	1000000				1			1			
18	2	Item	3001	28	28	1000000				1			1
18	3	Item	30700	5	5	1000000				1			1
18	4	Item	1389	2	2	1000000				1			1
19	1	Item	3006	2	2	1000000				1			1			
19	2	KinContrib		500	500	1000000				1			1
19	3	Coin		8888	8888	1000000				1			1
19	4	Item	1389	2	2	1000000				1			1
20	1	Item	3006	3	3	1000000				1			1			
20	2	Item	901	30	30	1000000				1			1
20	3	Item	3001	30	30	1000000				1			1
20	4	Item	1389	2	2	1000000				1			1
21	1	Item	3006	5	5	1000000				1			1			
21	2	Item	404	1	1	1000000				1			1
21	3	Item	3002	12	12	1000000				1			1
21	4	Item	1389	2	2	1000000				1			1
22	1	Item	31001	15	15	1000000				1			1			
22	2	Item	3001	50	50	1000000				1			1
22	3	Item	30701	5	5	1000000				1			1
22	4	Item	1389	2	2	1000000				1			1
23	1	Item	901	168	168	1000000				1			1			
23	2	Item	30700	5	5	1000000				1			1
23	3	Item	407	1	1	1000000				1			1
23	4	Item	1389	2	2	1000000				1			1
24	1	Item	402	1	1	1000000				1			1			
24	2	KinContrib		500	500	1000000				1			1
24	3	Item	30701	5	5	1000000				1			1
24	4	Item	1389	2	2	1000000				1			1
25	1	Item	201	50	50	1000000				1			1			
25	2	Item	901	50	50	1000000				1			1
25	3	Item	469	1	1	1000000				1			1
25	4	Item	1389	2	2	1000000				1			1
26	1	Item	412	3	3	1000000				1			1			
26	2	Item	31462	1	1	1000000				1			1
26	3	Item	401	50	50	1000000				1			1
26	4	Item	1389	2	2	1000000				1			1
27	1	Item	211	1	1	1000000				1			1			
27	2	Item	31001	10	10	1000000				1			1
27	3	Item	201	8	8	1000000				1			1
27	4	Item	1389	2	2	1000000				1			1
28	1	Coin		5888	5888	80000				1			1			
28	1	Item	213	1	1	5000				1			1			
28	1	Item	2005	2	2	60000				1			1			
28	1	Item	209	5	5	50000				1			1			
28	1	Item	211	1	1	25000				1			1			
28	1	Item	209	2	2	100000				1			1			
28	1	Item	412	1	1	30000				1			1			
28	1	Item	901	28	28	110000				1			1			
28	1	Item	901	48	48	80000				1			1			
28	1	Item	3001	30	30	110000				1			1			
28	1	Item	31001	5	5	80000				1			1			
28	1	Item	201	6	6	110000				1			1			
28	1	Item	201	10	10	80000				1			1			
28	1	Item	3002	5	5	80000				1			1			
28	2	KinContrib		188	188	1000000				1			1
29	1	Item	1387	1	1	1000000										
29	2	Item	1388	1	1	1000000
29	3	Item	550025	1	1	1000000										
29	4	Item	35178	1	1	1000000										
29	5	Item	211	1	1	1000000
29	6	Item	3006	1	1	1000000
29	7	Item	402	1	1	1000000
29	8	Item	324	1	1	1000000
29	9	Item	412	1	1	1000000
29	10	Item	209	1	1	1000000
29	11	Item	401	1	1	1000000
29	12	Item	901	1	1	1000000
29	13	Item	202	1	1	1000000
29	14	Item	201	1	1	1000000
29	15	Item	3002	1	1	1000000
29	16	Item	31001	1	1	1000000
29	17	Item	3001	1	1	1000000
29	18	Item	2005	1	1	1000000
29	19	Coin		1	1	1000000
30	1	Item	1389	1	1	1000000										
30	2	Item	3006	1	1	1000000
30	3	Item	211	1	1	1000000
30	4	Item	469	1	1	1000000
30	5	Item	412	1	1	1000000
30	6	Item	31462	1	1	1000000
30	7	Item	209	1	1	1000000
30	8	Item	30700	1	1	1000000
30	9	Item	30701	1	1	1000000
30	10	Item	407	1	1	1000000
30	11	Item	3002	1	1	1000000
30	12	Item	201	1	1	1000000
30	13	Item	31001	1	1	1000000
30	14	Item	3001	1	1	1000000
30	15	Item	401	1	1	1000000
30	16	KinContrib		1	1	1000000
30	17	Coin		1	1	1000000
31	1	Item	1388	1	1	1000000										
31	2	Item	213	1	1	1000000
31	3	Item	211	1	1	1000000
31	4	Item	209	1	1	1000000
31	5	Item	3006	1	1	1000000
31	6	Item	412	1	1	1000000
31	7	Item	30701	1	1	1000000
31	8	Item	30700	1	1	1000000
31	9	Item	402	1	1	1000000
31	10	Item	901	1	1	1000000
31	11	Item	201	1	1	1000000
31	12	Item	401	1	1	1000000
31	13	Coin		1	1	1000000
32	1	Item	1379	1	1	1000000										
32	2	Item	35360	1	1	1000000										
32	3	Item	35361	1	1	1000000										
32	4	Item	35362	1	1	1000000										
32	5	Item	35363	1	1	1000000										
33	1	Item	213	1	1	1000000										
33	2	Item	211	1	1	1000000										
33	3	Item	412	1	1	1000000										
33	4	Item	31001	1	1	1000000										
33	5	Item	201	1	1	1000000										
34	1	Item	211	1	1	1000000										
34	2	Item	412	1	1	1000000
34	3	Item	324	1	1	1000000
34	4	Item	209	1	1	1000000
34	5	Item	402	1	1	1000000
34	6	Item	31001	1	1	1000000
34	7	Item	3002	1	1	1000000
34	8	Item	202	1	1	1000000
34	9	Item	201	1	1	1000000
34	10	Item	901	1	1	1000000
34	11	Item	3001	1	1	1000000
34	12	Item	2005	1	1	1000000
34	13	Coin		1	1	1000000
35	1	Item	1387	1	1	1000000
35	2	Item	1388	1	1	1000000
35	3	Item	550025	1	1	1000000
35	4	Item	35178	1	1	1000000										
35	5	Item	211	1	1	1000000
35	6	Item	3006	1	1	1000000
35	7	Item	402	1	1	1000000
35	8	Item	412	1	1	1000000
35	9	Item	3002	1	1	1000000
35	10	Item	209	1	1	1000000
35	11	Item	201	1	1	1000000
35	12	Item	901	1	1	1000000
35	13	Coin		1	1	1000000
36	1	YuanBao		1888	1888	2500				1			1							1			1	1	999			<i18n=37672>	<i18n=37703>	<i18n=37647>
36	2	YuanBao		888	888	10000				1			1							1			1	1	999			<i18n=37672>	<i18n=37703>	<i18n=37647>
36	3	YuanBao		188	188	50000				1			1			
36	4	YuanBao		88	88	937500				1			1			
37	1	YuanBao		188	188	62500				1			1			
37	1	YuanBao		88	88	937500				1			1			
38	1	Coin		6666	6666	1000000				1			1			
38	2	YuanBao		66	66	1000000				1			1			
38	3	Item	901	28	28	1000000				1			1			
38	4	Item	209	3	3	1000000				1			1			
