Item.XYEquipRandomAttriWeight = {
  [0] = 20,
  [1] = 50,
  [2] = 30
}
Item.XYEquipRandomAttriPool = {}
Item.XYEquipRandomAttriPool[1] = {
  [0] = 66,
  [1] = {
    331,
    341,
    351,
    361,
    371,
    381,
    391,
    401,
    411,
    421,
    431,
    641
  },
  [2] = {
    441,
    451,
    541,
    551,
    561,
    571,
    581,
    461,
    471,
    481,
    521,
    651
  },
  [3] = {
    491,
    501,
    401,
    411,
    441,
    511,
    531,
    591,
    601,
    611,
    621,
    631
  },
  [4] = {
    491,
    501,
    401,
    411,
    441,
    511,
    531,
    591,
    601,
    611,
    621,
    631
  }
}
Item.XYEquipRandomAttriPool[2] = {
  [0] = 79,
  [1] = {
    332,
    342,
    352,
    362,
    372,
    382,
    392,
    402,
    412,
    422,
    432,
    642
  },
  [2] = {
    442,
    452,
    542,
    552,
    562,
    572,
    582,
    462,
    472,
    482,
    522,
    652
  },
  [3] = {
    492,
    502,
    402,
    412,
    442,
    512,
    532,
    592,
    602,
    612,
    622,
    632
  },
  [4] = {
    492,
    502,
    402,
    412,
    442,
    512,
    532,
    592,
    602,
    612,
    622,
    632
  }
}
Item.XYEquipRandomAttriPool[3] = {
  [0] = 157,
  [1] = {
    333,
    343,
    353,
    363,
    373,
    383,
    393,
    403,
    413,
    423,
    433,
    643
  },
  [2] = {
    443,
    453,
    543,
    553,
    563,
    573,
    583,
    463,
    473,
    483,
    523,
    653
  },
  [3] = {
    493,
    503,
    403,
    413,
    443,
    513,
    533,
    593,
    603,
    613,
    623,
    633
  },
  [4] = {
    493,
    503,
    403,
    413,
    443,
    513,
    533,
    593,
    603,
    613,
    623,
    633
  }
}
Item.XYEquipRandomAttriPool[4] = {
  [0] = 239,
  [1] = {
    334,
    344,
    354,
    364,
    374,
    384,
    394,
    404,
    414,
    424,
    434,
    644
  },
  [2] = {
    444,
    454,
    544,
    554,
    564,
    574,
    584,
    464,
    474,
    484,
    524,
    654
  },
  [3] = {
    494,
    504,
    404,
    414,
    444,
    514,
    534,
    594,
    604,
    614,
    624,
    634
  },
  [4] = {
    494,
    504,
    404,
    414,
    444,
    514,
    534,
    594,
    604,
    614,
    624,
    634
  }
}
Item.XYEquipRandomAttriPool[5] = {
  [0] = 323,
  [1] = {
    335,
    345,
    355,
    365,
    375,
    385,
    395,
    405,
    415,
    425,
    435,
    645
  },
  [2] = {
    445,
    455,
    545,
    555,
    565,
    575,
    585,
    465,
    475,
    485,
    525,
    655
  },
  [3] = {
    495,
    505,
    405,
    415,
    445,
    515,
    535,
    595,
    605,
    615,
    625,
    635
  },
  [4] = {
    495,
    505,
    405,
    415,
    445,
    515,
    535,
    595,
    605,
    615,
    625,
    635
  }
}
Item.XYEquipRandomAttriPool[6] = {
  [0] = 416,
  [1] = {
    336,
    346,
    356,
    366,
    376,
    386,
    396,
    406,
    416,
    426,
    436,
    646
  },
  [2] = {
    446,
    456,
    546,
    556,
    566,
    576,
    586,
    466,
    476,
    486,
    526,
    656
  },
  [3] = {
    496,
    506,
    406,
    416,
    446,
    516,
    536,
    596,
    606,
    616,
    626,
    636
  },
  [4] = {
    496,
    506,
    406,
    416,
    446,
    516,
    536,
    596,
    606,
    616,
    626,
    636
  }
}
Item.XYEquipRandomAttriPool[7] = {
  [0] = 518,
  [1] = {
    337,
    347,
    357,
    367,
    377,
    387,
    397,
    407,
    417,
    427,
    437,
    647
  },
  [2] = {
    447,
    457,
    547,
    557,
    567,
    577,
    587,
    467,
    477,
    487,
    527,
    657
  },
  [3] = {
    497,
    507,
    407,
    417,
    447,
    517,
    537,
    597,
    607,
    617,
    627,
    637
  },
  [4] = {
    497,
    507,
    407,
    417,
    447,
    517,
    537,
    597,
    607,
    617,
    627,
    637
  }
}
Item.XYEquipRandomAttriPool[8] = {
  [0] = 629,
  [1] = {
    338,
    348,
    358,
    368,
    378,
    388,
    398,
    408,
    418,
    428,
    438,
    648
  },
  [2] = {
    448,
    458,
    548,
    558,
    568,
    578,
    588,
    468,
    478,
    488,
    528,
    658
  },
  [3] = {
    498,
    508,
    408,
    418,
    448,
    518,
    538,
    598,
    608,
    618,
    628,
    638
  },
  [4] = {
    498,
    508,
    408,
    418,
    448,
    518,
    538,
    598,
    608,
    618,
    628,
    638
  }
}
Item.XYEquipRandomAttriPool[9] = {
  [0] = 749,
  [1] = {
    339,
    349,
    359,
    369,
    379,
    389,
    399,
    409,
    419,
    429,
    439,
    649
  },
  [2] = {
    449,
    459,
    549,
    559,
    569,
    579,
    589,
    469,
    479,
    489,
    529,
    659
  },
  [3] = {
    499,
    509,
    409,
    419,
    449,
    519,
    539,
    599,
    609,
    619,
    629,
    639
  },
  [4] = {
    499,
    509,
    409,
    419,
    449,
    519,
    539,
    599,
    609,
    619,
    629,
    639
  }
}
Item.XYEquipRandomAttriPool[10] = {
  [0] = 879,
  [1] = {
    340,
    350,
    360,
    370,
    380,
    390,
    400,
    410,
    420,
    430,
    440,
    650
  },
  [2] = {
    450,
    460,
    550,
    560,
    570,
    580,
    590,
    470,
    480,
    490,
    530,
    660
  },
  [3] = {
    500,
    510,
    410,
    420,
    450,
    520,
    540,
    600,
    610,
    620,
    630,
    640
  },
  [4] = {
    500,
    510,
    410,
    420,
    450,
    520,
    540,
    600,
    610,
    620,
    630,
    640
  }
}
Item.XYEquipRandomAttriPool[11] = {
  [0] = 1018,
  [1] = {
    925,
    933,
    941,
    949,
    957,
    965,
    973,
    981,
    989,
    997,
    1005,
    1173
  },
  [2] = {
    1013,
    1021,
    1029,
    1037,
    1045,
    1077,
    1093,
    1101,
    1109,
    1117,
    1125,
    1181
  },
  [3] = {
    1053,
    1061,
    1069,
    1085,
    1133,
    1141,
    1149,
    1157,
    1165,
    1013,
    981,
    989
  },
  [4] = {
    1053,
    1061,
    1069,
    1085,
    1133,
    1141,
    1149,
    1157,
    1165,
    1013,
    981,
    989
  }
}
Item.XYEquipRandomAttriPool[12] = {
  [0] = 1165,
  [1] = {
    926,
    934,
    942,
    950,
    958,
    966,
    974,
    982,
    990,
    998,
    1006,
    1174
  },
  [2] = {
    1014,
    1022,
    1030,
    1038,
    1046,
    1078,
    1094,
    1102,
    1110,
    1118,
    1126,
    1182
  },
  [3] = {
    1054,
    1062,
    1070,
    1086,
    1134,
    1142,
    1150,
    1158,
    1166,
    1014,
    982,
    990
  },
  [4] = {
    1054,
    1062,
    1070,
    1086,
    1134,
    1142,
    1150,
    1158,
    1166,
    1014,
    982,
    990
  }
}
Item.XYEquipRandomAttriPool[13] = {
  [0] = 1323,
  [1] = {
    927,
    935,
    943,
    951,
    959,
    967,
    975,
    983,
    991,
    999,
    1007,
    1175
  },
  [2] = {
    1015,
    1023,
    1031,
    1039,
    1047,
    1079,
    1095,
    1103,
    1111,
    1119,
    1127,
    1183
  },
  [3] = {
    1055,
    1063,
    1071,
    1087,
    1135,
    1143,
    1151,
    1159,
    1167,
    1015,
    983,
    991
  },
  [4] = {
    1055,
    1063,
    1071,
    1087,
    1135,
    1143,
    1151,
    1159,
    1167,
    1015,
    983,
    991
  }
}
Item.XYEquipRandomAttriPool[14] = {
  [0] = 1489,
  [1] = {
    928,
    936,
    944,
    952,
    960,
    968,
    976,
    984,
    992,
    1000,
    1008,
    1176
  },
  [2] = {
    1016,
    1024,
    1032,
    1040,
    1048,
    1080,
    1096,
    1104,
    1112,
    1120,
    1128,
    1184
  },
  [3] = {
    1056,
    1064,
    1072,
    1088,
    1136,
    1144,
    1152,
    1160,
    1168,
    1016,
    984,
    992
  },
  [4] = {
    1056,
    1064,
    1072,
    1088,
    1136,
    1144,
    1152,
    1160,
    1168,
    1016,
    984,
    992
  }
}
Item.XYEquipRandomAttriPool[15] = {
  [0] = 1664,
  [1] = {
    929,
    937,
    945,
    953,
    961,
    969,
    977,
    985,
    993,
    1001,
    1009,
    1177
  },
  [2] = {
    1017,
    1025,
    1033,
    1041,
    1049,
    1081,
    1097,
    1105,
    1113,
    1121,
    1129,
    1185
  },
  [3] = {
    1057,
    1065,
    1073,
    1089,
    1137,
    1145,
    1153,
    1161,
    1169,
    1017,
    985,
    993
  },
  [4] = {
    1057,
    1065,
    1073,
    1089,
    1137,
    1145,
    1153,
    1161,
    1169,
    1017,
    985,
    993
  }
}
Item.XYEquipRandomAttriPool[16] = {
  [0] = 1849,
  [1] = {
    930,
    938,
    946,
    954,
    962,
    970,
    978,
    986,
    994,
    1002,
    1010,
    1178
  },
  [2] = {
    1018,
    1026,
    1034,
    1042,
    1050,
    1082,
    1098,
    1106,
    1114,
    1122,
    1130,
    1186
  },
  [3] = {
    1058,
    1066,
    1074,
    1090,
    1138,
    1146,
    1154,
    1162,
    1170,
    1018,
    986,
    994
  },
  [4] = {
    1058,
    1066,
    1074,
    1090,
    1138,
    1146,
    1154,
    1162,
    1170,
    1018,
    986,
    994
  }
}
Item.XYEquipRandomAttriPool[17] = {
  [0] = 2043,
  [1] = {
    931,
    939,
    947,
    955,
    963,
    971,
    979,
    987,
    995,
    1003,
    1011,
    1179
  },
  [2] = {
    1019,
    1027,
    1035,
    1043,
    1051,
    1083,
    1099,
    1107,
    1115,
    1123,
    1131,
    1187
  },
  [3] = {
    1059,
    1067,
    1075,
    1091,
    1139,
    1147,
    1155,
    1163,
    1171,
    1019,
    987,
    995
  },
  [4] = {
    1059,
    1067,
    1075,
    1091,
    1139,
    1147,
    1155,
    1163,
    1171,
    1019,
    987,
    995
  }
}
Item.XYEquipRandomAttriPool[18] = {
  [0] = 2246,
  [1] = {
    932,
    940,
    948,
    956,
    964,
    972,
    980,
    988,
    996,
    1004,
    1012,
    1180
  },
  [2] = {
    1020,
    1028,
    1036,
    1044,
    1052,
    1084,
    1100,
    1108,
    1116,
    1124,
    1132,
    1188
  },
  [3] = {
    1060,
    1068,
    1076,
    1092,
    1140,
    1148,
    1156,
    1164,
    1172,
    1020,
    988,
    996
  },
  [4] = {
    1060,
    1068,
    1076,
    1092,
    1140,
    1148,
    1156,
    1164,
    1172,
    1020,
    988,
    996
  }
}
Item.XYEquipRandomAttriPool[19] = {
  [0] = 2430,
  [1] = {
    1199,
    1319,
    1559,
    1579,
    1619,
    1539,
    1599,
    1399,
    1379,
    1639,
    1679,
    1779
  },
  [2] = {
    1799,
    1719,
    1419,
    1359,
    1339,
    1819,
    1239,
    1259,
    1279,
    1219,
    1299,
    1699
  },
  [3] = {
    1739,
    1659,
    1759,
    1839,
    1459,
    1479,
    1499,
    1439,
    1519,
    1799,
    1399,
    1379
  },
  [4] = {
    1739,
    1659,
    1759,
    1839,
    1459,
    1479,
    1499,
    1439,
    1519,
    1799,
    1399,
    1379
  }
}
Item.XYEquipRandomAttriPool[20] = {
  [0] = 2624,
  [1] = {
    1200,
    1320,
    1560,
    1580,
    1620,
    1540,
    1600,
    1400,
    1380,
    1640,
    1680,
    1780
  },
  [2] = {
    1800,
    1720,
    1420,
    1360,
    1340,
    1820,
    1240,
    1260,
    1280,
    1220,
    1300,
    1700
  },
  [3] = {
    1740,
    1660,
    1760,
    1840,
    1460,
    1480,
    1500,
    1440,
    1520,
    1800,
    1400,
    1380
  },
  [4] = {
    1740,
    1660,
    1760,
    1840,
    1460,
    1480,
    1500,
    1440,
    1520,
    1800,
    1400,
    1380
  }
}
Item.XYEquipRandomAttriPool[21] = {
  [0] = 2818,
  [1] = {
    1201,
    1321,
    1561,
    1581,
    1621,
    1541,
    1601,
    1401,
    1381,
    1641,
    1681,
    1781
  },
  [2] = {
    1801,
    1721,
    1421,
    1361,
    1341,
    1821,
    1241,
    1261,
    1281,
    1221,
    1301,
    1701
  },
  [3] = {
    1741,
    1661,
    1761,
    1841,
    1461,
    1481,
    1501,
    1441,
    1521,
    1801,
    1401,
    1381
  },
  [4] = {
    1741,
    1661,
    1761,
    1841,
    1461,
    1481,
    1501,
    1441,
    1521,
    1801,
    1401,
    1381
  }
}
Item.XYEquipRandomAttriPool[22] = {
  [0] = 3012,
  [1] = {
    1202,
    1322,
    1562,
    1582,
    1622,
    1542,
    1602,
    1402,
    1382,
    1642,
    1682,
    1782
  },
  [2] = {
    1802,
    1722,
    1422,
    1362,
    1342,
    1822,
    1242,
    1262,
    1282,
    1222,
    1302,
    1702
  },
  [3] = {
    1742,
    1662,
    1762,
    1842,
    1462,
    1482,
    1502,
    1442,
    1522,
    1802,
    1402,
    1382
  },
  [4] = {
    1742,
    1662,
    1762,
    1842,
    1462,
    1482,
    1502,
    1442,
    1522,
    1802,
    1402,
    1382
  }
}
Item.XYEquipRandomAttriPool[23] = {
  [0] = 3205,
  [1] = {
    1203,
    1323,
    1563,
    1583,
    1623,
    1543,
    1603,
    1403,
    1383,
    1643,
    1683,
    1783
  },
  [2] = {
    1803,
    1723,
    1423,
    1363,
    1343,
    1823,
    1243,
    1263,
    1283,
    1223,
    1303,
    1703
  },
  [3] = {
    1743,
    1663,
    1763,
    1843,
    1463,
    1483,
    1503,
    1443,
    1523,
    1803,
    1403,
    1383
  },
  [4] = {
    1743,
    1663,
    1763,
    1843,
    1463,
    1483,
    1503,
    1443,
    1523,
    1803,
    1403,
    1383
  }
}
Item.XYEquipRandomAttriPool[24] = {
  [0] = 3399,
  [1] = {
    1204,
    1324,
    1564,
    1584,
    1624,
    1544,
    1604,
    1404,
    1384,
    1644,
    1684,
    1784
  },
  [2] = {
    1804,
    1724,
    1424,
    1364,
    1344,
    1824,
    1244,
    1264,
    1284,
    1224,
    1304,
    1704
  },
  [3] = {
    1744,
    1664,
    1764,
    1844,
    1464,
    1484,
    1504,
    1444,
    1524,
    1804,
    1404,
    1384
  },
  [4] = {
    1744,
    1664,
    1764,
    1844,
    1464,
    1484,
    1504,
    1444,
    1524,
    1804,
    1404,
    1384
  }
}
Item.XYEquipRandomAttriPool[25] = {
  [0] = 3593,
  [1] = {
    1205,
    1325,
    1565,
    1585,
    1625,
    1545,
    1605,
    1405,
    1385,
    1645,
    1685,
    1785
  },
  [2] = {
    1805,
    1725,
    1425,
    1365,
    1345,
    1825,
    1245,
    1265,
    1285,
    1225,
    1305,
    1705
  },
  [3] = {
    1745,
    1665,
    1765,
    1845,
    1465,
    1485,
    1505,
    1445,
    1525,
    1805,
    1405,
    1385
  },
  [4] = {
    1745,
    1665,
    1765,
    1845,
    1465,
    1485,
    1505,
    1445,
    1525,
    1805,
    1405,
    1385
  }
}
Item.XYEquipRandomAttriPool[26] = {
  [0] = 3787,
  [1] = {
    1206,
    1326,
    1566,
    1586,
    1626,
    1546,
    1606,
    1406,
    1386,
    1646,
    1686,
    1786
  },
  [2] = {
    1806,
    1726,
    1426,
    1366,
    1346,
    1826,
    1246,
    1266,
    1286,
    1226,
    1306,
    1706
  },
  [3] = {
    1746,
    1666,
    1766,
    1846,
    1466,
    1486,
    1506,
    1446,
    1526,
    1806,
    1406,
    1386
  },
  [4] = {
    1746,
    1666,
    1766,
    1846,
    1466,
    1486,
    1506,
    1446,
    1526,
    1806,
    1406,
    1386
  }
}
Item.XYEquipRandomAttriPool[27] = {
  [0] = 3981,
  [1] = {
    1207,
    1327,
    1567,
    1587,
    1627,
    1547,
    1607,
    1407,
    1387,
    1647,
    1687,
    1787
  },
  [2] = {
    1807,
    1727,
    1427,
    1367,
    1347,
    1827,
    1247,
    1267,
    1287,
    1227,
    1307,
    1707
  },
  [3] = {
    1747,
    1667,
    1767,
    1847,
    1467,
    1487,
    1507,
    1447,
    1527,
    1807,
    1407,
    1387
  },
  [4] = {
    1747,
    1667,
    1767,
    1847,
    1467,
    1487,
    1507,
    1447,
    1527,
    1807,
    1407,
    1387
  }
}
Item.XYEquipRandomAttriPool[28] = {
  [0] = 4174,
  [1] = {
    1208,
    1328,
    1568,
    1588,
    1628,
    1548,
    1608,
    1408,
    1388,
    1648,
    1688,
    1788
  },
  [2] = {
    1808,
    1728,
    1428,
    1368,
    1348,
    1828,
    1248,
    1268,
    1288,
    1228,
    1308,
    1708
  },
  [3] = {
    1748,
    1668,
    1768,
    1848,
    1468,
    1488,
    1508,
    1448,
    1528,
    1808,
    1408,
    1388
  },
  [4] = {
    1748,
    1668,
    1768,
    1848,
    1468,
    1488,
    1508,
    1448,
    1528,
    1808,
    1408,
    1388
  }
}
