Item.EquipForge = {}
Item.EquipForge.SELL_PRICE = {}
Item.EquipForge.SELL_PRICE[Item.EQUIPPOS_WEAPON] = {
  [1] = {
    3800,
    9500,
    23800,
    47600,
    76200,
    114200,
    154200,
    200500,
    250600,
    313300
  },
  [2] = {
    19000,
    47600,
    119000,
    238000,
    381000,
    571000,
    771000,
    1002600,
    1253000,
    1566600
  },
  [3] = {
    47500,
    119000,
    297500,
    595000,
    952500,
    1427500,
    1927500,
    2506500,
    3132500,
    3916500
  }
}
Item.EquipForge.SELL_PRICE[Item.EQUIPPOS_ARMOR] = {
  [1] = {
    2280,
    5700,
    14280,
    28560,
    45720,
    68520,
    92520,
    120300,
    150360,
    187980
  },
  [2] = {
    11400,
    28560,
    71400,
    142800,
    228600,
    342600,
    462600,
    601560,
    751800,
    939960
  },
  [3] = {
    28500,
    71400,
    178500,
    357000,
    571500,
    856500,
    1156500,
    1503900,
    1879500,
    2349900
  }
}
Item.EquipForge.SELL_PRICE[Item.EQUIPPOS_HELM] = {
  [1] = {
    1520,
    3800,
    9520,
    19040,
    30480,
    45680,
    61680,
    80200,
    100240,
    125320
  },
  [2] = {
    3800,
    9520,
    23800,
    47600,
    76200,
    114200,
    154200,
    200520,
    250600,
    313320
  },
  [3] = {
    9500,
    23800,
    59500,
    119000,
    190500,
    285500,
    385500,
    501300,
    626500,
    783300
  }
}
Item.EquipForge.SELL_PRICE[Item.EQUIPPOS_CUFF] = {
  [1] = {
    1520,
    3800,
    9520,
    19040,
    30480,
    45680,
    61680,
    80200,
    100240,
    125320
  },
  [2] = {
    3800,
    9520,
    23800,
    47600,
    76200,
    114200,
    154200,
    200520,
    250600,
    313320
  },
  [3] = {
    9500,
    23800,
    59500,
    119000,
    190500,
    285500,
    385500,
    501300,
    626500,
    783300
  }
}
Item.EquipForge.SELL_PRICE[Item.EQUIPPOS_BELT] = {
  [1] = {
    1520,
    3800,
    9520,
    19040,
    30480,
    45680,
    61680,
    80200,
    100240,
    125320
  },
  [2] = {
    3800,
    9520,
    23800,
    47600,
    76200,
    114200,
    154200,
    200520,
    250600,
    313320
  },
  [3] = {
    9500,
    23800,
    59500,
    119000,
    190500,
    285500,
    385500,
    501300,
    626500,
    783300
  }
}
Item.EquipForge.SELL_PRICE[Item.EQUIPPOS_BOOTS] = {
  [1] = {
    1520,
    3800,
    9520,
    19040,
    30480,
    45680,
    61680,
    80200,
    100240,
    125320
  },
  [2] = {
    3800,
    9520,
    23800,
    47600,
    76200,
    114200,
    154200,
    200520,
    250600,
    313320
  },
  [3] = {
    9500,
    23800,
    59500,
    119000,
    190500,
    285500,
    385500,
    501300,
    626500,
    783300
  }
}
Item.EquipForge.SELL_PRICE[Item.EQUIPPOS_NECKLACE] = {
  [1] = {
    1520,
    3800,
    9520,
    19040,
    30480,
    45680,
    61680,
    80200,
    100240,
    125320
  },
  [2] = {
    7600,
    19040,
    47600,
    95200,
    152400,
    228400,
    308400,
    401040,
    501200,
    626640
  },
  [3] = {
    19000,
    47600,
    119000,
    238000,
    381000,
    571000,
    771000,
    1002600,
    1253000,
    1566600
  }
}
Item.EquipForge.SELL_PRICE[Item.EQUIPPOS_PENDANT] = {
  [1] = {
    1520,
    3800,
    9520,
    19040,
    30480,
    45680,
    61680,
    80200,
    100240,
    125320
  },
  [2] = {
    7600,
    19040,
    47600,
    95200,
    152400,
    228400,
    308400,
    401040,
    501200,
    626640
  },
  [3] = {
    19000,
    47600,
    119000,
    238000,
    381000,
    571000,
    771000,
    1002600,
    1253000,
    1566600
  }
}
Item.EquipForge.SELL_PRICE[Item.EQUIPPOS_AMULET] = {
  [1] = {
    1520,
    3800,
    9520,
    19040,
    30480,
    45680,
    61680,
    80200,
    100240,
    125320
  },
  [2] = {
    7600,
    19040,
    47600,
    95200,
    152400,
    228400,
    308400,
    401040,
    501200,
    626640
  },
  [3] = {
    19000,
    47600,
    119000,
    238000,
    381000,
    571000,
    771000,
    1002600,
    1253000,
    1566600
  }
}
Item.EquipForge.SELL_PRICE[Item.EQUIPPOS_RING] = {
  [1] = {
    1520,
    3800,
    9520,
    19040,
    30480,
    45680,
    61680,
    80200,
    100240,
    125320
  },
  [2] = {
    7600,
    19040,
    47600,
    95200,
    152400,
    228400,
    308400,
    401040,
    501200,
    626640
  },
  [3] = {
    19000,
    47600,
    119000,
    238000,
    381000,
    571000,
    771000,
    1002600,
    1253000,
    1566600
  }
}
Item.EquipForge.IDENTIFY_COST = {}
Item.EquipForge.IDENTIFY_COST[Item.EQUIPPOS_WEAPON] = {
  [1] = {
    125,
    150,
    250,
    400,
    450,
    500,
    550,
    600,
    650,
    700,
    750,
    800,
    850,
    900,
    950,
    1000,
    1050,
    1100,
    1150,
    1200,
    1250,
    1300,
    1350,
    1400,
    1450,
    1500,
    1550,
    1600
  },
  [2] = {
    625,
    750,
    1250,
    2000,
    2250,
    2500,
    2750,
    3000,
    3250,
    3500,
    3750,
    4000,
    4250,
    4500,
    4750,
    5000,
    5250,
    5500,
    5750,
    6000,
    6250,
    6500,
    6750,
    7000,
    7250,
    7500,
    7750,
    8000
  },
  [3] = {
    2000,
    2400,
    4000,
    6400,
    7200,
    8000,
    8800,
    9600,
    10400,
    11200,
    12000,
    12800,
    13600,
    14400,
    15200,
    16000,
    16800,
    17600,
    18400,
    19200,
    20000,
    20800,
    21600,
    22400,
    23200,
    24000,
    24800,
    25600
  }
}
Item.EquipForge.IDENTIFY_COST[Item.EQUIPPOS_ARMOR] = {
  [1] = {
    75,
    90,
    150,
    240,
    270,
    300,
    330,
    360,
    390,
    420,
    450,
    480,
    510,
    540,
    570,
    600,
    630,
    660,
    690,
    720,
    750,
    780,
    810,
    840,
    870,
    900,
    930,
    960
  },
  [2] = {
    375,
    450,
    750,
    1200,
    1350,
    1500,
    1650,
    1800,
    1950,
    2100,
    2250,
    2400,
    2550,
    2700,
    2850,
    3000,
    3150,
    3300,
    3450,
    3600,
    3750,
    3900,
    4050,
    4200,
    4350,
    4500,
    4650,
    4800
  },
  [3] = {
    1200,
    1440,
    2400,
    3840,
    4320,
    4800,
    5280,
    5760,
    6240,
    6720,
    7200,
    7680,
    8160,
    8640,
    9120,
    9600,
    10080,
    10560,
    11040,
    11520,
    12000,
    12480,
    12960,
    13440,
    13920,
    14400,
    14880,
    15360
  }
}
Item.EquipForge.IDENTIFY_COST[Item.EQUIPPOS_HELM] = {
  [1] = {
    25,
    30,
    50,
    80,
    90,
    100,
    110,
    120,
    130,
    140,
    150,
    160,
    170,
    180,
    190,
    200,
    210,
    220,
    230,
    240,
    250,
    260,
    270,
    280,
    290,
    300,
    310,
    320
  },
  [2] = {
    125,
    150,
    250,
    400,
    450,
    500,
    550,
    600,
    650,
    700,
    750,
    800,
    850,
    900,
    950,
    1000,
    1050,
    1100,
    1150,
    1200,
    1250,
    1300,
    1350,
    1400,
    1450,
    1500,
    1550,
    1600
  },
  [3] = {
    400,
    480,
    800,
    1280,
    1440,
    1600,
    1760,
    1920,
    2080,
    2240,
    2400,
    2560,
    2720,
    2880,
    3040,
    3200,
    3360,
    3520,
    3680,
    3840,
    4000,
    4160,
    4320,
    4480,
    4640,
    4800,
    4960,
    5120
  }
}
Item.EquipForge.IDENTIFY_COST[Item.EQUIPPOS_CUFF] = {
  [1] = {
    25,
    30,
    50,
    80,
    90,
    100,
    110,
    120,
    130,
    140,
    150,
    160,
    170,
    180,
    190,
    200,
    210,
    220,
    230,
    240,
    250,
    260,
    270,
    280,
    290,
    300,
    310,
    320
  },
  [2] = {
    125,
    150,
    250,
    400,
    450,
    500,
    550,
    600,
    650,
    700,
    750,
    800,
    850,
    900,
    950,
    1000,
    1050,
    1100,
    1150,
    1200,
    1250,
    1300,
    1350,
    1400,
    1450,
    1500,
    1550,
    1600
  },
  [3] = {
    400,
    480,
    800,
    1280,
    1440,
    1600,
    1760,
    1920,
    2080,
    2240,
    2400,
    2560,
    2720,
    2880,
    3040,
    3200,
    3360,
    3520,
    3680,
    3840,
    4000,
    4160,
    4320,
    4480,
    4640,
    4800,
    4960,
    5120
  }
}
Item.EquipForge.IDENTIFY_COST[Item.EQUIPPOS_BELT] = {
  [1] = {
    25,
    30,
    50,
    80,
    90,
    100,
    110,
    120,
    130,
    140,
    150,
    160,
    170,
    180,
    190,
    200,
    210,
    220,
    230,
    240,
    250,
    260,
    270,
    280,
    290,
    300,
    310,
    320
  },
  [2] = {
    125,
    150,
    250,
    400,
    450,
    500,
    550,
    600,
    650,
    700,
    750,
    800,
    850,
    900,
    950,
    1000,
    1050,
    1100,
    1150,
    1200,
    1250,
    1300,
    1350,
    1400,
    1450,
    1500,
    1550,
    1600
  },
  [3] = {
    400,
    480,
    800,
    1280,
    1440,
    1600,
    1760,
    1920,
    2080,
    2240,
    2400,
    2560,
    2720,
    2880,
    3040,
    3200,
    3360,
    3520,
    3680,
    3840,
    4000,
    4160,
    4320,
    4480,
    4640,
    4800,
    4960,
    5120
  }
}
Item.EquipForge.IDENTIFY_COST[Item.EQUIPPOS_BOOTS] = {
  [1] = {
    25,
    30,
    50,
    80,
    90,
    100,
    110,
    120,
    130,
    140,
    150,
    160,
    170,
    180,
    190,
    200,
    210,
    220,
    230,
    240,
    250,
    260,
    270,
    280,
    290,
    300,
    310,
    320
  },
  [2] = {
    125,
    150,
    250,
    400,
    450,
    500,
    550,
    600,
    650,
    700,
    750,
    800,
    850,
    900,
    950,
    1000,
    1050,
    1100,
    1150,
    1200,
    1250,
    1300,
    1350,
    1400,
    1450,
    1500,
    1550,
    1600
  },
  [3] = {
    400,
    480,
    800,
    1280,
    1440,
    1600,
    1760,
    1920,
    2080,
    2240,
    2400,
    2560,
    2720,
    2880,
    3040,
    3200,
    3360,
    3520,
    3680,
    3840,
    4000,
    4160,
    4320,
    4480,
    4640,
    4800,
    4960,
    5120
  }
}
Item.EquipForge.IDENTIFY_COST[Item.EQUIPPOS_NECKLACE] = {
  [1] = {
    50,
    60,
    100,
    160,
    180,
    200,
    220,
    240,
    260,
    280,
    300,
    320,
    340,
    360,
    380,
    400,
    420,
    440,
    460,
    480,
    500,
    520,
    540,
    560,
    580,
    600,
    620,
    640
  },
  [2] = {
    250,
    300,
    500,
    800,
    900,
    1000,
    1100,
    1200,
    1300,
    1400,
    1500,
    1600,
    1700,
    1800,
    1900,
    2000,
    2100,
    2200,
    2300,
    2400,
    2500,
    2600,
    2700,
    2800,
    2900,
    3000,
    3100,
    3200
  },
  [3] = {
    800,
    960,
    1600,
    2560,
    2880,
    3200,
    3520,
    3840,
    4160,
    4480,
    4800,
    5120,
    5440,
    5760,
    6080,
    6400,
    6720,
    7040,
    7360,
    7680,
    8000,
    8320,
    8640,
    8960,
    9280,
    9600,
    9920,
    10240
  }
}
Item.EquipForge.IDENTIFY_COST[Item.EQUIPPOS_PENDANT] = {
  [1] = {
    50,
    60,
    100,
    160,
    180,
    200,
    220,
    240,
    260,
    280,
    300,
    320,
    340,
    360,
    380,
    400,
    420,
    440,
    460,
    480,
    500,
    520,
    540,
    560,
    580,
    600,
    620,
    640
  },
  [2] = {
    250,
    300,
    500,
    800,
    900,
    1000,
    1100,
    1200,
    1300,
    1400,
    1500,
    1600,
    1700,
    1800,
    1900,
    2000,
    2100,
    2200,
    2300,
    2400,
    2500,
    2600,
    2700,
    2800,
    2900,
    3000,
    3100,
    3200
  },
  [3] = {
    800,
    960,
    1600,
    2560,
    2880,
    3200,
    3520,
    3840,
    4160,
    4480,
    4800,
    5120,
    5440,
    5760,
    6080,
    6400,
    6720,
    7040,
    7360,
    7680,
    8000,
    8320,
    8640,
    8960,
    9280,
    9600,
    9920,
    10240
  }
}
Item.EquipForge.IDENTIFY_COST[Item.EQUIPPOS_AMULET] = {
  [1] = {
    50,
    60,
    100,
    160,
    180,
    200,
    220,
    240,
    260,
    280,
    300,
    320,
    340,
    360,
    380,
    400,
    420,
    440,
    460,
    480,
    500,
    520,
    540,
    560,
    580,
    600,
    620,
    640
  },
  [2] = {
    250,
    300,
    500,
    800,
    900,
    1000,
    1100,
    1200,
    1300,
    1400,
    1500,
    1600,
    1700,
    1800,
    1900,
    2000,
    2100,
    2200,
    2300,
    2400,
    2500,
    2600,
    2700,
    2800,
    2900,
    3000,
    3100,
    3200
  },
  [3] = {
    800,
    960,
    1600,
    2560,
    2880,
    3200,
    3520,
    3840,
    4160,
    4480,
    4800,
    5120,
    5440,
    5760,
    6080,
    6400,
    6720,
    7040,
    7360,
    7680,
    8000,
    8320,
    8640,
    8960,
    9280,
    9600,
    9920,
    10240
  }
}
Item.EquipForge.IDENTIFY_COST[Item.EQUIPPOS_RING] = {
  [1] = {
    50,
    60,
    100,
    160,
    180,
    200,
    220,
    240,
    260,
    280,
    300,
    320,
    340,
    360,
    380,
    400,
    420,
    440,
    460,
    480,
    500,
    520,
    540,
    560,
    580,
    600,
    620,
    640
  },
  [2] = {
    250,
    300,
    500,
    800,
    900,
    1000,
    1100,
    1200,
    1300,
    1400,
    1500,
    1600,
    1700,
    1800,
    1900,
    2000,
    2100,
    2200,
    2300,
    2400,
    2500,
    2600,
    2700,
    2800,
    2900,
    3000,
    3100,
    3200
  },
  [3] = {
    800,
    960,
    1600,
    2560,
    2880,
    3200,
    3520,
    3840,
    4160,
    4480,
    4800,
    5120,
    5440,
    5760,
    6080,
    6400,
    6720,
    7040,
    7360,
    7680,
    8000,
    8320,
    8640,
    8960,
    9280,
    9600,
    9920,
    10240
  }
}
Item.EquipForge.IDENTIFY_ATTR_POOL = {
  [Item.EQUIPPOS_WEAPON] = {
    1,
    2,
    3,
    4,
    6,
    11,
    12,
    16,
    18,
    22
  },
  [Item.EQUIPPOS_ARMOR] = {
    5,
    6,
    9,
    10,
    13,
    15,
    16,
    17,
    19,
    21
  },
  [Item.EQUIPPOS_HELM] = {
    5,
    6,
    7,
    10,
    13,
    15,
    16,
    17,
    19,
    20
  },
  [Item.EQUIPPOS_CUFF] = {
    5,
    6,
    7,
    10,
    13,
    15,
    16,
    17,
    18,
    21
  },
  [Item.EQUIPPOS_BELT] = {
    5,
    6,
    7,
    10,
    13,
    14,
    15,
    16,
    17,
    19
  },
  [Item.EQUIPPOS_BOOTS] = {
    5,
    6,
    7,
    8,
    10,
    13,
    15,
    16,
    17,
    21
  },
  [Item.EQUIPPOS_NECKLACE] = {
    5,
    6,
    10,
    12,
    14,
    16,
    19,
    20,
    23,
    24
  },
  [Item.EQUIPPOS_PENDANT] = {
    5,
    6,
    10,
    12,
    14,
    16,
    18,
    21,
    23,
    26
  },
  [Item.EQUIPPOS_AMULET] = {
    5,
    6,
    10,
    12,
    14,
    16,
    19,
    20,
    23,
    27
  },
  [Item.EQUIPPOS_RING] = {
    5,
    6,
    10,
    12,
    14,
    16,
    18,
    21,
    23,
    25
  }
}
Item.EquipForge.IDENTIFY_ATTR_COLOR = {
  [1] = {"WHITE", 1},
  [2] = {"GREEN", 2},
  [3] = {"BLUE", 3},
  [4] = {"PURPLE", 4},
  [5] = {"PINK", 5},
  [6] = {"ORANGE", 6}
}
Item.EquipForge.IDENTIFY_ATTR_RAND = {}
Item.EquipForge.IDENTIFY_ATTR_RAND[1] = {
  [1] = {
    7500,
    {"GREEN", "WHITE"}
  },
  [2] = {
    2500,
    {
      "GREEN",
      "WHITE",
      "WHITE"
    }
  }
}
Item.EquipForge.IDENTIFY_ATTR_RAND[2] = {
  [1] = {
    1000,
    {"PURPLE", "BLUE"}
  },
  [2] = {
    500,
    {
      "PURPLE",
      "BLUE",
      "WHITE"
    }
  },
  [3] = {
    5500,
    {"PURPLE", "GREEN"}
  },
  [4] = {
    3000,
    {
      "PURPLE",
      "GREEN",
      "WHITE"
    }
  }
}
Item.EquipForge.IDENTIFY_ATTR_RAND[3] = {
  [1] = {
    500,
    {"ORANGE", "PINK"}
  },
  [2] = {
    4500,
    {"ORANGE", "PURPLE"}
  },
  [3] = {
    3000,
    {
      "ORANGE",
      "PURPLE",
      "WHITE"
    }
  },
  [4] = {
    1500,
    {
      "ORANGE",
      "PURPLE",
      "GREEN"
    }
  },
  [5] = {
    500,
    {
      "ORANGE",
      "PURPLE",
      "BLUE"
    }
  }
}
Item.EquipForge.IDENTIFY_ATTR_LV = {}
Item.EquipForge.IDENTIFY_ATTR_LV.WHITE = {
  [Item.EQUIPPOS_WEAPON] = {
    73,
    75,
    77,
    79,
    81,
    83,
    85,
    87,
    89,
    91,
    93,
    95,
    145,
    147,
    149,
    151,
    153,
    155,
    157,
    159,
    221,
    223,
    225,
    227,
    229,
    231,
    233,
    235
  },
  [Item.EQUIPPOS_ARMOR] = {
    49,
    51,
    53,
    55,
    57,
    59,
    61,
    63,
    65,
    67,
    69,
    71,
    129,
    131,
    133,
    135,
    137,
    139,
    141,
    143,
    201,
    203,
    205,
    207,
    209,
    211,
    213,
    215
  },
  [Item.EQUIPPOS_HELM] = {
    1,
    3,
    5,
    7,
    9,
    11,
    13,
    15,
    17,
    19,
    21,
    23,
    97,
    99,
    101,
    103,
    105,
    107,
    109,
    111,
    161,
    163,
    165,
    167,
    169,
    171,
    173,
    175
  },
  [Item.EQUIPPOS_CUFF] = {
    1,
    3,
    5,
    7,
    9,
    11,
    13,
    15,
    17,
    19,
    21,
    23,
    97,
    99,
    101,
    103,
    105,
    107,
    109,
    111,
    161,
    163,
    165,
    167,
    169,
    171,
    173,
    175
  },
  [Item.EQUIPPOS_BELT] = {
    1,
    3,
    5,
    7,
    9,
    11,
    13,
    15,
    17,
    19,
    21,
    23,
    97,
    99,
    101,
    103,
    105,
    107,
    109,
    111,
    161,
    163,
    165,
    167,
    169,
    171,
    173,
    175
  },
  [Item.EQUIPPOS_BOOTS] = {
    1,
    3,
    5,
    7,
    9,
    11,
    13,
    15,
    17,
    19,
    21,
    23,
    97,
    99,
    101,
    103,
    105,
    107,
    109,
    111,
    161,
    163,
    165,
    167,
    169,
    171,
    173,
    175
  },
  [Item.EQUIPPOS_NECKLACE] = {
    25,
    27,
    29,
    31,
    33,
    35,
    37,
    39,
    41,
    43,
    45,
    47,
    113,
    115,
    117,
    119,
    121,
    123,
    125,
    127,
    181,
    183,
    185,
    187,
    189,
    191,
    193,
    195
  },
  [Item.EQUIPPOS_PENDANT] = {
    25,
    27,
    29,
    31,
    33,
    35,
    37,
    39,
    41,
    43,
    45,
    47,
    113,
    115,
    117,
    119,
    121,
    123,
    125,
    127,
    181,
    183,
    185,
    187,
    189,
    191,
    193,
    195
  },
  [Item.EQUIPPOS_AMULET] = {
    25,
    27,
    29,
    31,
    33,
    35,
    37,
    39,
    41,
    43,
    45,
    47,
    113,
    115,
    117,
    119,
    121,
    123,
    125,
    127,
    181,
    183,
    185,
    187,
    189,
    191,
    193,
    195
  },
  [Item.EQUIPPOS_RING] = {
    25,
    27,
    29,
    31,
    33,
    35,
    37,
    39,
    41,
    43,
    45,
    47,
    113,
    115,
    117,
    119,
    121,
    123,
    125,
    127,
    181,
    183,
    185,
    187,
    189,
    191,
    193,
    195
  }
}
Item.EquipForge.IDENTIFY_ATTR_LV.GREEN = {
  [Item.EQUIPPOS_WEAPON] = {
    74,
    76,
    78,
    80,
    82,
    84,
    86,
    88,
    90,
    92,
    94,
    96,
    146,
    148,
    150,
    152,
    154,
    156,
    158,
    160,
    222,
    224,
    226,
    228,
    230,
    232,
    234,
    236
  },
  [Item.EQUIPPOS_ARMOR] = {
    50,
    52,
    54,
    56,
    58,
    60,
    62,
    64,
    66,
    68,
    70,
    72,
    130,
    132,
    134,
    136,
    138,
    140,
    142,
    144,
    202,
    204,
    206,
    208,
    210,
    212,
    214,
    216
  },
  [Item.EQUIPPOS_HELM] = {
    2,
    4,
    6,
    8,
    10,
    12,
    14,
    16,
    18,
    20,
    22,
    24,
    98,
    100,
    102,
    104,
    106,
    108,
    110,
    112,
    162,
    164,
    166,
    168,
    170,
    172,
    174,
    176
  },
  [Item.EQUIPPOS_CUFF] = {
    2,
    4,
    6,
    8,
    10,
    12,
    14,
    16,
    18,
    20,
    22,
    24,
    98,
    100,
    102,
    104,
    106,
    108,
    110,
    112,
    162,
    164,
    166,
    168,
    170,
    172,
    174,
    176
  },
  [Item.EQUIPPOS_BELT] = {
    2,
    4,
    6,
    8,
    10,
    12,
    14,
    16,
    18,
    20,
    22,
    24,
    98,
    100,
    102,
    104,
    106,
    108,
    110,
    112,
    162,
    164,
    166,
    168,
    170,
    172,
    174,
    176
  },
  [Item.EQUIPPOS_BOOTS] = {
    2,
    4,
    6,
    8,
    10,
    12,
    14,
    16,
    18,
    20,
    22,
    24,
    98,
    100,
    102,
    104,
    106,
    108,
    110,
    112,
    162,
    164,
    166,
    168,
    170,
    172,
    174,
    176
  },
  [Item.EQUIPPOS_NECKLACE] = {
    26,
    28,
    30,
    32,
    34,
    36,
    38,
    40,
    42,
    44,
    46,
    48,
    114,
    116,
    118,
    120,
    122,
    124,
    126,
    128,
    182,
    184,
    186,
    188,
    190,
    192,
    194,
    196
  },
  [Item.EQUIPPOS_PENDANT] = {
    26,
    28,
    30,
    32,
    34,
    36,
    38,
    40,
    42,
    44,
    46,
    48,
    114,
    116,
    118,
    120,
    122,
    124,
    126,
    128,
    182,
    184,
    186,
    188,
    190,
    192,
    194,
    196
  },
  [Item.EQUIPPOS_AMULET] = {
    26,
    28,
    30,
    32,
    34,
    36,
    38,
    40,
    42,
    44,
    46,
    48,
    114,
    116,
    118,
    120,
    122,
    124,
    126,
    128,
    182,
    184,
    186,
    188,
    190,
    192,
    194,
    196
  },
  [Item.EQUIPPOS_RING] = {
    26,
    28,
    30,
    32,
    34,
    36,
    38,
    40,
    42,
    44,
    46,
    48,
    114,
    116,
    118,
    120,
    122,
    124,
    126,
    128,
    182,
    184,
    186,
    188,
    190,
    192,
    194,
    196
  }
}
Item.EquipForge.IDENTIFY_ATTR_LV.BLUE = {
  [Item.EQUIPPOS_WEAPON] = {
    75,
    77,
    79,
    81,
    83,
    85,
    87,
    89,
    91,
    93,
    95,
    145,
    147,
    149,
    151,
    153,
    155,
    157,
    159,
    221,
    223,
    225,
    227,
    229,
    231,
    233,
    235,
    237
  },
  [Item.EQUIPPOS_ARMOR] = {
    51,
    53,
    55,
    57,
    59,
    61,
    63,
    65,
    67,
    69,
    71,
    129,
    131,
    133,
    135,
    137,
    139,
    141,
    143,
    201,
    203,
    205,
    207,
    209,
    211,
    213,
    215,
    217
  },
  [Item.EQUIPPOS_HELM] = {
    3,
    5,
    7,
    9,
    11,
    13,
    15,
    17,
    19,
    21,
    23,
    97,
    99,
    101,
    103,
    105,
    107,
    109,
    111,
    161,
    163,
    165,
    167,
    169,
    171,
    173,
    175,
    177
  },
  [Item.EQUIPPOS_CUFF] = {
    3,
    5,
    7,
    9,
    11,
    13,
    15,
    17,
    19,
    21,
    23,
    97,
    99,
    101,
    103,
    105,
    107,
    109,
    111,
    161,
    163,
    165,
    167,
    169,
    171,
    173,
    175,
    177
  },
  [Item.EQUIPPOS_BELT] = {
    3,
    5,
    7,
    9,
    11,
    13,
    15,
    17,
    19,
    21,
    23,
    97,
    99,
    101,
    103,
    105,
    107,
    109,
    111,
    161,
    163,
    165,
    167,
    169,
    171,
    173,
    175,
    177
  },
  [Item.EQUIPPOS_BOOTS] = {
    3,
    5,
    7,
    9,
    11,
    13,
    15,
    17,
    19,
    21,
    23,
    97,
    99,
    101,
    103,
    105,
    107,
    109,
    111,
    161,
    163,
    165,
    167,
    169,
    171,
    173,
    175,
    177
  },
  [Item.EQUIPPOS_NECKLACE] = {
    27,
    29,
    31,
    33,
    35,
    37,
    39,
    41,
    43,
    45,
    47,
    113,
    115,
    117,
    119,
    121,
    123,
    125,
    127,
    181,
    183,
    185,
    187,
    189,
    191,
    193,
    195,
    197
  },
  [Item.EQUIPPOS_PENDANT] = {
    27,
    29,
    31,
    33,
    35,
    37,
    39,
    41,
    43,
    45,
    47,
    113,
    115,
    117,
    119,
    121,
    123,
    125,
    127,
    181,
    183,
    185,
    187,
    189,
    191,
    193,
    195,
    197
  },
  [Item.EQUIPPOS_AMULET] = {
    27,
    29,
    31,
    33,
    35,
    37,
    39,
    41,
    43,
    45,
    47,
    113,
    115,
    117,
    119,
    121,
    123,
    125,
    127,
    181,
    183,
    185,
    187,
    189,
    191,
    193,
    195,
    197
  },
  [Item.EQUIPPOS_RING] = {
    27,
    29,
    31,
    33,
    35,
    37,
    39,
    41,
    43,
    45,
    47,
    113,
    115,
    117,
    119,
    121,
    123,
    125,
    127,
    181,
    183,
    185,
    187,
    189,
    191,
    193,
    195,
    197
  }
}
Item.EquipForge.IDENTIFY_ATTR_LV.PURPLE = {
  [Item.EQUIPPOS_WEAPON] = {
    76,
    78,
    80,
    82,
    84,
    86,
    88,
    90,
    92,
    94,
    96,
    146,
    148,
    150,
    152,
    154,
    156,
    158,
    160,
    222,
    224,
    226,
    228,
    230,
    232,
    234,
    236,
    238
  },
  [Item.EQUIPPOS_ARMOR] = {
    52,
    54,
    56,
    58,
    60,
    62,
    64,
    66,
    68,
    70,
    72,
    130,
    132,
    134,
    136,
    138,
    140,
    142,
    144,
    202,
    204,
    206,
    208,
    210,
    212,
    214,
    216,
    218
  },
  [Item.EQUIPPOS_HELM] = {
    4,
    6,
    8,
    10,
    12,
    14,
    16,
    18,
    20,
    22,
    24,
    98,
    100,
    102,
    104,
    106,
    108,
    110,
    112,
    162,
    164,
    166,
    168,
    170,
    172,
    174,
    176,
    178
  },
  [Item.EQUIPPOS_CUFF] = {
    4,
    6,
    8,
    10,
    12,
    14,
    16,
    18,
    20,
    22,
    24,
    98,
    100,
    102,
    104,
    106,
    108,
    110,
    112,
    162,
    164,
    166,
    168,
    170,
    172,
    174,
    176,
    178
  },
  [Item.EQUIPPOS_BELT] = {
    4,
    6,
    8,
    10,
    12,
    14,
    16,
    18,
    20,
    22,
    24,
    98,
    100,
    102,
    104,
    106,
    108,
    110,
    112,
    162,
    164,
    166,
    168,
    170,
    172,
    174,
    176,
    178
  },
  [Item.EQUIPPOS_BOOTS] = {
    4,
    6,
    8,
    10,
    12,
    14,
    16,
    18,
    20,
    22,
    24,
    98,
    100,
    102,
    104,
    106,
    108,
    110,
    112,
    162,
    164,
    166,
    168,
    170,
    172,
    174,
    176,
    178
  },
  [Item.EQUIPPOS_NECKLACE] = {
    28,
    30,
    32,
    34,
    36,
    38,
    40,
    42,
    44,
    46,
    48,
    114,
    116,
    118,
    120,
    122,
    124,
    126,
    128,
    182,
    184,
    186,
    188,
    190,
    192,
    194,
    196,
    198
  },
  [Item.EQUIPPOS_PENDANT] = {
    28,
    30,
    32,
    34,
    36,
    38,
    40,
    42,
    44,
    46,
    48,
    114,
    116,
    118,
    120,
    122,
    124,
    126,
    128,
    182,
    184,
    186,
    188,
    190,
    192,
    194,
    196,
    198
  },
  [Item.EQUIPPOS_AMULET] = {
    28,
    30,
    32,
    34,
    36,
    38,
    40,
    42,
    44,
    46,
    48,
    114,
    116,
    118,
    120,
    122,
    124,
    126,
    128,
    182,
    184,
    186,
    188,
    190,
    192,
    194,
    196,
    198
  },
  [Item.EQUIPPOS_RING] = {
    28,
    30,
    32,
    34,
    36,
    38,
    40,
    42,
    44,
    46,
    48,
    114,
    116,
    118,
    120,
    122,
    124,
    126,
    128,
    182,
    184,
    186,
    188,
    190,
    192,
    194,
    196,
    198
  }
}
Item.EquipForge.IDENTIFY_ATTR_LV.PINK = {
  [Item.EQUIPPOS_WEAPON] = {
    77,
    79,
    81,
    83,
    85,
    87,
    89,
    91,
    93,
    95,
    145,
    147,
    149,
    151,
    153,
    155,
    157,
    159,
    221,
    223,
    225,
    227,
    229,
    231,
    233,
    235,
    237,
    239
  },
  [Item.EQUIPPOS_ARMOR] = {
    53,
    55,
    57,
    59,
    61,
    63,
    65,
    67,
    69,
    71,
    129,
    131,
    133,
    135,
    137,
    139,
    141,
    143,
    201,
    203,
    205,
    207,
    209,
    211,
    213,
    215,
    217,
    219
  },
  [Item.EQUIPPOS_HELM] = {
    5,
    7,
    9,
    11,
    13,
    15,
    17,
    19,
    21,
    23,
    97,
    99,
    101,
    103,
    105,
    107,
    109,
    111,
    161,
    163,
    165,
    167,
    169,
    171,
    173,
    175,
    177,
    179
  },
  [Item.EQUIPPOS_CUFF] = {
    5,
    7,
    9,
    11,
    13,
    15,
    17,
    19,
    21,
    23,
    97,
    99,
    101,
    103,
    105,
    107,
    109,
    111,
    161,
    163,
    165,
    167,
    169,
    171,
    173,
    175,
    177,
    179
  },
  [Item.EQUIPPOS_BELT] = {
    5,
    7,
    9,
    11,
    13,
    15,
    17,
    19,
    21,
    23,
    97,
    99,
    101,
    103,
    105,
    107,
    109,
    111,
    161,
    163,
    165,
    167,
    169,
    171,
    173,
    175,
    177,
    179
  },
  [Item.EQUIPPOS_BOOTS] = {
    5,
    7,
    9,
    11,
    13,
    15,
    17,
    19,
    21,
    23,
    97,
    99,
    101,
    103,
    105,
    107,
    109,
    111,
    161,
    163,
    165,
    167,
    169,
    171,
    173,
    175,
    177,
    179
  },
  [Item.EQUIPPOS_NECKLACE] = {
    29,
    31,
    33,
    35,
    37,
    39,
    41,
    43,
    45,
    47,
    113,
    115,
    117,
    119,
    121,
    123,
    125,
    127,
    181,
    183,
    185,
    187,
    189,
    191,
    193,
    195,
    197,
    199
  },
  [Item.EQUIPPOS_PENDANT] = {
    29,
    31,
    33,
    35,
    37,
    39,
    41,
    43,
    45,
    47,
    113,
    115,
    117,
    119,
    121,
    123,
    125,
    127,
    181,
    183,
    185,
    187,
    189,
    191,
    193,
    195,
    197,
    199
  },
  [Item.EQUIPPOS_AMULET] = {
    29,
    31,
    33,
    35,
    37,
    39,
    41,
    43,
    45,
    47,
    113,
    115,
    117,
    119,
    121,
    123,
    125,
    127,
    181,
    183,
    185,
    187,
    189,
    191,
    193,
    195,
    197,
    199
  },
  [Item.EQUIPPOS_RING] = {
    29,
    31,
    33,
    35,
    37,
    39,
    41,
    43,
    45,
    47,
    113,
    115,
    117,
    119,
    121,
    123,
    125,
    127,
    181,
    183,
    185,
    187,
    189,
    191,
    193,
    195,
    197,
    199
  }
}
Item.EquipForge.IDENTIFY_ATTR_LV.ORANGE = {
  [Item.EQUIPPOS_WEAPON] = {
    78,
    80,
    82,
    84,
    86,
    88,
    90,
    92,
    94,
    96,
    146,
    148,
    150,
    152,
    154,
    156,
    158,
    160,
    222,
    224,
    226,
    228,
    230,
    232,
    234,
    236,
    238,
    240
  },
  [Item.EQUIPPOS_ARMOR] = {
    54,
    56,
    58,
    60,
    62,
    64,
    66,
    68,
    70,
    72,
    130,
    132,
    134,
    136,
    138,
    140,
    142,
    144,
    202,
    204,
    206,
    208,
    210,
    212,
    214,
    216,
    218,
    220
  },
  [Item.EQUIPPOS_HELM] = {
    6,
    8,
    10,
    12,
    14,
    16,
    18,
    20,
    22,
    24,
    98,
    100,
    102,
    104,
    106,
    108,
    110,
    112,
    162,
    164,
    166,
    168,
    170,
    172,
    174,
    176,
    178,
    180
  },
  [Item.EQUIPPOS_CUFF] = {
    6,
    8,
    10,
    12,
    14,
    16,
    18,
    20,
    22,
    24,
    98,
    100,
    102,
    104,
    106,
    108,
    110,
    112,
    162,
    164,
    166,
    168,
    170,
    172,
    174,
    176,
    178,
    180
  },
  [Item.EQUIPPOS_BELT] = {
    6,
    8,
    10,
    12,
    14,
    16,
    18,
    20,
    22,
    24,
    98,
    100,
    102,
    104,
    106,
    108,
    110,
    112,
    162,
    164,
    166,
    168,
    170,
    172,
    174,
    176,
    178,
    180
  },
  [Item.EQUIPPOS_BOOTS] = {
    6,
    8,
    10,
    12,
    14,
    16,
    18,
    20,
    22,
    24,
    98,
    100,
    102,
    104,
    106,
    108,
    110,
    112,
    162,
    164,
    166,
    168,
    170,
    172,
    174,
    176,
    178,
    180
  },
  [Item.EQUIPPOS_NECKLACE] = {
    30,
    32,
    34,
    36,
    38,
    40,
    42,
    44,
    46,
    48,
    114,
    116,
    118,
    120,
    122,
    124,
    126,
    128,
    182,
    184,
    186,
    188,
    190,
    192,
    194,
    196,
    198,
    200
  },
  [Item.EQUIPPOS_PENDANT] = {
    30,
    32,
    34,
    36,
    38,
    40,
    42,
    44,
    46,
    48,
    114,
    116,
    118,
    120,
    122,
    124,
    126,
    128,
    182,
    184,
    186,
    188,
    190,
    192,
    194,
    196,
    198,
    200
  },
  [Item.EQUIPPOS_AMULET] = {
    30,
    32,
    34,
    36,
    38,
    40,
    42,
    44,
    46,
    48,
    114,
    116,
    118,
    120,
    122,
    124,
    126,
    128,
    182,
    184,
    186,
    188,
    190,
    192,
    194,
    196,
    198,
    200
  },
  [Item.EQUIPPOS_RING] = {
    30,
    32,
    34,
    36,
    38,
    40,
    42,
    44,
    46,
    48,
    114,
    116,
    118,
    120,
    122,
    124,
    126,
    128,
    182,
    184,
    186,
    188,
    190,
    192,
    194,
    196,
    198,
    200
  }
}
Item.EquipForge.TRANSFER_COST = {}
Item.EquipForge.TRANSFER_COST.WHITE = {
  [Item.EQUIPPOS_WEAPON] = {
    500,
    1200,
    2700,
    4900,
    6000,
    7350,
    8800,
    10350,
    11700,
    13500,
    15125,
    18375,
    21875,
    25315,
    28815,
    32250,
    35750,
    39190,
    42690,
    46125,
    49625,
    53065,
    56565,
    60000,
    63500,
    66940,
    70440,
    73940
  },
  [Item.EQUIPPOS_ARMOR] = {
    300,
    720,
    1620,
    2940,
    3600,
    4410,
    5280,
    6210,
    7020,
    8100,
    9075,
    11025,
    13125,
    15189,
    17289,
    19350,
    21450,
    23514,
    25614,
    27675,
    29775,
    31839,
    33939,
    36000,
    38100,
    40164,
    42264,
    44364
  },
  [Item.EQUIPPOS_HELM] = {
    100,
    240,
    540,
    980,
    1200,
    1470,
    1760,
    2070,
    2340,
    2700,
    3025,
    3675,
    4375,
    5063,
    5763,
    6450,
    7150,
    7838,
    8538,
    9225,
    9925,
    10613,
    11313,
    12000,
    12700,
    13388,
    14088,
    14788
  },
  [Item.EQUIPPOS_CUFF] = {
    100,
    240,
    540,
    980,
    1200,
    1470,
    1760,
    2070,
    2340,
    2700,
    3025,
    3675,
    4375,
    5063,
    5763,
    6450,
    7150,
    7838,
    8538,
    9225,
    9925,
    10613,
    11313,
    12000,
    12700,
    13388,
    14088,
    14788
  },
  [Item.EQUIPPOS_BELT] = {
    100,
    240,
    540,
    980,
    1200,
    1470,
    1760,
    2070,
    2340,
    2700,
    3025,
    3675,
    4375,
    5063,
    5763,
    6450,
    7150,
    7838,
    8538,
    9225,
    9925,
    10613,
    11313,
    12000,
    12700,
    13388,
    14088,
    14788
  },
  [Item.EQUIPPOS_BOOTS] = {
    100,
    240,
    540,
    980,
    1200,
    1470,
    1760,
    2070,
    2340,
    2700,
    3025,
    3675,
    4375,
    5063,
    5763,
    6450,
    7150,
    7838,
    8538,
    9225,
    9925,
    10613,
    11313,
    12000,
    12700,
    13388,
    14088,
    14788
  },
  [Item.EQUIPPOS_NECKLACE] = {
    200,
    480,
    1080,
    1960,
    2400,
    2940,
    3520,
    4140,
    4680,
    5400,
    6050,
    7350,
    8750,
    10126,
    11526,
    12900,
    14300,
    15676,
    17076,
    18450,
    19850,
    21226,
    22626,
    24000,
    25400,
    26776,
    28176,
    29576
  },
  [Item.EQUIPPOS_PENDANT] = {
    200,
    480,
    1080,
    1960,
    2400,
    2940,
    3520,
    4140,
    4680,
    5400,
    6050,
    7350,
    8750,
    10126,
    11526,
    12900,
    14300,
    15676,
    17076,
    18450,
    19850,
    21226,
    22626,
    24000,
    25400,
    26776,
    28176,
    29576
  },
  [Item.EQUIPPOS_AMULET] = {
    200,
    480,
    1080,
    1960,
    2400,
    2940,
    3520,
    4140,
    4680,
    5400,
    6050,
    7350,
    8750,
    10126,
    11526,
    12900,
    14300,
    15676,
    17076,
    18450,
    19850,
    21226,
    22626,
    24000,
    25400,
    26776,
    28176,
    29576
  },
  [Item.EQUIPPOS_RING] = {
    200,
    480,
    1080,
    1960,
    2400,
    2940,
    3520,
    4140,
    4680,
    5400,
    6050,
    7350,
    8750,
    10126,
    11526,
    12900,
    14300,
    15676,
    17076,
    18450,
    19850,
    21226,
    22626,
    24000,
    25400,
    26776,
    28176,
    29576
  }
}
Item.EquipForge.TRANSFER_COST.GREEN = {
  [Item.EQUIPPOS_WEAPON] = {
    1000,
    1600,
    3600,
    5900,
    7200,
    8650,
    10200,
    11800,
    13450,
    15050,
    16625,
    20125,
    23625,
    27065,
    30565,
    34000,
    37500,
    40940,
    44440,
    47875,
    51375,
    54815,
    58315,
    61750,
    65250,
    68690,
    72190,
    75625
  },
  [Item.EQUIPPOS_ARMOR] = {
    600,
    960,
    2160,
    3540,
    4320,
    5190,
    6120,
    7080,
    8070,
    9030,
    9975,
    12075,
    14175,
    16239,
    18339,
    20400,
    22500,
    24564,
    26664,
    28725,
    30825,
    32889,
    34989,
    37050,
    39150,
    41214,
    43314,
    45375
  },
  [Item.EQUIPPOS_HELM] = {
    200,
    320,
    720,
    1180,
    1440,
    1730,
    2040,
    2360,
    2690,
    3010,
    3325,
    4025,
    4725,
    5413,
    6113,
    6800,
    7500,
    8188,
    8888,
    9575,
    10275,
    10963,
    11663,
    12350,
    13050,
    13738,
    14438,
    15125
  },
  [Item.EQUIPPOS_CUFF] = {
    200,
    320,
    720,
    1180,
    1440,
    1730,
    2040,
    2360,
    2690,
    3010,
    3325,
    4025,
    4725,
    5413,
    6113,
    6800,
    7500,
    8188,
    8888,
    9575,
    10275,
    10963,
    11663,
    12350,
    13050,
    13738,
    14438,
    15125
  },
  [Item.EQUIPPOS_BELT] = {
    200,
    320,
    720,
    1180,
    1440,
    1730,
    2040,
    2360,
    2690,
    3010,
    3325,
    4025,
    4725,
    5413,
    6113,
    6800,
    7500,
    8188,
    8888,
    9575,
    10275,
    10963,
    11663,
    12350,
    13050,
    13738,
    14438,
    15125
  },
  [Item.EQUIPPOS_BOOTS] = {
    200,
    320,
    720,
    1180,
    1440,
    1730,
    2040,
    2360,
    2690,
    3010,
    3325,
    4025,
    4725,
    5413,
    6113,
    6800,
    7500,
    8188,
    8888,
    9575,
    10275,
    10963,
    11663,
    12350,
    13050,
    13738,
    14438,
    15125
  },
  [Item.EQUIPPOS_NECKLACE] = {
    400,
    640,
    1440,
    2360,
    2880,
    3460,
    4080,
    4720,
    5380,
    6020,
    6650,
    8050,
    9450,
    10826,
    12226,
    13600,
    15000,
    16376,
    17776,
    19150,
    20550,
    21926,
    23326,
    24700,
    26100,
    27476,
    28876,
    30250
  },
  [Item.EQUIPPOS_PENDANT] = {
    400,
    640,
    1440,
    2360,
    2880,
    3460,
    4080,
    4720,
    5380,
    6020,
    6650,
    8050,
    9450,
    10826,
    12226,
    13600,
    15000,
    16376,
    17776,
    19150,
    20550,
    21926,
    23326,
    24700,
    26100,
    27476,
    28876,
    30250
  },
  [Item.EQUIPPOS_AMULET] = {
    400,
    640,
    1440,
    2360,
    2880,
    3460,
    4080,
    4720,
    5380,
    6020,
    6650,
    8050,
    9450,
    10826,
    12226,
    13600,
    15000,
    16376,
    17776,
    19150,
    20550,
    21926,
    23326,
    24700,
    26100,
    27476,
    28876,
    30250
  },
  [Item.EQUIPPOS_RING] = {
    400,
    640,
    1440,
    2360,
    2880,
    3460,
    4080,
    4720,
    5380,
    6020,
    6650,
    8050,
    9450,
    10826,
    12226,
    13600,
    15000,
    16376,
    17776,
    19150,
    20550,
    21926,
    23326,
    24700,
    26100,
    27476,
    28876,
    30250
  }
}
Item.EquipForge.TRANSFER_COST.BLUE = {
  [Item.EQUIPPOS_WEAPON] = {
    1500,
    2400,
    4450,
    7400,
    8800,
    10350,
    11900,
    13300,
    15150,
    16800,
    18375,
    21875,
    25315,
    28815,
    32250,
    35750,
    39190,
    42690,
    46125,
    49625,
    53065,
    56565,
    60000,
    63500,
    66940,
    70440,
    73940,
    77375
  },
  [Item.EQUIPPOS_ARMOR] = {
    900,
    1440,
    2670,
    4440,
    5280,
    6210,
    7140,
    7980,
    9090,
    10080,
    11025,
    13125,
    15189,
    17289,
    19350,
    21450,
    23514,
    25614,
    27675,
    29775,
    31839,
    33939,
    36000,
    38100,
    40164,
    42264,
    44364,
    46425
  },
  [Item.EQUIPPOS_HELM] = {
    300,
    480,
    890,
    1480,
    1760,
    2070,
    2380,
    2660,
    3030,
    3360,
    3675,
    4375,
    5063,
    5763,
    6450,
    7150,
    7838,
    8538,
    9225,
    9925,
    10613,
    11313,
    12000,
    12700,
    13388,
    14088,
    14788,
    15475
  },
  [Item.EQUIPPOS_CUFF] = {
    300,
    480,
    890,
    1480,
    1760,
    2070,
    2380,
    2660,
    3030,
    3360,
    3675,
    4375,
    5063,
    5763,
    6450,
    7150,
    7838,
    8538,
    9225,
    9925,
    10613,
    11313,
    12000,
    12700,
    13388,
    14088,
    14788,
    15475
  },
  [Item.EQUIPPOS_BELT] = {
    300,
    480,
    890,
    1480,
    1760,
    2070,
    2380,
    2660,
    3030,
    3360,
    3675,
    4375,
    5063,
    5763,
    6450,
    7150,
    7838,
    8538,
    9225,
    9925,
    10613,
    11313,
    12000,
    12700,
    13388,
    14088,
    14788,
    15475
  },
  [Item.EQUIPPOS_BOOTS] = {
    300,
    480,
    890,
    1480,
    1760,
    2070,
    2380,
    2660,
    3030,
    3360,
    3675,
    4375,
    5063,
    5763,
    6450,
    7150,
    7838,
    8538,
    9225,
    9925,
    10613,
    11313,
    12000,
    12700,
    13388,
    14088,
    14788,
    15475
  },
  [Item.EQUIPPOS_NECKLACE] = {
    600,
    960,
    1780,
    2960,
    3520,
    4140,
    4760,
    5320,
    6060,
    6720,
    7350,
    8750,
    10126,
    11526,
    12900,
    14300,
    15676,
    17076,
    18450,
    19850,
    21226,
    22626,
    24000,
    25400,
    26776,
    28176,
    29576,
    30950
  },
  [Item.EQUIPPOS_PENDANT] = {
    600,
    960,
    1780,
    2960,
    3520,
    4140,
    4760,
    5320,
    6060,
    6720,
    7350,
    8750,
    10126,
    11526,
    12900,
    14300,
    15676,
    17076,
    18450,
    19850,
    21226,
    22626,
    24000,
    25400,
    26776,
    28176,
    29576,
    30950
  },
  [Item.EQUIPPOS_AMULET] = {
    600,
    960,
    1780,
    2960,
    3520,
    4140,
    4760,
    5320,
    6060,
    6720,
    7350,
    8750,
    10126,
    11526,
    12900,
    14300,
    15676,
    17076,
    18450,
    19850,
    21226,
    22626,
    24000,
    25400,
    26776,
    28176,
    29576,
    30950
  },
  [Item.EQUIPPOS_RING] = {
    600,
    960,
    1780,
    2960,
    3520,
    4140,
    4760,
    5320,
    6060,
    6720,
    7350,
    8750,
    10126,
    11526,
    12900,
    14300,
    15676,
    17076,
    18450,
    19850,
    21226,
    22626,
    24000,
    25400,
    26776,
    28176,
    29576,
    30950
  }
}
Item.EquipForge.TRANSFER_COST.PURPLE = {
  [Item.EQUIPPOS_WEAPON] = {
    2000,
    3200,
    5350,
    8850,
    10400,
    12000,
    13650,
    15250,
    16900,
    18550,
    20125,
    23625,
    27065,
    30565,
    34000,
    37500,
    40940,
    44440,
    47875,
    51375,
    54815,
    58315,
    61750,
    65250,
    68690,
    72190,
    75625,
    79125
  },
  [Item.EQUIPPOS_ARMOR] = {
    1200,
    1920,
    3210,
    5310,
    6240,
    7200,
    8190,
    9150,
    10140,
    11130,
    12075,
    14175,
    16239,
    18339,
    20400,
    22500,
    24564,
    26664,
    28725,
    30825,
    32889,
    34989,
    37050,
    39150,
    41214,
    43314,
    45375,
    47475
  },
  [Item.EQUIPPOS_HELM] = {
    400,
    640,
    1070,
    1770,
    2080,
    2400,
    2730,
    3050,
    3380,
    3710,
    4025,
    4725,
    5413,
    6113,
    6800,
    7500,
    8188,
    8888,
    9575,
    10275,
    10963,
    11663,
    12350,
    13050,
    13738,
    14438,
    15125,
    15825
  },
  [Item.EQUIPPOS_CUFF] = {
    400,
    640,
    1070,
    1770,
    2080,
    2400,
    2730,
    3050,
    3380,
    3710,
    4025,
    4725,
    5413,
    6113,
    6800,
    7500,
    8188,
    8888,
    9575,
    10275,
    10963,
    11663,
    12350,
    13050,
    13738,
    14438,
    15125,
    15825
  },
  [Item.EQUIPPOS_BELT] = {
    400,
    640,
    1070,
    1770,
    2080,
    2400,
    2730,
    3050,
    3380,
    3710,
    4025,
    4725,
    5413,
    6113,
    6800,
    7500,
    8188,
    8888,
    9575,
    10275,
    10963,
    11663,
    12350,
    13050,
    13738,
    14438,
    15125,
    15825
  },
  [Item.EQUIPPOS_BOOTS] = {
    400,
    640,
    1070,
    1770,
    2080,
    2400,
    2730,
    3050,
    3380,
    3710,
    4025,
    4725,
    5413,
    6113,
    6800,
    7500,
    8188,
    8888,
    9575,
    10275,
    10963,
    11663,
    12350,
    13050,
    13738,
    14438,
    15125,
    15825
  },
  [Item.EQUIPPOS_NECKLACE] = {
    800,
    1280,
    2140,
    3540,
    4160,
    4800,
    5460,
    6100,
    6760,
    7420,
    8050,
    9450,
    10826,
    12226,
    13600,
    15000,
    16376,
    17776,
    19150,
    20550,
    21926,
    23326,
    24700,
    26100,
    27476,
    28876,
    30250,
    31650
  },
  [Item.EQUIPPOS_PENDANT] = {
    800,
    1280,
    2140,
    3540,
    4160,
    4800,
    5460,
    6100,
    6760,
    7420,
    8050,
    9450,
    10826,
    12226,
    13600,
    15000,
    16376,
    17776,
    19150,
    20550,
    21926,
    23326,
    24700,
    26100,
    27476,
    28876,
    30250,
    31650
  },
  [Item.EQUIPPOS_AMULET] = {
    800,
    1280,
    2140,
    3540,
    4160,
    4800,
    5460,
    6100,
    6760,
    7420,
    8050,
    9450,
    10826,
    12226,
    13600,
    15000,
    16376,
    17776,
    19150,
    20550,
    21926,
    23326,
    24700,
    26100,
    27476,
    28876,
    30250,
    31650
  },
  [Item.EQUIPPOS_RING] = {
    800,
    1280,
    2140,
    3540,
    4160,
    4800,
    5460,
    6100,
    6760,
    7420,
    8050,
    9450,
    10826,
    12226,
    13600,
    15000,
    16376,
    17776,
    19150,
    20550,
    21926,
    23326,
    24700,
    26100,
    27476,
    28876,
    30250,
    31650
  }
}
Item.EquipForge.TRANSFER_COST.PINK = {
  [Item.EQUIPPOS_WEAPON] = {
    3000,
    4000,
    6700,
    10850,
    12400,
    14000,
    15350,
    17250,
    18850,
    20450,
    21875,
    25315,
    28815,
    32250,
    35750,
    39190,
    42690,
    46125,
    49625,
    53065,
    56565,
    60000,
    63500,
    66940,
    70440,
    73940,
    77375,
    80875
  },
  [Item.EQUIPPOS_ARMOR] = {
    1800,
    2400,
    4020,
    6510,
    7440,
    8400,
    9210,
    10350,
    11310,
    12270,
    13125,
    15189,
    17289,
    19350,
    21450,
    23514,
    25614,
    27675,
    29775,
    31839,
    33939,
    36000,
    38100,
    40164,
    42264,
    44364,
    46425,
    48525
  },
  [Item.EQUIPPOS_HELM] = {
    600,
    800,
    1340,
    2170,
    2480,
    2800,
    3070,
    3450,
    3770,
    4090,
    4375,
    5063,
    5763,
    6450,
    7150,
    7838,
    8538,
    9225,
    9925,
    10613,
    11313,
    12000,
    12700,
    13388,
    14088,
    14788,
    15475,
    16175
  },
  [Item.EQUIPPOS_CUFF] = {
    600,
    800,
    1340,
    2170,
    2480,
    2800,
    3070,
    3450,
    3770,
    4090,
    4375,
    5063,
    5763,
    6450,
    7150,
    7838,
    8538,
    9225,
    9925,
    10613,
    11313,
    12000,
    12700,
    13388,
    14088,
    14788,
    15475,
    16175
  },
  [Item.EQUIPPOS_BELT] = {
    600,
    800,
    1340,
    2170,
    2480,
    2800,
    3070,
    3450,
    3770,
    4090,
    4375,
    5063,
    5763,
    6450,
    7150,
    7838,
    8538,
    9225,
    9925,
    10613,
    11313,
    12000,
    12700,
    13388,
    14088,
    14788,
    15475,
    16175
  },
  [Item.EQUIPPOS_BOOTS] = {
    600,
    800,
    1340,
    2170,
    2480,
    2800,
    3070,
    3450,
    3770,
    4090,
    4375,
    5063,
    5763,
    6450,
    7150,
    7838,
    8538,
    9225,
    9925,
    10613,
    11313,
    12000,
    12700,
    13388,
    14088,
    14788,
    15475,
    16175
  },
  [Item.EQUIPPOS_NECKLACE] = {
    1200,
    1600,
    2680,
    4340,
    4960,
    5600,
    6140,
    6900,
    7540,
    8180,
    8750,
    10126,
    11526,
    12900,
    14300,
    15676,
    17076,
    18450,
    19850,
    21226,
    22626,
    24000,
    25400,
    26776,
    28176,
    29576,
    30950,
    32350
  },
  [Item.EQUIPPOS_PENDANT] = {
    1200,
    1600,
    2680,
    4340,
    4960,
    5600,
    6140,
    6900,
    7540,
    8180,
    8750,
    10126,
    11526,
    12900,
    14300,
    15676,
    17076,
    18450,
    19850,
    21226,
    22626,
    24000,
    25400,
    26776,
    28176,
    29576,
    30950,
    32350
  },
  [Item.EQUIPPOS_AMULET] = {
    1200,
    1600,
    2680,
    4340,
    4960,
    5600,
    6140,
    6900,
    7540,
    8180,
    8750,
    10126,
    11526,
    12900,
    14300,
    15676,
    17076,
    18450,
    19850,
    21226,
    22626,
    24000,
    25400,
    26776,
    28176,
    29576,
    30950,
    32350
  },
  [Item.EQUIPPOS_RING] = {
    1200,
    1600,
    2680,
    4340,
    4960,
    5600,
    6140,
    6900,
    7540,
    8180,
    8750,
    10126,
    11526,
    12900,
    14300,
    15676,
    17076,
    18450,
    19850,
    21226,
    22626,
    24000,
    25400,
    26776,
    28176,
    29576,
    30950,
    32350
  }
}
Item.EquipForge.TRANSFER_COST.ORANGE = {
  [Item.EQUIPPOS_WEAPON] = {
    4000,
    4800,
    8000,
    12800,
    14400,
    16000,
    17600,
    19200,
    20800,
    22400,
    24570,
    28145,
    31785,
    35360,
    39000,
    42575,
    46215,
    49790,
    53430,
    57005,
    60645,
    64220,
    67860,
    71435,
    75075,
    78650,
    82290,
    85865
  },
  [Item.EQUIPPOS_ARMOR] = {
    2400,
    2880,
    4800,
    7680,
    8640,
    9600,
    10560,
    11520,
    12480,
    13440,
    14742,
    16887,
    19071,
    21216,
    23400,
    25545,
    27729,
    29874,
    32058,
    34203,
    36387,
    38532,
    40716,
    42861,
    45045,
    47190,
    49374,
    51519
  },
  [Item.EQUIPPOS_HELM] = {
    800,
    960,
    1600,
    2560,
    2880,
    3200,
    3520,
    3840,
    4160,
    4480,
    4914,
    5629,
    6357,
    7072,
    7800,
    8515,
    9243,
    9958,
    10686,
    11401,
    12129,
    12844,
    13572,
    14287,
    15015,
    15730,
    16458,
    17173
  },
  [Item.EQUIPPOS_CUFF] = {
    800,
    960,
    1600,
    2560,
    2880,
    3200,
    3520,
    3840,
    4160,
    4480,
    4914,
    5629,
    6357,
    7072,
    7800,
    8515,
    9243,
    9958,
    10686,
    11401,
    12129,
    12844,
    13572,
    14287,
    15015,
    15730,
    16458,
    17173
  },
  [Item.EQUIPPOS_BELT] = {
    800,
    960,
    1600,
    2560,
    2880,
    3200,
    3520,
    3840,
    4160,
    4480,
    4914,
    5629,
    6357,
    7072,
    7800,
    8515,
    9243,
    9958,
    10686,
    11401,
    12129,
    12844,
    13572,
    14287,
    15015,
    15730,
    16458,
    17173
  },
  [Item.EQUIPPOS_BOOTS] = {
    800,
    960,
    1600,
    2560,
    2880,
    3200,
    3520,
    3840,
    4160,
    4480,
    4914,
    5629,
    6357,
    7072,
    7800,
    8515,
    9243,
    9958,
    10686,
    11401,
    12129,
    12844,
    13572,
    14287,
    15015,
    15730,
    16458,
    17173
  },
  [Item.EQUIPPOS_NECKLACE] = {
    1600,
    1920,
    3200,
    5120,
    5760,
    6400,
    7040,
    7680,
    8320,
    8960,
    9828,
    11258,
    12714,
    14144,
    15600,
    17030,
    18486,
    19916,
    21372,
    22802,
    24258,
    25688,
    27144,
    28574,
    30030,
    31460,
    32916,
    34346
  },
  [Item.EQUIPPOS_PENDANT] = {
    1600,
    1920,
    3200,
    5120,
    5760,
    6400,
    7040,
    7680,
    8320,
    8960,
    9828,
    11258,
    12714,
    14144,
    15600,
    17030,
    18486,
    19916,
    21372,
    22802,
    24258,
    25688,
    27144,
    28574,
    30030,
    31460,
    32916,
    34346
  },
  [Item.EQUIPPOS_AMULET] = {
    1600,
    1920,
    3200,
    5120,
    5760,
    6400,
    7040,
    7680,
    8320,
    8960,
    9828,
    11258,
    12714,
    14144,
    15600,
    17030,
    18486,
    19916,
    21372,
    22802,
    24258,
    25688,
    27144,
    28574,
    30030,
    31460,
    32916,
    34346
  },
  [Item.EQUIPPOS_RING] = {
    1600,
    1920,
    3200,
    5120,
    5760,
    6400,
    7040,
    7680,
    8320,
    8960,
    9828,
    11258,
    12714,
    14144,
    15600,
    17030,
    18486,
    19916,
    21372,
    22802,
    24258,
    25688,
    27144,
    28574,
    30030,
    31460,
    32916,
    34346
  }
}
Item.EquipForge.ATTR_ACTIVATE_LIST = {
  [Item.EQUIPPOS_WEAPON] = {
    Item.emSERIES_TYPE.SERIES_METAL,
    Item.emSERIES_TYPE.SERIES_WOOD,
    Item.emSERIES_TYPE.SERIES_WATER,
    Item.emSERIES_TYPE.SERIES_FIRE,
    Item.emSERIES_TYPE.SERIES_EARTH
  },
  [Item.EQUIPPOS_HELM] = {
    Item.emSERIES_TYPE.SERIES_METAL,
    Item.emSERIES_TYPE.SERIES_WOOD,
    Item.emSERIES_TYPE.SERIES_WATER,
    Item.emSERIES_TYPE.SERIES_FIRE,
    Item.emSERIES_TYPE.SERIES_EARTH
  },
  [Item.EQUIPPOS_NECKLACE] = {
    Item.emSERIES_TYPE.SERIES_WATER,
    Item.emSERIES_TYPE.SERIES_FIRE,
    Item.emSERIES_TYPE.SERIES_WOOD,
    Item.emSERIES_TYPE.SERIES_EARTH,
    Item.emSERIES_TYPE.SERIES_METAL
  },
  [Item.EQUIPPOS_CUFF] = {
    Item.emSERIES_TYPE.SERIES_WATER,
    Item.emSERIES_TYPE.SERIES_FIRE,
    Item.emSERIES_TYPE.SERIES_WOOD,
    Item.emSERIES_TYPE.SERIES_EARTH,
    Item.emSERIES_TYPE.SERIES_METAL
  },
  [Item.EQUIPPOS_RING] = {
    Item.emSERIES_TYPE.SERIES_WOOD,
    Item.emSERIES_TYPE.SERIES_EARTH,
    Item.emSERIES_TYPE.SERIES_FIRE,
    Item.emSERIES_TYPE.SERIES_METAL,
    Item.emSERIES_TYPE.SERIES_WATER
  },
  [Item.EQUIPPOS_ARMOR] = {
    Item.emSERIES_TYPE.SERIES_WOOD,
    Item.emSERIES_TYPE.SERIES_EARTH,
    Item.emSERIES_TYPE.SERIES_FIRE,
    Item.emSERIES_TYPE.SERIES_METAL,
    Item.emSERIES_TYPE.SERIES_WATER
  },
  [Item.EQUIPPOS_PENDANT] = {
    Item.emSERIES_TYPE.SERIES_FIRE,
    Item.emSERIES_TYPE.SERIES_METAL,
    Item.emSERIES_TYPE.SERIES_EARTH,
    Item.emSERIES_TYPE.SERIES_WATER,
    Item.emSERIES_TYPE.SERIES_WOOD
  },
  [Item.EQUIPPOS_BELT] = {
    Item.emSERIES_TYPE.SERIES_FIRE,
    Item.emSERIES_TYPE.SERIES_METAL,
    Item.emSERIES_TYPE.SERIES_EARTH,
    Item.emSERIES_TYPE.SERIES_WATER,
    Item.emSERIES_TYPE.SERIES_WOOD
  },
  [Item.EQUIPPOS_AMULET] = {
    Item.emSERIES_TYPE.SERIES_EARTH,
    Item.emSERIES_TYPE.SERIES_WATER,
    Item.emSERIES_TYPE.SERIES_METAL,
    Item.emSERIES_TYPE.SERIES_WOOD,
    Item.emSERIES_TYPE.SERIES_FIRE
  },
  [Item.EQUIPPOS_BOOTS] = {
    Item.emSERIES_TYPE.SERIES_EARTH,
    Item.emSERIES_TYPE.SERIES_WATER,
    Item.emSERIES_TYPE.SERIES_METAL,
    Item.emSERIES_TYPE.SERIES_WOOD,
    Item.emSERIES_TYPE.SERIES_FIRE
  }
}
Item.EquipForge.ATTR_CONVERT = {
  allsect_metaldamage_v = {
    "allsect_metaldamage_v",
    "allsect_wooddamage_v",
    "allsect_waterdamage_v",
    "allsect_firedamage_v",
    "allsect_earthdamage_v"
  },
  metal_resist_v = {
    "metal_resist_v",
    "wood_resist_v",
    "water_resist_v",
    "fire_resist_v",
    "earth_resist_v"
  }
}
Item.EquipForge.EQUIP_TO_FORGE_QUALITY = {
  [2] = 1,
  [4] = 2,
  [6] = 3
}
