Item.JLEquipRandomWeight = {
  [0] = 70,
  [1] = 20,
  [2] = 10
}
Item.JLEquipRandomAttriPool = {}
Item.JLEquipRandomAttriPool[1] = {
  [0] = 56,
  [1] = {
    1,
    11,
    21,
    31,
    41,
    51,
    61,
    71,
    81,
    91,
    101,
    311
  },
  [2] = {
    111,
    121,
    211,
    221,
    231,
    241,
    251,
    131,
    141,
    151,
    191,
    321
  },
  [3] = {
    161,
    171,
    71,
    81,
    111,
    181,
    201,
    261,
    271,
    281,
    291,
    301
  },
  [4] = {
    161,
    171,
    71,
    81,
    111,
    181,
    201,
    261,
    271,
    281,
    291,
    301
  }
}
Item.JLEquipRandomAttriPool[2] = {
  [0] = 67,
  [1] = {
    2,
    12,
    22,
    32,
    42,
    52,
    62,
    72,
    82,
    92,
    102,
    312
  },
  [2] = {
    112,
    122,
    212,
    222,
    232,
    242,
    252,
    132,
    142,
    152,
    192,
    322
  },
  [3] = {
    162,
    172,
    72,
    82,
    112,
    182,
    202,
    262,
    272,
    282,
    292,
    302
  },
  [4] = {
    162,
    172,
    72,
    82,
    112,
    182,
    202,
    262,
    272,
    282,
    292,
    302
  }
}
Item.JLEquipRandomAttriPool[3] = {
  [0] = 133,
  [1] = {
    3,
    13,
    23,
    33,
    43,
    53,
    63,
    73,
    83,
    93,
    103,
    313
  },
  [2] = {
    113,
    123,
    213,
    223,
    233,
    243,
    253,
    133,
    143,
    153,
    193,
    323
  },
  [3] = {
    163,
    173,
    73,
    83,
    113,
    183,
    203,
    263,
    273,
    283,
    293,
    303
  },
  [4] = {
    163,
    173,
    73,
    83,
    113,
    183,
    203,
    263,
    273,
    283,
    293,
    303
  }
}
Item.JLEquipRandomAttriPool[4] = {
  [0] = 202,
  [1] = {
    4,
    14,
    24,
    34,
    44,
    54,
    64,
    74,
    84,
    94,
    104,
    314
  },
  [2] = {
    114,
    124,
    214,
    224,
    234,
    244,
    254,
    134,
    144,
    154,
    194,
    324
  },
  [3] = {
    164,
    174,
    74,
    84,
    114,
    184,
    204,
    264,
    274,
    284,
    294,
    304
  },
  [4] = {
    164,
    174,
    74,
    84,
    114,
    184,
    204,
    264,
    274,
    284,
    294,
    304
  }
}
Item.JLEquipRandomAttriPool[5] = {
  [0] = 274,
  [1] = {
    5,
    15,
    25,
    35,
    45,
    55,
    65,
    75,
    85,
    95,
    105,
    315
  },
  [2] = {
    115,
    125,
    215,
    225,
    235,
    245,
    255,
    135,
    145,
    155,
    195,
    325
  },
  [3] = {
    165,
    175,
    75,
    85,
    115,
    185,
    205,
    265,
    275,
    285,
    295,
    305
  },
  [4] = {
    165,
    175,
    75,
    85,
    115,
    185,
    205,
    265,
    275,
    285,
    295,
    305
  }
}
Item.JLEquipRandomAttriPool[6] = {
  [0] = 353,
  [1] = {
    6,
    16,
    26,
    36,
    46,
    56,
    66,
    76,
    86,
    96,
    106,
    316
  },
  [2] = {
    116,
    126,
    216,
    226,
    236,
    246,
    256,
    136,
    146,
    156,
    196,
    326
  },
  [3] = {
    166,
    176,
    76,
    86,
    116,
    186,
    206,
    266,
    276,
    286,
    296,
    306
  },
  [4] = {
    166,
    176,
    76,
    86,
    116,
    186,
    206,
    266,
    276,
    286,
    296,
    306
  }
}
Item.JLEquipRandomAttriPool[7] = {
  [0] = 439,
  [1] = {
    7,
    17,
    27,
    37,
    47,
    57,
    67,
    77,
    87,
    97,
    107,
    317
  },
  [2] = {
    117,
    127,
    217,
    227,
    237,
    247,
    257,
    137,
    147,
    157,
    197,
    327
  },
  [3] = {
    167,
    177,
    77,
    87,
    117,
    187,
    207,
    267,
    277,
    287,
    297,
    307
  },
  [4] = {
    167,
    177,
    77,
    87,
    117,
    187,
    207,
    267,
    277,
    287,
    297,
    307
  }
}
Item.JLEquipRandomAttriPool[8] = {
  [0] = 534,
  [1] = {
    8,
    18,
    28,
    38,
    48,
    58,
    68,
    78,
    88,
    98,
    108,
    318
  },
  [2] = {
    118,
    128,
    218,
    228,
    238,
    248,
    258,
    138,
    148,
    158,
    198,
    328
  },
  [3] = {
    168,
    178,
    78,
    88,
    118,
    188,
    208,
    268,
    278,
    288,
    298,
    308
  },
  [4] = {
    168,
    178,
    78,
    88,
    118,
    188,
    208,
    268,
    278,
    288,
    298,
    308
  }
}
Item.JLEquipRandomAttriPool[9] = {
  [0] = 635,
  [1] = {
    9,
    19,
    29,
    39,
    49,
    59,
    69,
    79,
    89,
    99,
    109,
    319
  },
  [2] = {
    119,
    129,
    219,
    229,
    239,
    249,
    259,
    139,
    149,
    159,
    199,
    329
  },
  [3] = {
    169,
    179,
    79,
    89,
    119,
    189,
    209,
    269,
    279,
    289,
    299,
    309
  },
  [4] = {
    169,
    179,
    79,
    89,
    119,
    189,
    209,
    269,
    279,
    289,
    299,
    309
  }
}
Item.JLEquipRandomAttriPool[10] = {
  [0] = 746,
  [1] = {
    10,
    20,
    30,
    40,
    50,
    60,
    70,
    80,
    90,
    100,
    110,
    320
  },
  [2] = {
    120,
    130,
    220,
    230,
    240,
    250,
    260,
    140,
    150,
    160,
    200,
    330
  },
  [3] = {
    170,
    180,
    80,
    90,
    120,
    190,
    210,
    270,
    280,
    290,
    300,
    310
  },
  [4] = {
    170,
    180,
    80,
    90,
    120,
    190,
    210,
    270,
    280,
    290,
    300,
    310
  }
}
Item.JLEquipRandomAttriPool[11] = {
  [0] = 864,
  [1] = {
    661,
    669,
    677,
    685,
    693,
    701,
    709,
    717,
    725,
    733,
    741,
    909
  },
  [2] = {
    749,
    757,
    765,
    773,
    781,
    813,
    829,
    837,
    845,
    853,
    861,
    917
  },
  [3] = {
    789,
    797,
    805,
    821,
    869,
    877,
    885,
    893,
    901,
    749,
    717,
    725
  },
  [4] = {
    789,
    797,
    805,
    821,
    869,
    877,
    885,
    893,
    901,
    749,
    717,
    725
  }
}
Item.JLEquipRandomAttriPool[12] = {
  [0] = 989,
  [1] = {
    662,
    670,
    678,
    686,
    694,
    702,
    710,
    718,
    726,
    734,
    742,
    910
  },
  [2] = {
    750,
    758,
    766,
    774,
    782,
    814,
    830,
    838,
    846,
    854,
    862,
    918
  },
  [3] = {
    790,
    798,
    806,
    822,
    870,
    878,
    886,
    894,
    902,
    750,
    718,
    726
  },
  [4] = {
    790,
    798,
    806,
    822,
    870,
    878,
    886,
    894,
    902,
    750,
    718,
    726
  }
}
Item.JLEquipRandomAttriPool[13] = {
  [0] = 1123,
  [1] = {
    663,
    671,
    679,
    687,
    695,
    703,
    711,
    719,
    727,
    735,
    743,
    911
  },
  [2] = {
    751,
    759,
    767,
    775,
    783,
    815,
    831,
    839,
    847,
    855,
    863,
    919
  },
  [3] = {
    791,
    799,
    807,
    823,
    871,
    879,
    887,
    895,
    903,
    751,
    719,
    727
  },
  [4] = {
    791,
    799,
    807,
    823,
    871,
    879,
    887,
    895,
    903,
    751,
    719,
    727
  }
}
Item.JLEquipRandomAttriPool[14] = {
  [0] = 1264,
  [1] = {
    664,
    672,
    680,
    688,
    696,
    704,
    712,
    720,
    728,
    736,
    744,
    912
  },
  [2] = {
    752,
    760,
    768,
    776,
    784,
    816,
    832,
    840,
    848,
    856,
    864,
    920
  },
  [3] = {
    792,
    800,
    808,
    824,
    872,
    880,
    888,
    896,
    904,
    752,
    720,
    728
  },
  [4] = {
    792,
    800,
    808,
    824,
    872,
    880,
    888,
    896,
    904,
    752,
    720,
    728
  }
}
Item.JLEquipRandomAttriPool[15] = {
  [0] = 1412,
  [1] = {
    665,
    673,
    681,
    689,
    697,
    705,
    713,
    721,
    729,
    737,
    745,
    913
  },
  [2] = {
    753,
    761,
    769,
    777,
    785,
    817,
    833,
    841,
    849,
    857,
    865,
    921
  },
  [3] = {
    793,
    801,
    809,
    825,
    873,
    881,
    889,
    897,
    905,
    753,
    721,
    729
  },
  [4] = {
    793,
    801,
    809,
    825,
    873,
    881,
    889,
    897,
    905,
    753,
    721,
    729
  }
}
Item.JLEquipRandomAttriPool[16] = {
  [0] = 1569,
  [1] = {
    666,
    674,
    682,
    690,
    698,
    706,
    714,
    722,
    730,
    738,
    746,
    914
  },
  [2] = {
    754,
    762,
    770,
    778,
    786,
    818,
    834,
    842,
    850,
    858,
    866,
    922
  },
  [3] = {
    794,
    802,
    810,
    826,
    874,
    882,
    890,
    898,
    906,
    754,
    722,
    730
  },
  [4] = {
    794,
    802,
    810,
    826,
    874,
    882,
    890,
    898,
    906,
    754,
    722,
    730
  }
}
Item.JLEquipRandomAttriPool[17] = {
  [0] = 1734,
  [1] = {
    667,
    675,
    683,
    691,
    699,
    707,
    715,
    723,
    731,
    739,
    747,
    915
  },
  [2] = {
    755,
    763,
    771,
    779,
    787,
    819,
    835,
    843,
    851,
    859,
    867,
    923
  },
  [3] = {
    795,
    803,
    811,
    827,
    875,
    883,
    891,
    899,
    907,
    755,
    723,
    731
  },
  [4] = {
    795,
    803,
    811,
    827,
    875,
    883,
    891,
    899,
    907,
    755,
    723,
    731
  }
}
Item.JLEquipRandomAttriPool[18] = {
  [0] = 1906,
  [1] = {
    668,
    676,
    684,
    692,
    700,
    708,
    716,
    724,
    732,
    740,
    748,
    916
  },
  [2] = {
    756,
    764,
    772,
    780,
    788,
    820,
    836,
    844,
    852,
    860,
    868,
    924
  },
  [3] = {
    796,
    804,
    812,
    828,
    876,
    884,
    892,
    900,
    908,
    756,
    724,
    732
  },
  [4] = {
    796,
    804,
    812,
    828,
    876,
    884,
    892,
    900,
    908,
    756,
    724,
    732
  }
}
Item.JLEquipRandomAttriPool[19] = {
  [0] = 2063,
  [1] = {
    1189,
    1309,
    1549,
    1569,
    1609,
    1529,
    1589,
    1389,
    1369,
    1629,
    1669,
    1769
  },
  [2] = {
    1789,
    1709,
    1409,
    1349,
    1329,
    1809,
    1229,
    1249,
    1269,
    1209,
    1289,
    1689
  },
  [3] = {
    1729,
    1649,
    1749,
    1829,
    1449,
    1469,
    1489,
    1429,
    1509,
    1789,
    1389,
    1369
  },
  [4] = {
    1729,
    1649,
    1749,
    1829,
    1449,
    1469,
    1489,
    1429,
    1509,
    1789,
    1389,
    1369
  }
}
Item.JLEquipRandomAttriPool[20] = {
  [0] = 2227,
  [1] = {
    1190,
    1310,
    1550,
    1570,
    1610,
    1530,
    1590,
    1390,
    1370,
    1630,
    1670,
    1770
  },
  [2] = {
    1790,
    1710,
    1410,
    1350,
    1330,
    1810,
    1230,
    1250,
    1270,
    1210,
    1290,
    1690
  },
  [3] = {
    1730,
    1650,
    1750,
    1830,
    1450,
    1470,
    1490,
    1430,
    1510,
    1790,
    1390,
    1370
  },
  [4] = {
    1730,
    1650,
    1750,
    1830,
    1450,
    1470,
    1490,
    1430,
    1510,
    1790,
    1390,
    1370
  }
}
Item.JLEquipRandomAttriPool[21] = {
  [0] = 2392,
  [1] = {
    1191,
    1311,
    1551,
    1571,
    1611,
    1531,
    1591,
    1391,
    1371,
    1631,
    1671,
    1771
  },
  [2] = {
    1791,
    1711,
    1411,
    1351,
    1331,
    1811,
    1231,
    1251,
    1271,
    1211,
    1291,
    1691
  },
  [3] = {
    1731,
    1651,
    1751,
    1831,
    1451,
    1471,
    1491,
    1431,
    1511,
    1791,
    1391,
    1371
  },
  [4] = {
    1731,
    1651,
    1751,
    1831,
    1451,
    1471,
    1491,
    1431,
    1511,
    1791,
    1391,
    1371
  }
}
Item.JLEquipRandomAttriPool[22] = {
  [0] = 2557,
  [1] = {
    1192,
    1312,
    1552,
    1572,
    1612,
    1532,
    1592,
    1392,
    1372,
    1632,
    1672,
    1772
  },
  [2] = {
    1792,
    1712,
    1412,
    1352,
    1332,
    1812,
    1232,
    1252,
    1272,
    1212,
    1292,
    1692
  },
  [3] = {
    1732,
    1652,
    1752,
    1832,
    1452,
    1472,
    1492,
    1432,
    1512,
    1792,
    1392,
    1372
  },
  [4] = {
    1732,
    1652,
    1752,
    1832,
    1452,
    1472,
    1492,
    1432,
    1512,
    1792,
    1392,
    1372
  }
}
Item.JLEquipRandomAttriPool[23] = {
  [0] = 2721,
  [1] = {
    1193,
    1313,
    1553,
    1573,
    1613,
    1533,
    1593,
    1393,
    1373,
    1633,
    1673,
    1773
  },
  [2] = {
    1793,
    1713,
    1413,
    1353,
    1333,
    1813,
    1233,
    1253,
    1273,
    1213,
    1293,
    1693
  },
  [3] = {
    1733,
    1653,
    1753,
    1833,
    1453,
    1473,
    1493,
    1433,
    1513,
    1793,
    1393,
    1373
  },
  [4] = {
    1733,
    1653,
    1753,
    1833,
    1453,
    1473,
    1493,
    1433,
    1513,
    1793,
    1393,
    1373
  }
}
Item.JLEquipRandomAttriPool[24] = {
  [0] = 2885,
  [1] = {
    1194,
    1314,
    1554,
    1574,
    1614,
    1534,
    1594,
    1394,
    1374,
    1634,
    1674,
    1774
  },
  [2] = {
    1794,
    1714,
    1414,
    1354,
    1334,
    1814,
    1234,
    1254,
    1274,
    1214,
    1294,
    1694
  },
  [3] = {
    1734,
    1654,
    1754,
    1834,
    1454,
    1474,
    1494,
    1434,
    1514,
    1794,
    1394,
    1374
  },
  [4] = {
    1734,
    1654,
    1754,
    1834,
    1454,
    1474,
    1494,
    1434,
    1514,
    1794,
    1394,
    1374
  }
}
Item.JLEquipRandomAttriPool[25] = {
  [0] = 3050,
  [1] = {
    1195,
    1315,
    1555,
    1575,
    1615,
    1535,
    1595,
    1395,
    1375,
    1635,
    1675,
    1775
  },
  [2] = {
    1795,
    1715,
    1415,
    1355,
    1335,
    1815,
    1235,
    1255,
    1275,
    1215,
    1295,
    1695
  },
  [3] = {
    1735,
    1655,
    1755,
    1835,
    1455,
    1475,
    1495,
    1435,
    1515,
    1795,
    1395,
    1375
  },
  [4] = {
    1735,
    1655,
    1755,
    1835,
    1455,
    1475,
    1495,
    1435,
    1515,
    1795,
    1395,
    1375
  }
}
Item.JLEquipRandomAttriPool[26] = {
  [0] = 3215,
  [1] = {
    1196,
    1316,
    1556,
    1576,
    1616,
    1536,
    1596,
    1396,
    1376,
    1636,
    1676,
    1776
  },
  [2] = {
    1796,
    1716,
    1416,
    1356,
    1336,
    1816,
    1236,
    1256,
    1276,
    1216,
    1296,
    1696
  },
  [3] = {
    1736,
    1656,
    1756,
    1836,
    1456,
    1476,
    1496,
    1436,
    1516,
    1796,
    1396,
    1376
  },
  [4] = {
    1736,
    1656,
    1756,
    1836,
    1456,
    1476,
    1496,
    1436,
    1516,
    1796,
    1396,
    1376
  }
}
Item.JLEquipRandomAttriPool[27] = {
  [0] = 3380,
  [1] = {
    1197,
    1317,
    1557,
    1577,
    1617,
    1537,
    1597,
    1397,
    1377,
    1637,
    1677,
    1777
  },
  [2] = {
    1797,
    1717,
    1417,
    1357,
    1337,
    1817,
    1237,
    1257,
    1277,
    1217,
    1297,
    1697
  },
  [3] = {
    1737,
    1657,
    1757,
    1837,
    1457,
    1477,
    1497,
    1437,
    1517,
    1797,
    1397,
    1377
  },
  [4] = {
    1737,
    1657,
    1757,
    1837,
    1457,
    1477,
    1497,
    1437,
    1517,
    1797,
    1397,
    1377
  }
}
Item.JLEquipRandomAttriPool[28] = {
  [0] = 3543,
  [1] = {
    1198,
    1318,
    1558,
    1578,
    1618,
    1538,
    1598,
    1398,
    1378,
    1638,
    1678,
    1778
  },
  [2] = {
    1798,
    1718,
    1418,
    1358,
    1338,
    1818,
    1238,
    1258,
    1278,
    1218,
    1298,
    1698
  },
  [3] = {
    1738,
    1658,
    1758,
    1838,
    1458,
    1478,
    1498,
    1438,
    1518,
    1798,
    1398,
    1378
  },
  [4] = {
    1738,
    1658,
    1758,
    1838,
    1458,
    1478,
    1498,
    1438,
    1518,
    1798,
    1398,
    1378
  }
}
