__szName	PosX	PosY	NpcTemplateId
矿脉盗匪	33655	46353	9267
矿脉盗匪	33703	44354	9267
矿脉盗匪	33666	42993	9267
矿脉盗匪	33636	41193	9267
矿脉盗匪	34913	40515	9267
矿脉盗匪	34841	42203	9267
矿脉盗匪	34984	44845	9267
矿脉盗匪	34846	46583	9267
矿脉盗匪	36130	46852	9267
矿脉盗匪	36214	45194	9267
矿脉盗匪	37505	42409	9267
矿脉盗匪	36301	40343	9267
矿脉盗匪	37458	40735	9267
矿脉盗匪	36121	41869	9267
矿脉盗匪	37453	45146	9267
矿脉盗匪	37412	47021	9267
矿脉盗匪	38489	46309	9267
矿脉盗匪	38455	44902	9267
矿脉盗匪	38461	41270	9267
楼兰遗民	70534	57488	9268
楼兰遗民	70315	55563	9268
楼兰遗民	70140	53720	9268
楼兰遗民	70487	51520	9268
楼兰遗民	71832	50759	9268
楼兰遗民	71659	53128	9268
楼兰遗民	71630	55946	9268
楼兰遗民	71723	57989	9268
楼兰遗民	72807	58210	9268
楼兰遗民	73003	56332	9268
楼兰遗民	72990	52765	9268
楼兰遗民	73029	50749	9268
楼兰遗民	74409	50895	9268
楼兰遗民	74294	53328	9268
楼兰遗民	74364	56010	9268
楼兰遗民	74040	58263	9268
楼兰遗民	75197	57822	9268
楼兰遗民	75353	56147	9268
楼兰遗民	75596	53765	9268
楼兰遗民	75474	51407	9268
蒙军斥候	64621	119153	9266
蒙军斥候	64287	120773	9266
蒙军斥候	64477	122653	9266
蒙军斥候	64714	124017	9266
蒙军斥候	65745	124587	9266
蒙军斥候	65535	122496	9266
蒙军斥候	65559	120256	9266
蒙军斥候	65893	118397	9266
蒙军斥候	67158	118385	9266
蒙军斥候	66906	119806	9266
蒙军斥候	66773	122604	9266
蒙军斥候	66772	124261	9266
蒙军斥候	67909	124144	9266
蒙军斥候	68043	122479	9266
蒙军斥候	68140	120155	9266
蒙军斥候	68489	118418	9266
蒙军斥候	69451	118744	9266
蒙军斥候	69306	120770	9266
蒙军斥候	69243	122376	9266
蒙军斥候	69010	123987	9266
蒙军斥候	72686	133372	9266
蒙军斥候	72424	135136	9266
蒙军斥候	72562	136944	9266
蒙军斥候	72799	138308	9266
蒙军斥候	73814	138944	9266
蒙军斥候	73654	137024	9266
蒙军斥候	73740	134604	9266
蒙军斥候	73996	132586	9266
蒙军斥候	75113	132475	9266
蒙军斥候	74818	133985	9266
蒙军斥候	74735	137075	9266
蒙军斥候	74758	138448	9266
蒙军斥候	75915	138364	9266
蒙军斥候	76086	136675	9266
蒙军斥候	76242	132574	9266
蒙军斥候	77292	134905	9266
蒙军斥候	77266	132979	9266
蒙军斥候	77249	136511	9266
蒙军斥候	77016	138163	9266
蒙军斥候	76036	134190	9266
蒙军斥候	72851	149521	9266
蒙军斥候	74232	148175	9266
蒙军斥候	74100	150145	9266
蒙军斥候	74057	151709	9266
蒙军斥候	73824	153320	9266
蒙军斥候	72723	153477	9266
蒙军斥候	72689	151812	9266
蒙军斥候	71607	153561	9266
蒙军斥候	71486	152179	9266
蒙军斥候	70580	153887	9266
蒙军斥候	70370	151730	9266
蒙军斥候	69565	153251	9266
蒙军斥候	69328	151887	9266
蒙军斥候	69138	150007	9266
蒙军斥候	69472	148387	9266
蒙军斥候	70421	149612	9266
蒙军斥候	70765	147328	9266
蒙军斥候	71597	149094	9266
蒙军斥候	71980	147562	9266
蒙军斥候	73166	147686	9266
蒙军斥候	54742	125658	9266
蒙军斥候	56758	125579	9266
蒙军斥候	57794	129914	9266
蒙军斥候	55496	132029	9266
蒙军斥候	56708	131836	9266
蒙军斥候	56653	130206	9266
蒙军斥候	64544	105453	9266
蒙军斥候	64697	104017	9266
蒙军斥候	64219	109339	9266
蒙军斥候	63347	105117	9266
蒙军斥候	63393	107967	9266
蒙军斥候	62342	109351	9266
蒙军斥候	54611	132141	9266
蒙军斥候	62076	107521	9266
蒙军斥候	62201	105565	9266
蒙军斥候	62396	103809	9266
蒙军斥候	53782	126284	9266
蒙军斥候	53465	128298	9266
蒙军斥候	53456	129945	9266
蒙军斥候	53596	131540	9266
蒙军斥候	95638	110524	9266
蒙军斥候	95324	112307	9266
蒙军斥候	95484	113733	9266
蒙军斥候	95771	115289	9266
蒙军斥候	96773	115672	9266
蒙军斥候	96534	114043	9266
蒙军斥候	96660	111813	9266
蒙军斥候	96640	109595	9266
蒙军斥候	97962	109454	9266
蒙军斥候	97875	111111	9266
蒙军斥候	97963	114257	9266
蒙军斥候	97931	115785	9266
蒙军斥候	98931	115526	9266
蒙军斥候	99121	113958	9266
蒙军斥候	99266	111544	9266
蒙军斥候	99143	109688	9266
蒙军斥候	100375	110258	9266
蒙军斥候	100400	112164	9266
蒙军斥候	100389	113748	9266
蒙军斥候	100158	115464	9266
蒙军斥候	46102	127935	9266
蒙军斥候	44951	127616	9266
蒙军斥候	44633	129452	9266
蒙军斥候	45912	130050	9266
蒙军斥候	44591	131850	9266
蒙军斥候	45839	131897	9266
蒙军斥候	45448	133517	9266
蒙军斥候	44370	133674	9266
蒙军斥候	43254	133758	9266
蒙军斥候	43261	132300	9266
蒙军斥候	43334	129041	9266
蒙军斥候	43858	127577	9266
蒙军斥候	42427	127536	9266
蒙军斥候	41269	128240	9266
蒙军斥候	42186	129479	9266
蒙军斥候	40877	130075	9266
蒙军斥候	40992	131813	9266
蒙军斥候	42002	131903	9266
蒙军斥候	41212	133412	9266
蒙军斥候	42227	133979	9266
蒙军斥候	33681	126146	9266
蒙军斥候	32428	125802	9266
蒙军斥候	31109	125763	9266
蒙军斥候	29943	125759	9266
蒙军斥候	28812	126915	9266
蒙军斥候	28499	128491	9266
蒙军斥候	29810	127755	9266
蒙军斥候	31196	127197	9266
蒙军斥候	32584	127596	9266
蒙军斥候	33571	128290	9266
蒙军斥候	33478	129897	9266
蒙军斥候	32355	130092	9266
蒙军斥候	31068	130629	9266
蒙军斥候	29738	130058	9266
蒙军斥候	28626	130249	9266
蒙军斥候	28877	131697	9266
蒙军斥候	29838	132142	9266
蒙军斥候	31026	132088	9266
蒙军斥候	32186	131903	9266
蒙军斥候	33256	131607	9266
蒙军斥候	21831	144714	9266
蒙军斥候	20824	140124	9266
蒙军斥候	19503	141209	9266
蒙军斥候	19296	142576	9266
蒙军斥候	19390	144264	9266
蒙军斥候	19630	146125	9266
蒙军斥候	20724	146369	9266
蒙军斥候	20557	144720	9266
蒙军斥候	20773	141888	9266
蒙军斥候	21838	141630	9266
蒙军斥候	21917	146462	9266
蒙军斥候	22066	139944	9266
蒙军斥候	23317	140149	9266
蒙军斥候	24547	140460	9266
蒙军斥候	24577	142884	9266
蒙军斥候	23305	141798	9266
蒙军斥候	23312	144654	9266
蒙军斥候	24506	144524	9266
蒙军斥候	24199	146070	9266
蒙军斥候	22932	146231	9266
蒙军斥候	61213	104373	9266
蒙军斥候	61000	106156	9266
蒙军斥候	61129	107683	9266
蒙军斥候	61506	109155	9266
蒙军斥候	54527	130233	9266
蒙军斥候	63386	109412	9266
蒙军斥候	63581	103565	9266
蒙军斥候	65470	104477	9266
蒙军斥候	65230	109284	9266
蒙军斥候	65510	106322	9266
蒙军斥候	64370	107949	9266
蒙军斥候	65361	108081	9266
蒙军斥候	57691	131382	9266
蒙军斥候	54373	127629	9266
蒙军斥候	55580	127040	9266
蒙军斥候	57623	125994	9266
蒙军斥候	56831	127482	9266
蒙军斥候	55692	125598	9266
蒙军斥候	57863	127861	9266
蒙军斥候	55669	130365	9266
蒙军斥候	30516	128807	9266
楼兰遗民	81164	74737	9268
楼兰遗民	77366	75324	9268
楼兰遗民	77041	77471	9268
楼兰遗民	77193	79597	9268
楼兰遗民	77618	81289	9268
楼兰遗民	78646	81724	9268
楼兰遗民	78620	79887	9268
楼兰遗民	78334	76910	9268
楼兰遗民	78786	74775	9268
楼兰遗民	80031	74863	9268
楼兰遗民	79803	76523	9268
楼兰遗民	79680	80527	9268
楼兰遗民	79755	82035	9268
楼兰遗民	80945	81931	9268
楼兰遗民	80990	79626	9268
楼兰遗民	81128	76885	9268
楼兰遗民	82226	75880	9268
楼兰遗民	82276	77590	9268
楼兰遗民	79027	78034	9268
楼兰遗民	91706	84535	9268
楼兰遗民	91911	86451	9268
楼兰遗民	91783	87979	9268
楼兰遗民	91656	89730	9268
楼兰遗民	87046	89628	9268
楼兰遗民	86608	87685	9268
楼兰遗民	86619	85907	9268
楼兰遗民	86934	84312	9268
楼兰遗民	88294	83681	9268
楼兰遗民	88071	85871	9268
楼兰遗民	88037	88410	9268
楼兰遗民	87965	90259	9268
楼兰遗民	89207	90589	9268
楼兰遗民	89298	88721	9268
楼兰遗民	89359	85444	9268
楼兰遗民	89575	83677	9268
楼兰遗民	90790	83664	9268
楼兰遗民	90660	85807	9268
楼兰遗民	90489	88758	9268
楼兰遗民	90309	90406	9268
楼兰遗民	99334	79020	9268
楼兰遗民	99524	73603	9268
楼兰遗民	98585	73600	9268
楼兰遗民	97390	72866	9268
楼兰遗民	96004	72619	9268
楼兰遗民	94853	72727	9268
楼兰遗民	94548	74537	9268
楼兰遗民	94526	76271	9268
楼兰遗民	94405	78392	9268
楼兰遗民	95729	79138	9268
楼兰遗民	95671	76844	9268
楼兰遗民	95840	74267	9268
楼兰遗民	97382	74584	9268
楼兰遗民	96699	77817	9268
楼兰遗民	96713	79686	9268
楼兰遗民	97968	79617	9268
楼兰遗民	98130	77709	9268
楼兰遗民	98421	75444	9268
楼兰遗民	99174	77394	9268
楼兰遗民	99449	75843	9268
楼兰遗民	86721	62098	9268
楼兰遗民	86608	64337	9268
楼兰遗民	86723	66034	9268
楼兰遗民	87053	67787	9268
楼兰遗民	88237	68272	9268
楼兰遗民	87868	66450	9268
楼兰遗民	87910	63505	9268
楼兰遗民	88218	61518	9268
楼兰遗民	89665	61602	9268
楼兰遗民	89228	66694	9268
楼兰遗民	89564	68311	9268
楼兰遗民	89181	63093	9268
楼兰遗民	90498	63535	9268
楼兰遗民	90864	61977	9268
楼兰遗民	90550	66378	9268
楼兰遗民	90792	68171	9268
楼兰遗民	91725	67442	9268
楼兰遗民	91769	65624	9268
楼兰遗民	91972	64138	9268
楼兰遗民	91963	62139	9268
楼兰遗民	92659	52325	9268
楼兰遗民	92624	53817	9268
楼兰遗民	92583	55492	9268
楼兰遗民	92739	57443	9268
楼兰遗民	93670	58574	9268
楼兰遗民	93751	56671	9268
楼兰遗民	94058	53689	9268
楼兰遗民	94048	51477	9268
楼兰遗民	95497	51420	9268
楼兰遗民	95347	53165	9268
楼兰遗民	95224	56865	9268
楼兰遗民	95044	58724	9268
楼兰遗民	96342	58820	9268
楼兰遗民	96378	56527	9268
楼兰遗民	96656	54090	9268
楼兰遗民	96967	51757	9268
楼兰遗民	97924	52390	9268
楼兰遗民	97849	54630	9268
楼兰遗民	97574	56212	9268
楼兰遗民	97542	58346	9268
楼兰遗民	85052	19735	9268
楼兰遗民	84738	21790	9268
楼兰遗民	84753	23808	9268
楼兰遗民	84751	25865	9268
楼兰遗民	85902	26017	9268
楼兰遗民	85883	23872	9268
楼兰遗民	85882	21317	9268
楼兰遗民	86054	19567	9268
楼兰遗民	87337	19261	9268
楼兰遗民	87328	20806	9268
楼兰遗民	87140	24300	9268
楼兰遗民	87177	26367	9268
楼兰遗民	88535	26316	9268
楼兰遗民	88290	24384	9268
楼兰遗民	88544	21787	9268
楼兰遗民	88662	19559	9268
楼兰遗民	89713	20374	9268
楼兰遗民	89638	22567	9268
楼兰遗民	89383	23869	9268
楼兰遗民	89471	25840	9268
楼兰遗民	75864	15869	9268
楼兰遗民	75789	18126	9268
楼兰遗民	75797	19581	9268
楼兰遗民	75847	20980	9268
楼兰遗民	74829	21717	9268
楼兰遗民	74766	19831	9268
楼兰遗民	74728	17314	9268
楼兰遗民	74987	14995	9268
楼兰遗民	73582	14931	9268
楼兰遗民	73540	16614	9268
楼兰遗民	73449	19853	9268
楼兰遗民	73515	21675	9268
楼兰遗民	72109	21493	9268
楼兰遗民	72114	19677	9268
楼兰遗民	72202	16988	9268
楼兰遗民	72045	15190	9268
楼兰遗民	71178	15367	9268
楼兰遗民	70976	17314	9268
楼兰遗民	70981	19360	9268
楼兰遗民	70984	21281	9268
矿脉盗匪	41859	50687	9267
矿脉盗匪	41649	52293	9267
矿脉盗匪	41683	54151	9267
矿脉盗匪	41971	55803	9267
矿脉盗匪	42887	56247	9267
矿脉盗匪	42724	54088	9267
矿脉盗匪	42834	52014	9267
矿脉盗匪	42789	50096	9267
矿脉盗匪	44254	49956	9267
矿脉盗匪	44136	51432	9267
矿脉盗匪	44124	54573	9267
矿脉盗匪	44077	56313	9267
矿脉盗匪	45376	56296	9267
矿脉盗匪	45321	53969	9267
矿脉盗匪	45427	51878	9267
矿脉盗匪	45555	50181	9267
矿脉盗匪	46535	50719	9267
矿脉盗匪	46681	52827	9267
矿脉盗匪	46445	54822	9267
矿脉盗匪	46302	56019	9267
矿脉盗匪	22268	40220	9267
矿脉盗匪	21065	39247	9267
矿脉盗匪	21095	41047	9267
矿脉盗匪	21132	42408	9267
矿脉盗匪	21293	43769	9267
矿脉盗匪	22203	44295	9267
矿脉盗匪	22256	42658	9267
矿脉盗匪	22267	38327	9267
矿脉盗匪	23587	37864	9267
矿脉盗匪	23629	39555	9267
矿脉盗匪	23546	43155	9267
矿脉盗匪	23609	44562	9267
矿脉盗匪	24880	44579	9267
矿脉盗匪	24984	42655	9267
矿脉盗匪	24997	40279	9267
矿脉盗匪	24843	38021	9267
矿脉盗匪	25828	38520	9267
矿脉盗匪	26168	40404	9267
矿脉盗匪	26028	42305	9267
矿脉盗匪	25801	43811	9267
矿脉盗匪	24973	51671	9267
矿脉盗匪	25003	53471	9267
矿脉盗匪	25040	54832	9267
矿脉盗匪	24992	56831	9267
矿脉盗匪	26222	57026	9267
矿脉盗匪	26187	55258	9267
矿脉盗匪	26192	52762	9267
矿脉盗匪	26272	50992	9267
矿脉盗匪	27580	50713	9267
矿脉盗匪	27461	52366	9267
矿脉盗匪	27467	55819	9267
矿脉盗匪	27540	57227	9267
矿脉盗匪	28812	57259	9267
矿脉盗匪	28845	55430	9267
矿脉盗匪	28753	52982	9267
矿脉盗匪	28765	50978	9267
矿脉盗匪	29879	51262	9267
矿脉盗匪	29889	53269	9267
矿脉盗匪	29816	54985	9267
矿脉盗匪	29887	57045	9267
矿脉盗匪	26809	68862	9267
矿脉盗匪	26628	67293	9267
矿脉盗匪	26627	65596	9267
矿脉盗匪	26538	64076	9267
矿脉盗匪	27973	63522	9267
矿脉盗匪	27655	64999	9267
矿脉盗匪	27870	67626	9267
矿脉盗匪	27859	69234	9267
矿脉盗匪	29077	69264	9267
矿脉盗匪	29020	67774	9267
矿脉盗匪	29089	64639	9267
矿脉盗匪	29164	63215	9267
矿脉盗匪	30405	63446	9267
矿脉盗匪	30316	65358	9267
矿脉盗匪	30252	67530	9267
矿脉盗匪	30208	69259	9267
矿脉盗匪	31108	68823	9267
矿脉盗匪	31323	67583	9267
矿脉盗匪	31240	66122	9267
矿脉盗匪	31349	63905	9267
矿脉盗匪	18726	83811	9267
矿脉盗匪	18471	82083	9267
矿脉盗匪	18526	80538	9267
矿脉盗匪	18840	78551	9267
矿脉盗匪	19936	78173	9267
矿脉盗匪	19766	79797	9267
矿脉盗匪	19588	82405	9267
矿脉盗匪	19482	84297	9267
矿脉盗匪	20879	84375	9267
矿脉盗匪	20893	82693	9267
矿脉盗匪	20943	79624	9267
矿脉盗匪	21144	78298	9267
矿脉盗匪	22183	78472	9267
矿脉盗匪	22041	80098	9267
矿脉盗匪	22051	82626	9267
矿脉盗匪	22080	84604	9267
矿脉盗匪	23089	84434	9267
矿脉盗匪	22990	82599	9267
矿脉盗匪	23043	80883	9267
矿脉盗匪	23192	78830	9267
矿脉盗匪	23651	99131	9267
矿脉盗匪	23766	100557	9267
矿脉盗匪	23546	97872	9267
矿脉盗匪	23855	96223	9267
矿脉盗匪	24911	95685	9267
矿脉盗匪	24779	97287	9267
矿脉盗匪	24684	99871	9267
矿脉盗匪	24579	101371	9267
矿脉盗匪	25875	101450	9267
矿脉盗匪	25922	100151	9267
矿脉盗匪	26157	96806	9267
矿脉盗匪	26050	95492	9267
矿脉盗匪	27240	95592	9267
矿脉盗匪	27323	97241	9267
矿脉盗匪	27145	99992	9267
矿脉盗匪	27184	101372	9267
矿脉盗匪	28119	101012	9267
矿脉盗匪	28122	99709	9267
矿脉盗匪	28175	97937	9267
矿脉盗匪	28174	96145	9267
矿脉盗匪	35946	90569	9267
矿脉盗匪	35815	92560	9267
矿脉盗匪	35770	94085	9267
矿脉盗匪	36023	95873	9267
矿脉盗匪	36939	96245	9267
矿脉盗匪	36945	94190	9267
矿脉盗匪	36981	91796	9267
矿脉盗匪	37083	89961	9267
矿脉盗匪	38247	89721	9267
矿脉盗匪	38151	91527	9267
矿脉盗匪	38080	94658	9267
矿脉盗匪	38154	96183	9267
矿脉盗匪	39327	96446	9267
矿脉盗匪	39288	94588	9267
矿脉盗匪	39289	91998	9267
矿脉盗匪	39438	90148	9267
矿脉盗匪	40427	90327	9267
矿脉盗匪	40307	92275	9267
矿脉盗匪	40265	94272	9267
矿脉盗匪	40251	95740	9267
矿脉盗匪	49287	84175	9267
矿脉盗匪	49288	85497	9267
矿脉盗匪	49183	87515	9267
矿脉盗匪	49436	89303	9267
矿脉盗匪	50290	89776	9267
矿脉盗匪	50356	87698	9267
矿脉盗匪	50320	85383	9267
矿脉盗匪	50618	83591	9267
矿脉盗匪	51625	83651	9267
矿脉盗匪	51556	85090	9267
矿脉盗匪	51584	88119	9267
矿脉盗匪	51545	89672	9267
矿脉盗匪	52449	89535	9267
矿脉盗匪	52651	87946	9267
矿脉盗匪	52886	85154	9267
矿脉盗匪	52741	83764	9267
矿脉盗匪	53642	84016	9267
矿脉盗匪	53697	87702	9267
矿脉盗匪	53477	89123	9267
矿脉盗匪	53755	85957	9267
矿脉盗匪	37205	80975	9267
矿脉盗匪	36966	79203	9267
矿脉盗匪	36985	77667	9267
矿脉盗匪	37090	75938	9267
矿脉盗匪	37972	75623	9267
矿脉盗匪	38020	77194	9267
矿脉盗匪	37988	79746	9267
矿脉盗匪	38013	81567	9267
矿脉盗匪	39184	81461	9267
矿脉盗匪	39196	79995	9267
矿脉盗匪	39262	76961	9267
矿脉盗匪	39160	75347	9267
矿脉盗匪	40397	75743	9267
矿脉盗匪	40275	77766	9267
矿脉盗匪	40230	80001	9267
矿脉盗匪	40269	81807	9267
矿脉盗匪	41212	81637	9267
矿脉盗匪	41119	79633	9267
矿脉盗匪	41111	77745	9267
矿脉盗匪	41267	75776	9267
矿脉盗匪	21212	16324	9267
矿脉盗匪	21242	18124	9267
矿脉盗匪	21279	19485	9267
矿脉盗匪	21589	20815	9267
矿脉盗匪	22616	21439	9267
矿脉盗匪	22301	19598	9267
矿脉盗匪	22468	17223	9267
矿脉盗匪	22512	15504	9267
矿脉盗匪	23837	15323	9267
矿脉盗匪	23658	16882	9267
矿脉盗匪	23662	19930	9267
矿脉盗匪	23806	21742	9267
矿脉盗匪	25018	21588	9267
矿脉盗匪	24969	19749	9267
矿脉盗匪	25070	15608	9267
矿脉盗匪	26151	16062	9267
矿脉盗匪	26271	18142	9267
矿脉盗匪	26087	19768	9267
矿脉盗匪	25933	20960	9267
矿脉盗匪	25001	17195	9267
矿脉盗匪	57057	41104	9267
矿脉盗匪	56900	43019	9267
矿脉盗匪	56900	44555	9267
矿脉盗匪	57252	45829	9267
矿脉盗匪	57921	46242	9267
矿脉盗匪	58111	44534	9267
矿脉盗匪	58151	42339	9267
矿脉盗匪	58044	40444	9267
矿脉盗匪	59274	40341	9267
矿脉盗匪	59254	41741	9267
矿脉盗匪	59265	44946	9267
矿脉盗匪	59250	46411	9267
矿脉盗匪	60406	46603	9267
矿脉盗匪	60512	44665	9267
矿脉盗匪	60476	42233	9267
矿脉盗匪	60533	40543	9267
矿脉盗匪	61502	41117	9267
矿脉盗匪	61514	42765	9267
矿脉盗匪	61356	44391	9267
矿脉盗匪	61386	46144	9267
矿脉盗匪	38602	42943	9267
矿脉盗匪	40562	14591	9267
矿脉盗匪	40296	16394	9267
矿脉盗匪	40236	18227	9267
矿脉盗匪	40502	20259	9267
矿脉盗匪	41761	20553	9267
矿脉盗匪	41365	18401	9267
矿脉盗匪	41476	15789	9267
矿脉盗匪	41510	14018	9267
矿脉盗匪	42752	14028	9267
矿脉盗匪	42709	15541	9267
矿脉盗匪	42527	19139	9267
矿脉盗匪	42934	20570	9267
矿脉盗匪	44166	20836	9267
矿脉盗匪	43681	18688	9267
矿脉盗匪	43940	16166	9267
矿脉盗匪	43888	14292	9267
矿脉盗匪	45118	14730	9267
矿脉盗匪	45097	16670	9267
矿脉盗匪	44981	18421	9267
矿脉盗匪	45127	20479	9267
楼兰遗民	75000	33461	9268
楼兰遗民	74875	32076	9268
楼兰遗民	74811	30479	9268
楼兰遗民	75101	28536	9268
楼兰遗民	76190	27956	9268
楼兰遗民	76147	29456	9268
楼兰遗民	75996	32042	9268
楼兰遗民	75930	33736	9268
楼兰遗民	77264	32685	9268
楼兰遗民	77623	27636	9268
楼兰遗民	77433	29303	9268
楼兰遗民	77245	34092	9268
楼兰遗民	78425	34209	9268
楼兰遗民	78574	32321	9268
楼兰遗民	78727	30240	9268
楼兰遗民	79005	28047	9268
楼兰遗民	80117	28803	9268
楼兰遗民	79949	30772	9268
楼兰遗民	79608	32608	9268
楼兰遗民	79641	34095	9268
蒙军斥候	21138	143112	9266
蒙军斥候	22435	143226	9266
蒙军斥候	30008	150431	9266
蒙军斥候	29768	148570	9266
蒙军斥候	29674	146882	9266
蒙军斥候	29903	145515	9266
蒙军斥候	31224	144475	9266
蒙军斥候	31173	146239	9266
蒙军斥候	31516	147418	9266
蒙军斥候	30935	149026	9266
蒙军斥候	31102	150675	9266
蒙军斥候	32295	150768	9266
蒙军斥候	32209	149020	9266
蒙军斥候	32813	147532	9266
蒙军斥候	32216	145936	9266
蒙军斥候	32444	144250	9266
蒙军斥候	33695	144455	9266
蒙军斥候	33683	146104	9266
蒙军斥候	33690	148960	9266
蒙军斥候	33310	150537	9266
蒙军斥候	34577	150376	9266
蒙军斥候	34884	148830	9266
蒙军斥候	34955	147190	9266
蒙军斥候	34925	144766	9266
蒙军斥候	31894	128745	9266
蒙军斥候	43911	165602	9266
蒙军斥候	43734	163700	9266
蒙军斥候	43599	161889	9266
蒙军斥候	43764	160645	9266
蒙军斥候	44965	159646	9266
蒙军斥候	44914	161410	9266
蒙军斥候	45463	162507	9266
蒙军斥候	44676	164197	9266
蒙军斥候	44843	165846	9266
蒙军斥候	46055	165901	9266
蒙军斥候	45969	164191	9266
蒙军斥候	46757	162456	9266
蒙军斥候	45976	161107	9266
蒙军斥候	46204	159421	9266
蒙军斥候	47417	159588	9266
蒙军斥候	47405	161237	9266
蒙军斥候	47412	164093	9266
蒙军斥候	47070	165670	9266
蒙军斥候	48299	165509	9266
蒙军斥候	48606	163963	9266
蒙军斥候	48677	162323	9266
蒙军斥候	48647	159899	9266
蒙军斥候	54586	159951	9266
蒙军斥候	54840	158251	9266
蒙军斥候	54582	156316	9266
蒙军斥候	54907	154785	9266
蒙军斥候	55656	160438	9266
蒙军斥候	55902	158707	9266
蒙军斥候	56467	156928	9266
蒙军斥候	55910	155879	9266
蒙军斥候	55778	153868	9266
蒙军斥候	57017	154013	9266
蒙军斥候	56891	155617	9266
蒙军斥候	57763	157048	9266
蒙军斥候	57131	158742	9266
蒙军斥候	56868	160493	9266
蒙军斥候	57883	160219	9266
蒙军斥候	58225	158642	9266
蒙军斥候	58299	155706	9266
蒙军斥候	58230	154180	9266
蒙军斥候	59460	154448	9266
蒙军斥候	59490	156872	9266
蒙军斥候	59419	158512	9266
蒙军斥候	59112	160058	9266
蒙军斥候	45831	122266	9266
蒙军斥候	45594	120948	9266
蒙军斥候	45427	119138	9266
蒙军斥候	45659	117144	9266
蒙军斥候	47025	116650	9266
蒙军斥候	46848	118200	9266
蒙军斥候	46806	120569	9266
蒙军斥候	46846	122867	9266
蒙军斥候	47848	122579	9266
蒙军斥候	47829	120866	9266
蒙军斥候	47908	117957	9266
蒙军斥候	48333	116488	9266
蒙军斥候	49421	116754	9266
蒙军斥候	49009	120815	9266
蒙军斥候	48930	122509	9266
蒙军斥候	49948	122274	9266
蒙军斥候	50204	120899	9266
蒙军斥候	50284	119337	9266
蒙军斥候	50551	117120	9266
蒙军斥候	49220	117984	9266
蒙军斥候	47389	119441	9266
蒙军斥候	48482	119357	9266
蒙军斥候	55522	146732	9266
蒙军斥候	55776	145032	9266
蒙军斥候	55518	143097	9266
蒙军斥候	55843	141566	9266
蒙军斥候	56714	140649	9266
蒙军斥候	56846	142660	9266
蒙军斥候	57233	143838	9266
蒙军斥候	56838	145488	9266
蒙军斥候	56592	147219	9266
蒙军斥候	57804	147274	9266
蒙军斥候	58067	145523	9266
蒙军斥候	58549	143829	9266
蒙军斥候	57827	142398	9266
蒙军斥候	57953	140794	9266
蒙军斥候	59166	140961	9266
蒙军斥候	59235	142487	9266
蒙军斥候	59161	145423	9266
蒙军斥候	58819	147000	9266
蒙军斥候	60048	146839	9266
蒙军斥候	60355	145293	9266
蒙军斥候	60426	143653	9266
蒙军斥候	60396	141229	9266
蒙军斥候	42707	130594	9266
蒙军斥候	43933	130564	9266
蒙军斥候	55116	128740	9266
蒙军斥候	56230	128615	9266
蒙军斥候	70944	150573	9266
蒙军斥候	72056	150544	9266
蒙军斥候	74349	135523	9266
蒙军斥候	75510	135247	9266
蒙军斥候	62805	106511	9266
蒙军斥候	63976	106484	9266
蒙军斥候	66170	121175	9266
蒙军斥候	67526	121163	9266
蒙军斥候	97268	112781	9266
蒙军斥候	98709	112620	9266
蒙军斥候	106117	107378	9266
蒙军斥候	105830	105822	9266
蒙军斥候	105670	104396	9266
蒙军斥候	105984	102613	9266
蒙军斥候	106986	101684	9266
蒙军斥候	107006	103902	9266
蒙军斥候	106880	106132	9266
蒙军斥候	107119	107761	9266
蒙军斥候	107614	104870	9266
蒙军斥候	108221	103200	9266
蒙军斥候	108308	101543	9266
蒙军斥候	108309	106346	9266
蒙军斥候	108277	107874	9266
蒙军斥候	109055	104709	9266
蒙军斥候	111426	102285	9266
蒙军斥候	109489	101777	9266
蒙军斥候	109467	106047	9266
蒙军斥候	109277	107615	9266
蒙军斥候	110504	107553	9266
蒙军斥候	110735	105837	9266
蒙军斥候	110746	104253	9266
蒙军斥候	110073	103304	9266
蒙军斥候	81008	125199	9266
蒙军斥候	80746	126963	9266
蒙军斥候	80884	128771	9266
蒙军斥候	81121	130135	9266
蒙军斥候	82136	130771	9266
蒙军斥候	81976	128851	9266
蒙军斥候	82062	126431	9266
蒙军斥候	82318	124413	9266
蒙军斥候	82671	127350	9266
蒙军斥候	83057	128902	9266
蒙军斥候	83114	130343	9266
蒙军斥候	83140	125812	9266
蒙军斥候	83435	124302	9266
蒙军斥候	83832	127074	9266
蒙军斥候	84358	126017	9266
蒙军斥候	84564	124401	9266
蒙军斥候	84408	128502	9266
蒙军斥候	84339	130293	9266
蒙军斥候	85338	129990	9266
蒙军斥候	85571	128338	9266
蒙军斥候	85614	126732	9266
蒙军斥候	85588	124806	9266
楼兰遗民	94519	55002	9268
楼兰遗民	95893	54946	9268
楼兰遗民	102131	63384	9268
楼兰遗民	101975	61433	9268
楼兰遗民	101993	59758	9268
楼兰遗民	102373	58150	9268
楼兰遗民	103417	57418	9268
楼兰遗民	103427	59630	9268
楼兰遗民	103888	60943	9268
楼兰遗民	103120	62612	9268
楼兰遗民	103039	64515	9268
楼兰遗民	104413	64665	9268
楼兰遗民	104576	62876	9268
楼兰遗民	105245	61003	9268
楼兰遗民	104699	59222	9268
楼兰遗民	104849	57477	9268
楼兰遗民	106319	57814	9268
楼兰遗民	106083	59897	9268
楼兰遗民	105730	62584	9268
楼兰遗民	105694	64877	9268
楼兰遗民	106877	64403	9268
楼兰遗民	106909	62269	9268
楼兰遗民	107184	60722	9268
楼兰遗民	107047	58628	9268
楼兰遗民	109439	55236	9268
楼兰遗民	109283	53285	9268
楼兰遗民	109324	51610	9268
楼兰遗民	109704	50002	9268
楼兰遗民	110748	49270	9268
楼兰遗民	110680	51222	9268
楼兰遗民	111011	52795	9268
楼兰遗民	110451	54464	9268
楼兰遗民	110370	56367	9268
楼兰遗民	111744	56517	9268
楼兰遗民	111907	54728	9268
楼兰遗民	112511	52783	9268
楼兰遗民	112100	50959	9268
楼兰遗民	112180	49283	9268
楼兰遗民	113786	49459	9268
楼兰遗民	113664	51158	9268
楼兰遗民	113061	54390	9268
楼兰遗民	113025	56683	9268
楼兰遗民	114208	56209	9268
楼兰遗民	114240	54075	9268
楼兰遗民	114515	52528	9268
楼兰遗民	114468	50411	9268
楼兰遗民	116469	73211	9268
楼兰遗民	116313	71260	9268
楼兰遗民	116331	69585	9268
楼兰遗民	116711	67977	9268
楼兰遗民	117755	67245	9268
楼兰遗民	117765	69457	9268
楼兰遗民	118226	70770	9268
楼兰遗民	117458	72439	9268
楼兰遗民	117377	74342	9268
楼兰遗民	118751	74492	9268
楼兰遗民	118914	72703	9268
楼兰遗民	119583	70830	9268
楼兰遗民	119037	69049	9268
楼兰遗民	119187	67304	9268
楼兰遗民	120676	67641	9268
楼兰遗民	120346	69974	9268
楼兰遗民	120087	72411	9268
楼兰遗民	120051	74704	9268
楼兰遗民	121234	74230	9268
楼兰遗民	121266	72096	9268
楼兰遗民	121541	70549	9268
楼兰遗民	121404	68455	9268
楼兰遗民	116946	85322	9268
楼兰遗民	116790	83371	9268
楼兰遗民	116808	81696	9268
楼兰遗民	117188	80088	9268
楼兰遗民	118232	79356	9268
楼兰遗民	118314	81424	9268
楼兰遗民	118025	84514	9268
楼兰遗民	117854	86344	9268
楼兰遗民	118703	82881	9268
楼兰遗民	119514	81160	9268
楼兰遗民	119664	79415	9268
楼兰遗民	119391	84814	9268
楼兰遗民	119228	86603	9268
楼兰遗民	120060	82941	9268
楼兰遗民	120661	81280	9268
楼兰遗民	121153	79752	9268
楼兰遗民	121881	80566	9268
楼兰遗民	120564	84522	9268
楼兰遗民	120528	86815	9268
楼兰遗民	121711	86341	9268
楼兰遗民	121743	84207	9268
楼兰遗民	122018	82660	9268
楼兰遗民	105582	86191	9268
楼兰遗民	105426	84240	9268
楼兰遗民	105444	82565	9268
楼兰遗民	105824	80957	9268
楼兰遗民	106868	80225	9268
楼兰遗民	106878	82437	9268
楼兰遗民	107339	83750	9268
楼兰遗民	106571	85419	9268
楼兰遗民	106490	87322	9268
楼兰遗民	107864	87472	9268
楼兰遗民	108027	85683	9268
楼兰遗民	108696	83810	9268
楼兰遗民	108150	82029	9268
楼兰遗民	108300	80284	9268
楼兰遗民	109825	80473	9268
楼兰遗民	109297	82149	9268
楼兰遗民	109200	85391	9268
楼兰遗民	109164	87684	9268
楼兰遗民	110347	87210	9268
楼兰遗民	110379	85076	9268
楼兰遗民	110528	83418	9268
楼兰遗民	110645	81324	9268
楼兰遗民	96339	75731	9268
楼兰遗民	97587	75926	9268
楼兰遗民	88475	87035	9268
楼兰遗民	89965	86948	9268
楼兰遗民	81901	80842	9268
楼兰遗民	80436	78046	9268
楼兰遗民	72082	54534	9268
楼兰遗民	73539	54559	9268
楼兰遗民	88470	64819	9268
楼兰遗民	89941	64813	9268
矿脉盗匪	50916	86395	9267
矿脉盗匪	52464	86430	9267
矿脉盗匪	37420	92844	9267
矿脉盗匪	38628	92784	9267
矿脉盗匪	25461	98363	9267
矿脉盗匪	26806	98339	9267
矿脉盗匪	20185	81112	9267
矿脉盗匪	21547	81101	9267
矿脉盗匪	38365	78389	9267
矿脉盗匪	39504	78436	9267
矿脉盗匪	28163	66244	9267
矿脉盗匪	29472	66220	9267
矿脉盗匪	26653	53984	9267
矿脉盗匪	28107	53875	9267
矿脉盗匪	43335	52933	9267
矿脉盗匪	44467	53062	9267
矿脉盗匪	35354	43541	9267
矿脉盗匪	36678	43431	9267
矿脉盗匪	22844	41321	9267
矿脉盗匪	24170	41349	9267
楼兰遗民	76615	30730	9268
楼兰遗民	78064	30824	9268
矿脉盗匪	22818	18414	9267
矿脉盗匪	24311	18451	9267
矿脉盗匪	58562	43467	9267
矿脉盗匪	59810	43492	9267
楼兰遗民	67740	90550	9268
楼兰遗民	67415	92697	9268
楼兰遗民	67567	94899	9268
楼兰遗民	67973	96553	9268
楼兰遗民	69020	96950	9268
楼兰遗民	68994	95113	9268
楼兰遗民	69401	93260	9268
楼兰遗民	68708	92136	9268
楼兰遗民	69160	90001	9268
楼兰遗民	70405	90089	9268
楼兰遗民	70177	91749	9268
楼兰遗民	70694	93330	9268
楼兰遗民	70110	95463	9268
楼兰遗民	70129	97261	9268
楼兰遗民	71244	97361	9268
楼兰遗民	71364	94852	9268
楼兰遗民	71502	92111	9268
楼兰遗民	71930	90278	9268
楼兰遗民	72600	91106	9268
楼兰遗民	72650	92816	9268
楼兰遗民	72811	94398	9268
楼兰遗民	72275	96068	9268
楼兰遗民	79407	104142	9268
楼兰遗民	79341	102522	9268
楼兰遗民	79155	100388	9268
楼兰遗民	79361	98071	9268
楼兰遗民	80594	97590	9268
楼兰遗民	80142	99725	9268
楼兰遗民	80835	100849	9268
楼兰遗民	80428	102702	9268
楼兰遗民	80454	104539	9268
楼兰遗民	81563	104850	9268
楼兰遗民	81488	103342	9268
楼兰遗民	82244	100861	9268
楼兰遗民	81611	99338	9268
楼兰遗民	81839	97678	9268
楼兰遗民	83364	97867	9268
楼兰遗民	82985	99420	9268
楼兰遗民	82798	102441	9268
楼兰遗民	82678	104950	9268
楼兰遗民	83692	103657	9268
楼兰遗民	84228	101987	9268
楼兰遗民	84067	100405	9268
楼兰遗民	84034	98695	9268
楼兰遗民	77593	109937	9268
楼兰遗民	77591	111982	9268
楼兰遗民	77641	114014	9268
楼兰遗民	77707	115974	9268
楼兰遗民	78686	116405	9268
楼兰遗民	78813	114432	9268
楼兰遗民	79305	112715	9268
楼兰遗民	78646	111591	9268
楼兰遗民	78826	109456	9268
楼兰遗民	80071	109544	9268
楼兰遗民	79843	111204	9268
楼兰遗民	80578	112693	9268
楼兰遗民	79771	114834	9268
楼兰遗民	79795	116716	9268
楼兰遗民	80978	116272	9268
楼兰遗民	81115	114307	9268
楼兰遗民	81217	111286	9268
楼兰遗民	81596	109733	9268
楼兰遗民	82266	110561	9268
楼兰遗民	82299	112271	9268
楼兰遗民	82460	113853	9268
楼兰遗民	81924	115523	9268
楼兰遗民	86502	22463	9268
楼兰遗民	87886	22646	9268
楼兰遗民	72662	18176	9268
楼兰遗民	73993	18161	9268
矿脉盗匪	41816	17196	9267
矿脉盗匪	43285	17227	9267
矿脉盗匪	55641	20189	9267
矿脉盗匪	55375	18157	9267
矿脉盗匪	55435	16324	9267
矿脉盗匪	55701	14521	9267
矿脉盗匪	56649	13948	9267
矿脉盗匪	56615	15719	9267
矿脉盗匪	56955	17126	9267
矿脉盗匪	56504	18331	9267
矿脉盗匪	56900	20483	9267
矿脉盗匪	58073	20500	9267
矿脉盗匪	57666	19069	9267
矿脉盗匪	58424	17157	9267
矿脉盗匪	57848	15471	9267
矿脉盗匪	57891	13958	9267
矿脉盗匪	59027	14222	9267
矿脉盗匪	59079	16096	9267
矿脉盗匪	58820	18618	9267
矿脉盗匪	59305	20766	9267
矿脉盗匪	60266	20409	9267
矿脉盗匪	60120	18351	9267
矿脉盗匪	60236	16600	9267
矿脉盗匪	60257	14660	9267
矿脉盗匪	41687	37461	9267
矿脉盗匪	41335	36187	9267
矿脉盗匪	41335	34651	9267
矿脉盗匪	41492	32736	9267
矿脉盗匪	42479	32076	9267
矿脉盗匪	42586	33971	9267
矿脉盗匪	42997	35099	9267
矿脉盗匪	42546	36212	9267
矿脉盗匪	42356	37920	9267
矿脉盗匪	43700	36624	9267
矿脉盗匪	43685	38089	9267
矿脉盗匪	44245	35124	9267
矿脉盗匪	43689	33373	9267
矿脉盗匪	43709	31973	9267
矿脉盗匪	44968	32175	9267
矿脉盗匪	44911	33865	9267
矿脉盗匪	44947	36297	9267
矿脉盗匪	44841	38235	9267
矿脉盗匪	45821	37776	9267
矿脉盗匪	45791	36023	9267
矿脉盗匪	45949	34397	9267
矿脉盗匪	45937	32703	9267
矿脉盗匪	63119	33417	9267
矿脉盗匪	62767	32143	9267
矿脉盗匪	62767	30607	9267
矿脉盗匪	62924	28692	9267
矿脉盗匪	63911	28032	9267
矿脉盗匪	64018	29927	9267
矿脉盗匪	64429	31055	9267
矿脉盗匪	63978	32122	9267
矿脉盗匪	64090	33738	9267
矿脉盗匪	65117	33999	9267
矿脉盗匪	65132	32534	9267
矿脉盗匪	65677	31080	9267
矿脉盗匪	65121	29329	9267
矿脉盗匪	65141	27929	9267
矿脉盗匪	66400	28131	9267
矿脉盗匪	66343	29821	9267
矿脉盗匪	66379	32253	9267
矿脉盗匪	66273	34191	9267
矿脉盗匪	67253	33732	9267
矿脉盗匪	67223	31979	9267
矿脉盗匪	67381	30353	9267
矿脉盗匪	67369	28705	9267
楼兰遗民	82218	79182	9268
