Key	Group	AwardType	AwardSubType	CountMin	CountMax	RandRate	TimeFrameStart	TimeFrameEnd	bCenterMsg	bSysMsg	bTongMsg	bTeamMsg	bAwardTips	bFlyTips	TimeOut
1	1	Item	1657	3	3	1000000				1			1
1	2	Item	1658	1	1	1000000				1			1
1	3	Item	1636	30	30	1000000				1			1
1	4	Coin		20000	20000	1000000				1			1
2	1	Item	1657	2	2	1000000				1			1
2	2	Item	1658	2	2	1000000				1			1
2	3	Item	1636	30	30	1000000				1			1
2	4	Coin		12000	12000	1000000				1			1
3	1	Item	1657	2	2	1000000				1			1
3	2	Item	1658	1	1	1000000				1			1
3	3	Item	1636	30	30	1000000				1			1
3	4	Coin		10000	10000	1000000				1			1
4	1	Item	1657	2	2	1000000				1			1
4	2	Item	1636	30	30	1000000				1			1
4	3	Coin		8000	8000	1000000				1			1
5	1	Item	1657	1	1	1000000				1			1
5	2	Item	1658	1	1	1000000				1			1
5	3	Item	1636	20	20	1000000				1			1
5	4	Coin		5000	5000	1000000				1			1
6	1	Item	1657	1	1	1000000				1			1
6	2	Item	1636	20	20	1000000				1			1
6	3	Coin		3000	3000	1000000				1			1
7	1	Item	1658	1	1	1000000				1			1
7	2	Item	1636	20	20	1000000				1			1
7	3	Coin		2000	2000	1000000				1			1
8	1	Item	1658	1	1	1000000				1			1
8	2	Item	1636	20	20	1000000				1			1
8	3	Coin		1000	1000	1000000				1			1
9	1	Item	214	1	1	1000000				1			1
9	2	Coin		100000	100000	1000000				1			1
9	3	Item	901	1500	1500	1000000				1			1
9	4	Item	671641	1	1	1000000				1			1
10	1	Item	213	1	1	1000000				1			1
10	2	Coin		100000	100000	1000000				1			1
10	3	Item	901	1200	1200	1000000				1			1
11	1	Item	211	10	10	1000000				1			1
11	2	Coin		80000	80000	1000000				1			1
11	3	Item	901	1000	1000	1000000				1			1
12	1	Item	211	8	8	1000000				1			1
12	2	Item	901	800	800	1000000				1			1
13	1	Item	211	5	5	1000000				1			1
13	2	Item	901	500	500	1000000				1			1
14	1	Item	211	1	1	1000000				1			1
14	2	Item	901	200	200	1000000				1			1
15	1	Item	214	1	1	1000000
15	2	Item	213	1	1	1000000
15	3	Item	901	1	1	1000000
15	4	Item	1657	1	1	1000000
15	5	Item	1658	1	1	1000000
