nRecipeId	szName	szDescParam	szIcon	nEquipPos	nSkill	nLevel	szCurrencyType	nCost	szCurrencyType2	nCost2	nMaterialId	nMaterialCount	nProduct1Id	nProduct1Rate	nProduct2Id	nProduct2Rate	nProduct3Id	nProduct3Rate	nGuaranteedProductId	nOtherId	nOtherNums	nOtherRate
1	<i18n=13951>	1	UI/icon/item/equip/weapon/obj-sword01.png	5	1	1	JingHuo	125	Coin	250	106	5	15001	760000	15011	200000	15021	40000	15021	136	1	400000
2	<i18n=15213>	30	UI/icon/item/equip/weapon/obj-sword02.png	5	1	2	JingHuo	150	Coin	300	107	5	15002	760000	15012	200000	15022	40000	15022	136	2	400000
3	<i18n=7152>	40	UI/icon/item/equip/weapon/obj-sword03.png	5	1	3	JingHuo	250	Coin	500	108	5	15003	760000	15013	200000	15023	40000	15023	136	2	400000
4	<i18n=1104>	50	UI/icon/item/equip/weapon/obj-sword04.png	5	1	4	JingHuo	400	Coin	800	109	5	15004	760000	15014	200000	15024	40000	15024	136	2	400000
5	<i18n=15611>	60	UI/icon/item/equip/weapon/obj-sword05.png	5	1	5	JingHuo	450	Coin	900	110	5	15005	760000	15015	200000	15025	40000	15025	136	2	400000
6	<i18n=15705>	70	UI/icon/item/equip/weapon/obj-sword06.png	5	1	6	JingHuo	500	Coin	1000	111	5	15006	760000	15016	200000	15026	40000	15026	136	3	400000
7	<i18n=7548>	80	UI/icon/item/equip/weapon/obj-sword07.png	5	1	7	JingHuo	550	Coin	1100	112	5	15007	760000	15017	200000	15027	40000	15027	136	3	400000
8	<i18n=14820>	90	UI/icon/item/equip/weapon/obj-sword08.png	5	1	8	JingHuo	600	Coin	1200	113	5	15008	760000	15018	200000	15028	40000	15028	136	3	400000
9	<i18n=7216>	100	UI/icon/item/equip/weapon/obj-sword09.png	5	1	9	JingHuo	650	Coin	1300	114	5	15009	760000	15019	200000	15029	40000	15029	136	3	400000
10	<i18n=1133>	110	UI/icon/item/equip/weapon/obj-sword10.png	5	1	10	JingHuo	700	Coin	1400	115	5	15010	760000	15020	200000	15030	40000	15030	136	4	400000
11	<i18n=9784>	5	UI/icon/item/equip/armor/obj-armor16.png	1	2	1	JingHuo	75	Coin	150	116	3	11001	760000	11011	200000	11021	40000	11021	146	1	400000
12	<i18n=2840>	35	UI/icon/item/equip/armor/obj-armor01.png	1	2	2	JingHuo	90	Coin	180	117	3	11002	760000	11012	200000	11022	40000	11022	146	2	400000
13	<i18n=11724>	45	UI/icon/item/equip/armor/obj-armor17.png	1	2	3	JingHuo	150	Coin	300	118	3	11003	760000	11013	200000	11023	40000	11023	146	2	400000
14	<i18n=8403>	55	UI/icon/item/equip/armor/obj-armor02.png	1	2	4	JingHuo	240	Coin	480	119	3	11004	760000	11014	200000	11024	40000	11024	146	2	400000
15	<i18n=8079>	65	UI/icon/item/equip/armor/obj-armor18.png	1	2	5	JingHuo	270	Coin	540	120	3	11005	760000	11015	200000	11025	40000	11025	146	2	400000
16	<i18n=14434>	75	UI/icon/item/equip/armor/obj-armor03.png	1	2	6	JingHuo	300	Coin	600	121	3	11006	760000	11016	200000	11026	40000	11026	146	3	400000
17	<i18n=9897>	85	UI/icon/item/equip/armor/obj-armor19.png	1	2	7	JingHuo	330	Coin	660	122	3	11007	760000	11017	200000	11027	40000	11027	146	3	400000
18	<i18n=11726>	95	UI/icon/item/equip/armor/obj-armor04.png	1	2	8	JingHuo	360	Coin	720	123	3	11008	760000	11018	200000	11028	40000	11028	146	3	400000
19	<i18n=4821>	105	UI/icon/item/equip/armor/obj-armor20.png	1	2	9	JingHuo	390	Coin	780	124	3	11009	760000	11019	200000	11029	40000	11029	146	3	400000
20	<i18n=6265>	115	UI/icon/item/equip/armor/obj-armor05.png	1	2	10	JingHuo	420	Coin	840	125	3	11010	760000	11020	200000	11030	40000	11030	146	4	400000
21	<i18n=1667>	2	UI/icon/item/equip/necklace/obj-neck11.png	6	3	1	JingHuo	50	Coin	100	126	2	16001	760000	16011	200000	16021	40000	16021	156	1	400000
22	<i18n=10193>	32	UI/icon/item/equip/necklace/obj-neck12.png	6	3	2	JingHuo	60	Coin	120	127	2	16002	760000	16012	200000	16022	40000	16022	156	2	400000
23	<i18n=2374>	42	UI/icon/item/equip/necklace/obj-neck13.png	6	3	3	JingHuo	100	Coin	200	128	2	16003	760000	16013	200000	16023	40000	16023	156	2	400000
24	<i18n=8848>	52	UI/icon/item/equip/necklace/obj-neck14.png	6	3	4	JingHuo	160	Coin	320	129	2	16004	760000	16014	200000	16024	40000	16024	156	2	400000
25	<i18n=12157>	62	UI/icon/item/equip/necklace/obj-neck15.png	6	3	5	JingHuo	180	Coin	360	130	2	16005	760000	16015	200000	16025	40000	16025	156	2	400000
26	<i18n=16335>	72	UI/icon/item/equip/necklace/obj-neck16.png	6	3	6	JingHuo	200	Coin	400	131	2	16006	760000	16016	200000	16026	40000	16026	156	3	400000
27	<i18n=2259>	82	UI/icon/item/equip/necklace/obj-neck17.png	6	3	7	JingHuo	220	Coin	440	132	2	16007	760000	16017	200000	16027	40000	16027	156	3	400000
28	<i18n=12556>	92	UI/icon/item/equip/necklace/obj-neck18.png	6	3	8	JingHuo	240	Coin	480	133	2	16008	760000	16018	200000	16028	40000	16028	156	3	400000
29	<i18n=7689>	102	UI/icon/item/equip/necklace/obj-neck19.png	6	3	9	JingHuo	260	Coin	520	134	2	16009	760000	16019	200000	16029	40000	16029	156	3	400000
30	<i18n=1615>	112	UI/icon/item/equip/necklace/obj-neck20.png	6	3	10	JingHuo	280	Coin	560	135	2	16010	760000	16020	200000	16030	40000	16030	156	4	400000
31	<i18n=5810>	4	UI/icon/item/equip/ring/obj-ring06.png	7	3	1	JingHuo	50	Coin	100	126	2	17001	760000	17011	200000	17021	40000	17021	156	1	400000
32	<i18n=7162>	34	UI/icon/item/equip/ring/obj-ring01.png	7	3	2	JingHuo	60	Coin	120	127	2	17002	760000	17012	200000	17022	40000	17022	156	2	400000
33	<i18n=960>	44	UI/icon/item/equip/ring/obj-ring07.png	7	3	3	JingHuo	100	Coin	200	128	2	17003	760000	17013	200000	17023	40000	17023	156	2	400000
34	<i18n=16278>	54	UI/icon/item/equip/ring/obj-ring02.png	7	3	4	JingHuo	160	Coin	320	129	2	17004	760000	17014	200000	17024	40000	17024	156	2	400000
35	<i18n=15726>	64	UI/icon/item/equip/ring/obj-ring08.png	7	3	5	JingHuo	180	Coin	360	130	2	17005	760000	17015	200000	17025	40000	17025	156	2	400000
36	<i18n=7390>	74	UI/icon/item/equip/ring/obj-ring03.png	7	3	6	JingHuo	200	Coin	400	131	2	17006	760000	17016	200000	17026	40000	17026	156	3	400000
37	<i18n=10514>	84	UI/icon/item/equip/ring/obj-ring09.png	7	3	7	JingHuo	220	Coin	440	132	2	17007	760000	17017	200000	17027	40000	17027	156	3	400000
38	<i18n=10783>	94	UI/icon/item/equip/ring/obj-ring04.png	7	3	8	JingHuo	240	Coin	480	133	2	17008	760000	17018	200000	17028	40000	17028	156	3	400000
39	<i18n=5563>	104	UI/icon/item/equip/ring/obj-ring10.png	7	3	9	JingHuo	260	Coin	520	134	2	17009	760000	17019	200000	17029	40000	17029	156	3	400000
40	<i18n=8382>	114	UI/icon/item/equip/ring/obj-ring05.png	7	3	10	JingHuo	280	Coin	560	135	2	17010	760000	17020	200000	17030	40000	17030	156	4	400000
41	<i18n=8505>	6	UI/icon/item/equip/pendant/obj-waist11.png	8	3	1	JingHuo	50	Coin	100	126	2	19001	760000	19011	200000	19021	40000	19021	156	1	400000
42	<i18n=4612>	36	UI/icon/item/equip/pendant/obj-waist12.png	8	3	2	JingHuo	60	Coin	120	127	2	19002	760000	19012	200000	19022	40000	19022	156	2	400000
43	<i18n=6252>	46	UI/icon/item/equip/pendant/obj-waist13.png	8	3	3	JingHuo	100	Coin	200	128	2	19003	760000	19013	200000	19023	40000	19023	156	2	400000
44	<i18n=15041>	56	UI/icon/item/equip/pendant/obj-waist14.png	8	3	4	JingHuo	160	Coin	320	129	2	19004	760000	19014	200000	19024	40000	19024	156	2	400000
45	<i18n=5454>	66	UI/icon/item/equip/pendant/obj-waist15.png	8	3	5	JingHuo	180	Coin	360	130	2	19005	760000	19015	200000	19025	40000	19025	156	2	400000
46	<i18n=5737>	76	UI/icon/item/equip/pendant/obj-waist16.png	8	3	6	JingHuo	200	Coin	400	131	2	19006	760000	19016	200000	19026	40000	19026	156	3	400000
47	<i18n=15953>	86	UI/icon/item/equip/pendant/obj-waist17.png	8	3	7	JingHuo	220	Coin	440	132	2	19007	760000	19017	200000	19027	40000	19027	156	3	400000
48	<i18n=8047>	96	UI/icon/item/equip/pendant/obj-waist18.png	8	3	8	JingHuo	240	Coin	480	133	2	19008	760000	19018	200000	19028	40000	19028	156	3	400000
49	<i18n=11448>	106	UI/icon/item/equip/pendant/obj-waist19.png	8	3	9	JingHuo	260	Coin	520	134	2	19009	760000	19019	200000	19029	40000	19029	156	3	400000
50	<i18n=3346>	116	UI/icon/item/equip/pendant/obj-waist20.png	8	3	10	JingHuo	280	Coin	560	135	2	19010	760000	19020	200000	19030	40000	19030	156	4	400000
51	<i18n=7067>	8	UI/icon/item/equip/amulet/shipin06.png	9	3	1	JingHuo	50	Coin	100	126	2	18001	760000	18011	200000	18021	40000	18021	156	1	400000
52	<i18n=6168>	38	UI/icon/item/equip/amulet/shipin01.png	9	3	2	JingHuo	60	Coin	120	127	2	18002	760000	18012	200000	18022	40000	18022	156	2	400000
53	<i18n=12268>	48	UI/icon/item/equip/amulet/shipin07.png	9	3	3	JingHuo	100	Coin	200	128	2	18003	760000	18013	200000	18023	40000	18023	156	2	400000
54	<i18n=15958>	58	UI/icon/item/equip/amulet/shipin02.png	9	3	4	JingHuo	160	Coin	320	129	2	18004	760000	18014	200000	18024	40000	18024	156	2	400000
55	<i18n=10690>	68	UI/icon/item/equip/amulet/shipin08.png	9	3	5	JingHuo	180	Coin	360	130	2	18005	760000	18015	200000	18025	40000	18025	156	2	400000
56	<i18n=11609>	78	UI/icon/item/equip/amulet/shipin03.png	9	3	6	JingHuo	200	Coin	400	131	2	18006	760000	18016	200000	18026	40000	18026	156	3	400000
57	<i18n=2323>	88	UI/icon/item/equip/amulet/shipin09.png	9	3	7	JingHuo	220	Coin	440	132	2	18007	760000	18017	200000	18027	40000	18027	156	3	400000
58	<i18n=4017>	98	UI/icon/item/equip/amulet/shipin04.png	9	3	8	JingHuo	240	Coin	480	133	2	18008	760000	18018	200000	18028	40000	18028	156	3	400000
59	<i18n=11384>	108	UI/icon/item/equip/amulet/shipin10.png	9	3	9	JingHuo	260	Coin	520	134	2	18009	760000	18019	200000	18029	40000	18029	156	3	400000
60	<i18n=6376>	118	UI/icon/item/equip/amulet/shipin05.png	9	3	10	JingHuo	280	Coin	560	135	2	18010	760000	18020	200000	18030	40000	18030	156	4	400000
61	<i18n=15634>	1	UI/icon/item/equip/helm/obj-helm26.png	0	4	1	JingHuo	25	Coin	50	176	1	10001	760000	10011	200000	10021	40000	10021	166	1	400000
62	<i18n=9250>	31	UI/icon/item/equip/helm/obj-helm11.png	0	4	2	JingHuo	30	Coin	60	177	1	10002	760000	10012	200000	10022	40000	10022	166	2	400000
63	<i18n=15847>	41	UI/icon/item/equip/helm/obj-helm27.png	0	4	3	JingHuo	50	Coin	100	178	1	10003	760000	10013	200000	10023	40000	10023	166	2	400000
64	<i18n=104>	51	UI/icon/item/equip/helm/obj-helm12.png	0	4	4	JingHuo	80	Coin	160	179	1	10004	760000	10014	200000	10024	40000	10024	166	2	400000
65	<i18n=4592>	61	UI/icon/item/equip/helm/obj-helm28.png	0	4	5	JingHuo	90	Coin	180	180	1	10005	760000	10015	200000	10025	40000	10025	166	2	400000
66	<i18n=3955>	71	UI/icon/item/equip/helm/obj-helm13.png	0	4	6	JingHuo	100	Coin	200	181	1	10006	760000	10016	200000	10026	40000	10026	166	3	400000
67	<i18n=4880>	81	UI/icon/item/equip/helm/obj-helm29.png	0	4	7	JingHuo	110	Coin	220	182	1	10007	760000	10017	200000	10027	40000	10027	166	3	400000
68	<i18n=11429>	91	UI/icon/item/equip/helm/obj-helm14.png	0	4	8	JingHuo	120	Coin	240	183	1	10008	760000	10018	200000	10028	40000	10028	166	3	400000
69	<i18n=6512>	101	UI/icon/item/equip/helm/obj-helm30.png	0	4	9	JingHuo	130	Coin	260	184	1	10009	760000	10019	200000	10029	40000	10029	166	3	400000
70	<i18n=4212>	111	UI/icon/item/equip/helm/obj-helm15.png	0	4	10	JingHuo	140	Coin	280	185	1	10010	760000	10020	200000	10030	40000	10030	166	4	400000
71	<i18n=1462>	3	UI/icon/item/equip/cuff/obj-bangle11.png	3	4	1	JingHuo	25	Coin	50	176	1	13001	760000	13011	200000	13021	40000	13021	166	1	400000
72	<i18n=4232>	33	UI/icon/item/equip/cuff/obj-bangle12.png	3	4	2	JingHuo	30	Coin	60	177	1	13002	760000	13012	200000	13022	40000	13022	166	2	400000
73	<i18n=13839>	43	UI/icon/item/equip/cuff/obj-bangle13.png	3	4	3	JingHuo	50	Coin	100	178	1	13003	760000	13013	200000	13023	40000	13023	166	2	400000
74	<i18n=1254>	53	UI/icon/item/equip/cuff/obj-bangle14.png	3	4	4	JingHuo	80	Coin	160	179	1	13004	760000	13014	200000	13024	40000	13024	166	2	400000
75	<i18n=16440>	63	UI/icon/item/equip/cuff/obj-bangle15.png	3	4	5	JingHuo	90	Coin	180	180	1	13005	760000	13015	200000	13025	40000	13025	166	2	400000
76	<i18n=2494>	73	UI/icon/item/equip/cuff/obj-bangle16.png	3	4	6	JingHuo	100	Coin	200	181	1	13006	760000	13016	200000	13026	40000	13026	166	3	400000
77	<i18n=3233>	83	UI/icon/item/equip/cuff/obj-bangle17.png	3	4	7	JingHuo	110	Coin	220	182	1	13007	760000	13017	200000	13027	40000	13027	166	3	400000
78	<i18n=6351>	93	UI/icon/item/equip/cuff/obj-bangle18.png	3	4	8	JingHuo	120	Coin	240	183	1	13008	760000	13018	200000	13028	40000	13028	166	3	400000
79	<i18n=10445>	103	UI/icon/item/equip/cuff/obj-bangle19.png	3	4	9	JingHuo	130	Coin	260	184	1	13009	760000	13019	200000	13029	40000	13029	166	3	400000
80	<i18n=1643>	113	UI/icon/item/equip/cuff/obj-bangle20.png	3	4	10	JingHuo	140	Coin	280	185	1	13010	760000	13020	200000	13030	40000	13030	166	4	400000
81	<i18n=9453>	7	UI/icon/item/equip/belt/obj-sash01.png	2	4	1	JingHuo	25	Coin	50	176	1	12001	760000	12011	200000	12021	40000	12021	166	1	400000
82	<i18n=7322>	37	UI/icon/item/equip/belt/obj-sash02.png	2	4	2	JingHuo	30	Coin	60	177	1	12002	760000	12012	200000	12022	40000	12022	166	2	400000
83	<i18n=6389>	47	UI/icon/item/equip/belt/obj-sash03.png	2	4	3	JingHuo	50	Coin	100	178	1	12003	760000	12013	200000	12023	40000	12023	166	2	400000
84	<i18n=5574>	57	UI/icon/item/equip/belt/obj-sash04.png	2	4	4	JingHuo	80	Coin	160	179	1	12004	760000	12014	200000	12024	40000	12024	166	2	400000
85	<i18n=328>	67	UI/icon/item/equip/belt/obj-sash05.png	2	4	5	JingHuo	90	Coin	180	180	1	12005	760000	12015	200000	12025	40000	12025	166	2	400000
86	<i18n=3221>	77	UI/icon/item/equip/belt/obj-sash06.png	2	4	6	JingHuo	100	Coin	200	181	1	12006	760000	12016	200000	12026	40000	12026	166	3	400000
87	<i18n=12147>	87	UI/icon/item/equip/belt/obj-sash07.png	2	4	7	JingHuo	110	Coin	220	182	1	12007	760000	12017	200000	12027	40000	12027	166	3	400000
88	<i18n=7014>	97	UI/icon/item/equip/belt/obj-sash08.png	2	4	8	JingHuo	120	Coin	240	183	1	12008	760000	12018	200000	12028	40000	12028	166	3	400000
89	<i18n=11271>	107	UI/icon/item/equip/belt/obj-sash09.png	2	4	9	JingHuo	130	Coin	260	184	1	12009	760000	12019	200000	12029	40000	12029	166	3	400000
90	<i18n=550>	117	UI/icon/item/equip/belt/obj-sash10.png	2	4	10	JingHuo	140	Coin	280	185	1	12010	760000	12020	200000	12030	40000	12030	166	4	400000
91	<i18n=8342>	9	UI/icon/item/equip/boots/obj-shoes01.png	4	4	1	JingHuo	25	Coin	50	176	1	14001	760000	14011	200000	14021	40000	14021	166	1	400000
92	<i18n=14279>	39	UI/icon/item/equip/boots/obj-shoes02.png	4	4	2	JingHuo	30	Coin	60	177	1	14002	760000	14012	200000	14022	40000	14022	166	2	400000
93	<i18n=95>	49	UI/icon/item/equip/boots/obj-shoes03.png	4	4	3	JingHuo	50	Coin	100	178	1	14003	760000	14013	200000	14023	40000	14023	166	2	400000
94	<i18n=13397>	59	UI/icon/item/equip/boots/obj-shoes04.png	4	4	4	JingHuo	80	Coin	160	179	1	14004	760000	14014	200000	14024	40000	14024	166	2	400000
95	<i18n=14138>	69	UI/icon/item/equip/boots/obj-shoes05.png	4	4	5	JingHuo	90	Coin	180	180	1	14005	760000	14015	200000	14025	40000	14025	166	2	400000
96	<i18n=3364>	79	UI/icon/item/equip/boots/obj-shoes06.png	4	4	6	JingHuo	100	Coin	200	181	1	14006	760000	14016	200000	14026	40000	14026	166	3	400000
97	<i18n=14932>	89	UI/icon/item/equip/boots/obj-shoes07.png	4	4	7	JingHuo	110	Coin	220	182	1	14007	760000	14017	200000	14027	40000	14027	166	3	400000
98	<i18n=8167>	99	UI/icon/item/equip/boots/obj-shoes08.png	4	4	8	JingHuo	120	Coin	240	183	1	14008	760000	14018	200000	14028	40000	14028	166	3	400000
99	<i18n=4045>	109	UI/icon/item/equip/boots/obj-shoes09.png	4	4	9	JingHuo	130	Coin	260	184	1	14009	760000	14019	200000	14029	40000	14029	166	3	400000
100	<i18n=9720>	119	UI/icon/item/equip/boots/obj-shoes10.png	4	4	10	JingHuo	140	Coin	280	185	1	14010	760000	14020	200000	14030	40000	14030	166	4	400000
101	<i18n=31950>	120	UI/icon/item/equip/weapon/obj-sword11.png	5	1	11	JingHuo	750	Coin	1500	115	5	15031	760000	15039	200000	15047	40000	15047	136	4	400000
102	<i18n=31958>	130	UI/icon/item/equip/weapon/obj-sword12.png	5	1	12	JingHuo	800	Coin	1600	115	5	15032	760000	15040	200000	15048	40000	15048	136	4	400000
103	<i18n=31945>	140	UI/icon/item/equip/weapon/obj-sword13.png	5	1	13	JingHuo	850	Coin	1700	115	5	15033	760000	15041	200000	15049	40000	15049	136	4	400000
104	<i18n=31990>	150	UI/icon/item/equip/weapon/obj-sword14.png	5	1	14	JingHuo	900	Coin	1800	115	5	15034	760000	15042	200000	15050	40000	15050	136	5	400000
105	<i18n=31965>	160	UI/icon/item/equip/weapon/obj-sword15.png	5	1	15	JingHuo	950	Coin	1900	115	5	15035	760000	15043	200000	15051	40000	15051	136	5	400000
106	<i18n=31934>	170	UI/icon/item/equip/weapon/obj-sword10.png	5	1	16	JingHuo	1000	Coin	2000	115	5	15036	760000	15044	200000	15052	40000	15052	136	5	400000
107	<i18n=32000>	180	UI/icon/item/equip/weapon/obj-sword10.png	5	1	17	JingHuo	1050	Coin	2100	115	5	15037	760000	15045	200000	15053	40000	15053	136	5	400000
108	<i18n=31953>	190	UI/icon/item/equip/weapon/obj-sword10.png	5	1	18	JingHuo	1100	Coin	2200	115	5	15038	760000	15046	200000	15054	40000	15054	136	6	400000
109	<i18n=31975>	125	UI/icon/item/equip/armor/obj-armor31.png	1	2	11	JingHuo	450	Coin	900	125	3	11031	760000	11039	200000	11047	40000	11047	146	4	400000
110	<i18n=31951>	135	UI/icon/item/equip/armor/obj-armor32.png	1	2	12	JingHuo	480	Coin	960	125	3	11032	760000	11040	200000	11048	40000	11048	146	4	400000
111	<i18n=31936>	145	UI/icon/item/equip/armor/obj-armor33.png	1	2	13	JingHuo	510	Coin	1020	125	3	11033	760000	11041	200000	11049	40000	11049	146	4	400000
112	<i18n=31944>	155	UI/icon/item/equip/armor/obj-armor34.png	1	2	14	JingHuo	540	Coin	1080	125	3	11034	760000	11042	200000	11050	40000	11050	146	5	400000
113	<i18n=31982>	165	UI/icon/item/equip/armor/obj-armor35.png	1	2	15	JingHuo	570	Coin	1140	125	3	11035	760000	11043	200000	11051	40000	11051	146	5	400000
114	<i18n=31987>	175	UI/icon/item/equip/armor/obj-armor36.png	1	2	16	JingHuo	600	Coin	1200	125	3	11036	760000	11044	200000	11052	40000	11052	146	5	400000
115	<i18n=31989>	185	UI/icon/item/equip/armor/obj-armor37.png	1	2	17	JingHuo	630	Coin	1260	125	3	11037	760000	11045	200000	11053	40000	11053	146	5	400000
116	<i18n=31992>	195	UI/icon/item/equip/armor/obj-armor38.png	1	2	18	JingHuo	660	Coin	1320	125	3	11038	760000	11046	200000	11054	40000	11054	146	6	400000
117	<i18n=33553>	122	UI/icon/item/equip/necklace/obj-neck21.png	6	3	11	JingHuo	300	Coin	600	135	2	16031	760000	16039	200000	16047	40000	16047	156	4	400000
118	<i18n=33589>	132	UI/icon/item/equip/necklace/obj-neck22.png	6	3	12	JingHuo	320	Coin	640	135	2	16032	760000	16040	200000	16048	40000	16048	156	4	400000
119	<i18n=33608>	142	UI/icon/item/equip/necklace/obj-neck23.png	6	3	13	JingHuo	340	Coin	680	135	2	16033	760000	16041	200000	16049	40000	16049	156	4	400000
120	<i18n=33555>	152	UI/icon/item/equip/necklace/obj-neck24.png	6	3	14	JingHuo	360	Coin	720	135	2	16034	760000	16042	200000	16050	40000	16050	156	5	400000
121	<i18n=33562>	162	UI/icon/item/equip/necklace/obj-neck25.png	6	3	15	JingHuo	380	Coin	760	135	2	16035	760000	16043	200000	16051	40000	16051	156	5	400000
122	<i18n=33590>	172	UI/icon/item/equip/necklace/obj-neck26.png	6	3	16	JingHuo	400	Coin	800	135	2	16036	760000	16044	200000	16052	40000	16052	156	5	400000
123	<i18n=33599>	182	UI/icon/item/equip/necklace/obj-neck27.png	6	3	17	JingHuo	420	Coin	840	135	2	16037	760000	16045	200000	16053	40000	16053	156	5	400000
124	<i18n=33605>	192	UI/icon/item/equip/necklace/obj-neck28.png	6	3	18	JingHuo	440	Coin	880	135	2	16038	760000	16046	200000	16054	40000	16054	156	6	400000
125	<i18n=33623>	124	UI/icon/item/equip/ring/obj-ring11.png	7	3	11	JingHuo	300	Coin	600	135	2	17031	760000	17039	200000	17047	40000	17047	156	4	400000
126	<i18n=33598>	134	UI/icon/item/equip/ring/obj-ring12.png	7	3	12	JingHuo	320	Coin	640	135	2	17032	760000	17040	200000	17048	40000	17048	156	4	400000
127	<i18n=33618>	144	UI/icon/item/equip/ring/obj-ring13.png	7	3	13	JingHuo	340	Coin	680	135	2	17033	760000	17041	200000	17049	40000	17049	156	4	400000
128	<i18n=33593>	154	UI/icon/item/equip/ring/obj-ring14.png	7	3	14	JingHuo	360	Coin	720	135	2	17034	760000	17042	200000	17050	40000	17050	156	5	400000
129	<i18n=33543>	164	UI/icon/item/equip/ring/obj-ring15.png	7	3	15	JingHuo	380	Coin	760	135	2	17035	760000	17043	200000	17051	40000	17051	156	5	400000
130	<i18n=33551>	174	UI/icon/item/equip/ring/obj-ring16.png	7	3	16	JingHuo	400	Coin	800	135	2	17036	760000	17044	200000	17052	40000	17052	156	5	400000
131	<i18n=33542>	184	UI/icon/item/equip/ring/obj-ring17.png	7	3	17	JingHuo	420	Coin	840	135	2	17037	760000	17045	200000	17053	40000	17053	156	5	400000
132	<i18n=33619>	194	UI/icon/item/equip/ring/obj-ring18.png	7	3	18	JingHuo	440	Coin	880	135	2	17038	760000	17046	200000	17054	40000	17054	156	6	400000
133	<i18n=33610>	126	UI/icon/item/equip/pendant/obj-waist21.png	8	3	11	JingHuo	300	Coin	600	135	2	19031	760000	19039	200000	19047	40000	19047	156	4	400000
134	<i18n=33575>	136	UI/icon/item/equip/pendant/obj-waist22.png	8	3	12	JingHuo	320	Coin	640	135	2	19032	760000	19040	200000	19048	40000	19048	156	4	400000
135	<i18n=33611>	146	UI/icon/item/equip/pendant/obj-waist23.png	8	3	13	JingHuo	340	Coin	680	135	2	19033	760000	19041	200000	19049	40000	19049	156	4	400000
136	<i18n=33550>	156	UI/icon/item/equip/pendant/obj-waist24.png	8	3	14	JingHuo	360	Coin	720	135	2	19034	760000	19042	200000	19050	40000	19050	156	5	400000
137	<i18n=33577>	166	UI/icon/item/equip/pendant/obj-waist25.png	8	3	15	JingHuo	380	Coin	760	135	2	19035	760000	19043	200000	19051	40000	19051	156	5	400000
138	<i18n=33602>	176	UI/icon/item/equip/pendant/obj-waist26.png	8	3	16	JingHuo	400	Coin	800	135	2	19036	760000	19044	200000	19052	40000	19052	156	5	400000
139	<i18n=33580>	186	UI/icon/item/equip/pendant/obj-waist27.png	8	3	17	JingHuo	420	Coin	840	135	2	19037	760000	19045	200000	19053	40000	19053	156	5	400000
140	<i18n=33617>	196	UI/icon/item/equip/pendant/obj-waist28.png	8	3	18	JingHuo	440	Coin	880	135	2	19038	760000	19046	200000	19054	40000	19054	156	6	400000
141	<i18n=33591>	128	UI/icon/item/equip/amulet/shipin11.png	9	3	11	JingHuo	300	Coin	600	135	2	18031	760000	18039	200000	18047	40000	18047	156	4	400000
142	<i18n=33627>	138	UI/icon/item/equip/amulet/shipin12.png	9	3	12	JingHuo	320	Coin	640	135	2	18032	760000	18040	200000	18048	40000	18048	156	4	400000
143	<i18n=33613>	148	UI/icon/item/equip/amulet/shipin13.png	9	3	13	JingHuo	340	Coin	680	135	2	18033	760000	18041	200000	18049	40000	18049	156	4	400000
144	<i18n=33566>	158	UI/icon/item/equip/amulet/shipin14.png	9	3	14	JingHuo	360	Coin	720	135	2	18034	760000	18042	200000	18050	40000	18050	156	5	400000
145	<i18n=33606>	168	UI/icon/item/equip/amulet/shipin15.png	9	3	15	JingHuo	380	Coin	760	135	2	18035	760000	18043	200000	18051	40000	18051	156	5	400000
146	<i18n=33569>	178	UI/icon/item/equip/amulet/shipin16.png	9	3	16	JingHuo	400	Coin	800	135	2	18036	760000	18044	200000	18052	40000	18052	156	5	400000
147	<i18n=33563>	188	UI/icon/item/equip/amulet/shipin17.png	9	3	17	JingHuo	420	Coin	840	135	2	18037	760000	18045	200000	18053	40000	18053	156	5	400000
148	<i18n=33609>	198	UI/icon/item/equip/amulet/shipin18.png	9	3	18	JingHuo	440	Coin	880	135	2	18038	760000	18046	200000	18054	40000	18054	156	6	400000
149	<i18n=31962>	121	UI/icon/item/equip/helm/obj-helm31.png	0	4	11	JingHuo	150	Coin	300	185	1	10031	760000	10039	200000	10047	40000	10047	166	4	400000
150	<i18n=31998>	131	UI/icon/item/equip/helm/obj-helm32.png	0	4	12	JingHuo	160	Coin	320	185	1	10032	760000	10040	200000	10048	40000	10048	166	4	400000
151	<i18n=31938>	141	UI/icon/item/equip/helm/obj-helm33.png	0	4	13	JingHuo	170	Coin	340	185	1	10033	760000	10041	200000	10049	40000	10049	166	4	400000
152	<i18n=31957>	151	UI/icon/item/equip/helm/obj-helm34.png	0	4	14	JingHuo	180	Coin	360	185	1	10034	760000	10042	200000	10050	40000	10050	166	5	400000
153	<i18n=31960>	161	UI/icon/item/equip/helm/obj-helm35.png	0	4	15	JingHuo	190	Coin	380	185	1	10035	760000	10043	200000	10051	40000	10051	166	5	400000
154	<i18n=31933>	171	UI/icon/item/equip/helm/obj-helm36.png	0	4	16	JingHuo	200	Coin	400	185	1	10036	760000	10044	200000	10052	40000	10052	166	5	400000
155	<i18n=31976>	181	UI/icon/item/equip/helm/obj-helm37.png	0	4	17	JingHuo	210	Coin	420	185	1	10037	760000	10045	200000	10053	40000	10053	166	5	400000
156	<i18n=32002>	191	UI/icon/item/equip/helm/obj-helm38.png	0	4	18	JingHuo	220	Coin	440	185	1	10038	760000	10046	200000	10054	40000	10054	166	6	400000
157	<i18n=33584>	123	UI/icon/item/equip/cuff/obj-bangle21.png	3	4	11	JingHuo	150	Coin	300	185	1	13031	760000	13039	200000	13047	40000	13047	166	4	400000
158	<i18n=33607>	133	UI/icon/item/equip/cuff/obj-bangle22.png	3	4	12	JingHuo	160	Coin	320	185	1	13032	760000	13040	200000	13048	40000	13048	166	4	400000
159	<i18n=33622>	143	UI/icon/item/equip/cuff/obj-bangle23.png	3	4	13	JingHuo	170	Coin	340	185	1	13033	760000	13041	200000	13049	40000	13049	166	4	400000
160	<i18n=33556>	153	UI/icon/item/equip/cuff/obj-bangle24.png	3	4	14	JingHuo	180	Coin	360	185	1	13034	760000	13042	200000	13050	40000	13050	166	5	400000
161	<i18n=33579>	163	UI/icon/item/equip/cuff/obj-bangle25.png	3	4	15	JingHuo	190	Coin	380	185	1	13035	760000	13043	200000	13051	40000	13051	166	5	400000
162	<i18n=33578>	173	UI/icon/item/equip/cuff/obj-bangle26.png	3	4	16	JingHuo	200	Coin	400	185	1	13036	760000	13044	200000	13052	40000	13052	166	5	400000
163	<i18n=33554>	183	UI/icon/item/equip/cuff/obj-bangle27.png	3	4	17	JingHuo	210	Coin	420	185	1	13037	760000	13045	200000	13053	40000	13053	166	5	400000
164	<i18n=33559>	193	UI/icon/item/equip/cuff/obj-bangle28.png	3	4	18	JingHuo	220	Coin	440	185	1	13038	760000	13046	200000	13054	40000	13054	166	6	400000
165	<i18n=33583>	127	UI/icon/item/equip/belt/obj-sash11.png	2	4	11	JingHuo	150	Coin	300	185	1	12031	760000	12039	200000	12047	40000	12047	166	4	400000
166	<i18n=33588>	137	UI/icon/item/equip/belt/obj-sash12.png	2	4	12	JingHuo	160	Coin	320	185	1	12032	760000	12040	200000	12048	40000	12048	166	4	400000
167	<i18n=33557>	147	UI/icon/item/equip/belt/obj-sash13.png	2	4	13	JingHuo	170	Coin	340	185	1	12033	760000	12041	200000	12049	40000	12049	166	4	400000
168	<i18n=33624>	157	UI/icon/item/equip/belt/obj-sash14.png	2	4	14	JingHuo	180	Coin	360	185	1	12034	760000	12042	200000	12050	40000	12050	166	5	400000
169	<i18n=33576>	167	UI/icon/item/equip/belt/obj-sash15.png	2	4	15	JingHuo	190	Coin	380	185	1	12035	760000	12043	200000	12051	40000	12051	166	5	400000
170	<i18n=33545>	177	UI/icon/item/equip/belt/obj-sash16.png	2	4	16	JingHuo	200	Coin	400	185	1	12036	760000	12044	200000	12052	40000	12052	166	5	400000
171	<i18n=33541>	187	UI/icon/item/equip/belt/obj-sash17.png	2	4	17	JingHuo	210	Coin	420	185	1	12037	760000	12045	200000	12053	40000	12053	166	5	400000
172	<i18n=33600>	197	UI/icon/item/equip/belt/obj-sash18.png	2	4	18	JingHuo	220	Coin	440	185	1	12038	760000	12046	200000	12054	40000	12054	166	6	400000
173	<i18n=33587>	129	UI/icon/item/equip/boots/obj-shoes11.png	4	4	11	JingHuo	150	Coin	300	185	1	14031	760000	14039	200000	14047	40000	14047	166	4	400000
174	<i18n=33560>	139	UI/icon/item/equip/boots/obj-shoes12.png	4	4	12	JingHuo	160	Coin	320	185	1	14032	760000	14040	200000	14048	40000	14048	166	4	400000
175	<i18n=33626>	149	UI/icon/item/equip/boots/obj-shoes13.png	4	4	13	JingHuo	170	Coin	340	185	1	14033	760000	14041	200000	14049	40000	14049	166	4	400000
176	<i18n=33616>	159	UI/icon/item/equip/boots/obj-shoes14.png	4	4	14	JingHuo	180	Coin	360	185	1	14034	760000	14042	200000	14050	40000	14050	166	5	400000
177	<i18n=33597>	169	UI/icon/item/equip/boots/obj-shoes15.png	4	4	15	JingHuo	190	Coin	380	185	1	14035	760000	14043	200000	14051	40000	14051	166	5	400000
178	<i18n=33625>	179	UI/icon/item/equip/boots/obj-shoes16.png	4	4	16	JingHuo	200	Coin	400	185	1	14036	760000	14044	200000	14052	40000	14052	166	5	400000
179	<i18n=33581>	189	UI/icon/item/equip/boots/obj-shoes17.png	4	4	17	JingHuo	210	Coin	420	185	1	14037	760000	14045	200000	14053	40000	14053	166	5	400000
180	<i18n=33585>	199	UI/icon/item/equip/boots/obj-shoes18.png	4	4	18	JingHuo	220	Coin	440	185	1	14038	760000	14046	200000	14054	40000	14054	166	6	400000
181	<i18n=65918>	200	UI/icon/item/equip/weapon/obj-jian-001.png	5	1	19	JingHuo	1150	Coin	2300	115	5	15055	760000	15075	200000	15095	40000	15095	136	6	400000
182	<i18n=65962>	210	UI/icon/item/equip/weapon/obj-jian-001.png	5	1	20	JingHuo	1200	Coin	2400	115	5	15056	760000	15076	200000	15096	40000	15096	136	6	400000
183	<i18n=65998>	220	UI/icon/item/equip/weapon/obj-jian-002.png	5	1	21	JingHuo	1250	Coin	2500	115	5	15057	760000	15077	200000	15097	40000	15097	136	6	400000
184	<i18n=65861>	230	UI/icon/item/equip/weapon/obj-jian-002.png	5	1	22	JingHuo	1300	Coin	2600	115	5	15058	760000	15078	200000	15098	40000	15098	136	7	400000
185	<i18n=66051>	240	UI/icon/item/equip/weapon/obj-jian-003.png	5	1	23	JingHuo	1350	Coin	2700	115	5	15059	760000	15079	200000	15099	40000	15099	136	7	400000
186	<i18n=65875>	250	UI/icon/item/equip/weapon/obj-jian-003.png	5	1	24	JingHuo	1400	Coin	2800	115	5	15060	760000	15080	200000	15100	40000	15100	136	7	400000
187	<i18n=66035>	260	UI/icon/item/equip/weapon/obj-sword10.png	5	1	25	JingHuo	1450	Coin	2900	115	5	15061	760000	15081	200000	15101	40000	15101	136	7	400000
188	<i18n=65964>	270	UI/icon/item/equip/weapon/obj-sword10.png	5	1	26	JingHuo	1500	Coin	3000	115	5	15062	760000	15082	200000	15102	40000	15102	136	8	400000
189	<i18n=65820>	280	UI/icon/item/equip/weapon/obj-sword10.png	5	1	27	JingHuo	1550	Coin	3100	115	5	15063	760000	15083	200000	15103	40000	15103	136	8	400000
190	<i18n=65947>	290	UI/icon/item/equip/weapon/obj-sword10.png	5	1	28	JingHuo	1600	Coin	3200	115	5	15064	760000	15084	200000	15104	40000	15104	136	8	400000
191	<i18n=65872>	205	UI/icon/item/equip/armor/obj-armor001.png	1	2	19	JingHuo	690	Coin	1380	125	3	11055	760000	11075	200000	11095	40000	11095	146	6	400000
192	<i18n=65956>	215	UI/icon/item/equip/armor/obj-armor001.png	1	2	20	JingHuo	720	Coin	1440	125	3	11056	760000	11076	200000	11096	40000	11096	146	6	400000
193	<i18n=65869>	225	UI/icon/item/equip/armor/obj-armor002.png	1	2	21	JingHuo	750	Coin	1500	125	3	11057	760000	11077	200000	11097	40000	11097	146	6	400000
194	<i18n=66011>	235	UI/icon/item/equip/armor/obj-armor002.png	1	2	22	JingHuo	780	Coin	1560	125	3	11058	760000	11078	200000	11098	40000	11098	146	7	400000
195	<i18n=65981>	245	UI/icon/item/equip/armor/obj-armor003.png	1	2	23	JingHuo	810	Coin	1620	125	3	11059	760000	11079	200000	11099	40000	11099	146	7	400000
196	<i18n=65912>	255	UI/icon/item/equip/armor/obj-armor003.png	1	2	24	JingHuo	840	Coin	1680	125	3	11060	760000	11080	200000	11100	40000	11100	146	7	400000
197	<i18n=66050>	265	UI/icon/item/equip/armor/obj-armor38.png	1	2	25	JingHuo	870	Coin	1740	125	3	11061	760000	11081	200000	11101	40000	11101	146	7	400000
198	<i18n=65821>	275	UI/icon/item/equip/armor/obj-armor38.png	1	2	26	JingHuo	900	Coin	1800	125	3	11062	760000	11082	200000	11102	40000	11102	146	8	400000
199	<i18n=65967>	285	UI/icon/item/equip/armor/obj-armor38.png	1	2	27	JingHuo	930	Coin	1860	125	3	11063	760000	11083	200000	11103	40000	11103	146	8	400000
200	<i18n=65986>	295	UI/icon/item/equip/armor/obj-armor38.png	1	2	28	JingHuo	960	Coin	1920	125	3	11064	760000	11084	200000	11104	40000	11104	146	8	400000
201	<i18n=66121>	202	UI/icon/item/equip/necklace/obj-neck001.png	6	3	19	JingHuo	460	Coin	920	135	2	16055	760000	16075	200000	16095	40000	16095	156	6	400000
202	<i18n=66114>	212	UI/icon/item/equip/necklace/obj-neck001.png	6	3	20	JingHuo	480	Coin	960	135	2	16056	760000	16076	200000	16096	40000	16096	156	6	400000
203	<i18n=66109>	222	UI/icon/item/equip/necklace/obj-neck002.png	6	3	21	JingHuo	500	Coin	1000	135	2	16057	760000	16077	200000	16097	40000	16097	156	6	400000
204	<i18n=66101>	232	UI/icon/item/equip/necklace/obj-neck002.png	6	3	22	JingHuo	520	Coin	1040	135	2	16058	760000	16078	200000	16098	40000	16098	156	7	400000
205	<i18n=66057>	242	UI/icon/item/equip/necklace/obj-neck003.png	6	3	23	JingHuo	540	Coin	1080	135	2	16059	760000	16079	200000	16099	40000	16099	156	7	400000
206	<i18n=66113>	252	UI/icon/item/equip/necklace/obj-neck003.png	6	3	24	JingHuo	560	Coin	1120	135	2	16060	760000	16080	200000	16100	40000	16100	156	7	400000
207	<i18n=66067>	262	UI/icon/item/equip/necklace/obj-neck28.png	6	3	25	JingHuo	580	Coin	1160	135	2	16061	760000	16081	200000	16101	40000	16101	156	7	400000
208	<i18n=66063>	272	UI/icon/item/equip/necklace/obj-neck28.png	6	3	26	JingHuo	600	Coin	1200	135	2	16062	760000	16082	200000	16102	40000	16102	156	8	400000
209	<i18n=66061>	282	UI/icon/item/equip/necklace/obj-neck28.png	6	3	27	JingHuo	620	Coin	1240	135	2	16063	760000	16083	200000	16103	40000	16103	156	8	400000
210	<i18n=66075>	292	UI/icon/item/equip/necklace/obj-neck28.png	6	3	28	JingHuo	640	Coin	1280	135	2	16064	760000	16084	200000	16104	40000	16104	156	8	400000
211	<i18n=66074>	204	UI/icon/item/equip/ring/obj-ring001.png	7	3	19	JingHuo	460	Coin	920	135	2	17055	760000	17075	200000	17095	40000	17095	156	6	400000
212	<i18n=66083>	214	UI/icon/item/equip/ring/obj-ring001.png	7	3	20	JingHuo	480	Coin	960	135	2	17056	760000	17076	200000	17096	40000	17096	156	6	400000
213	<i18n=66071>	224	UI/icon/item/equip/ring/obj-ring002.png	7	3	21	JingHuo	500	Coin	1000	135	2	17057	760000	17077	200000	17097	40000	17097	156	6	400000
214	<i18n=66110>	234	UI/icon/item/equip/ring/obj-ring002.png	7	3	22	JingHuo	520	Coin	1040	135	2	17058	760000	17078	200000	17098	40000	17098	156	7	400000
215	<i18n=66072>	244	UI/icon/item/equip/ring/obj-ring003.png	7	3	23	JingHuo	540	Coin	1080	135	2	17059	760000	17079	200000	17099	40000	17099	156	7	400000
216	<i18n=66117>	254	UI/icon/item/equip/ring/obj-ring003.png	7	3	24	JingHuo	560	Coin	1120	135	2	17060	760000	17080	200000	17100	40000	17100	156	7	400000
217	<i18n=66055>	264	UI/icon/item/equip/ring/obj-ring18.png	7	3	25	JingHuo	580	Coin	1160	135	2	17061	760000	17081	200000	17101	40000	17101	156	7	400000
218	<i18n=66120>	274	UI/icon/item/equip/ring/obj-ring18.png	7	3	26	JingHuo	600	Coin	1200	135	2	17062	760000	17082	200000	17102	40000	17102	156	8	400000
219	<i18n=66104>	284	UI/icon/item/equip/ring/obj-ring18.png	7	3	27	JingHuo	620	Coin	1240	135	2	17063	760000	17083	200000	17103	40000	17103	156	8	400000
220	<i18n=66089>	294	UI/icon/item/equip/ring/obj-ring18.png	7	3	28	JingHuo	640	Coin	1280	135	2	17064	760000	17084	200000	17104	40000	17104	156	8	400000
221	<i18n=66116>	206	UI/icon/item/equip/pendant/obj-waist001.png	8	3	19	JingHuo	460	Coin	920	135	2	19055	760000	19075	200000	19095	40000	19095	156	6	400000
222	<i18n=66105>	216	UI/icon/item/equip/pendant/obj-waist001.png	8	3	20	JingHuo	480	Coin	960	135	2	19056	760000	19076	200000	19096	40000	19096	156	6	400000
223	<i18n=66076>	226	UI/icon/item/equip/pendant/obj-waist002.png	8	3	21	JingHuo	500	Coin	1000	135	2	19057	760000	19077	200000	19097	40000	19097	156	6	400000
224	<i18n=66058>	236	UI/icon/item/equip/pendant/obj-waist002.png	8	3	22	JingHuo	520	Coin	1040	135	2	19058	760000	19078	200000	19098	40000	19098	156	7	400000
225	<i18n=66064>	246	UI/icon/item/equip/pendant/obj-waist003.png	8	3	23	JingHuo	540	Coin	1080	135	2	19059	760000	19079	200000	19099	40000	19099	156	7	400000
226	<i18n=66056>	256	UI/icon/item/equip/pendant/obj-waist003.png	8	3	24	JingHuo	560	Coin	1120	135	2	19060	760000	19080	200000	19100	40000	19100	156	7	400000
227	<i18n=66085>	266	UI/icon/item/equip/pendant/obj-waist28.png	8	3	25	JingHuo	580	Coin	1160	135	2	19061	760000	19081	200000	19101	40000	19101	156	7	400000
228	<i18n=66059>	276	UI/icon/item/equip/pendant/obj-waist28.png	8	3	26	JingHuo	600	Coin	1200	135	2	19062	760000	19082	200000	19102	40000	19102	156	8	400000
229	<i18n=66122>	286	UI/icon/item/equip/pendant/obj-waist28.png	8	3	27	JingHuo	620	Coin	1240	135	2	19063	760000	19083	200000	19103	40000	19103	156	8	400000
230	<i18n=66060>	296	UI/icon/item/equip/pendant/obj-waist28.png	8	3	28	JingHuo	640	Coin	1280	135	2	19064	760000	19084	200000	19104	40000	19104	156	8	400000
231	<i18n=66100>	208	UI/icon/item/equip/amulet/shipin001.png	9	3	19	JingHuo	460	Coin	920	135	2	18055	760000	18075	200000	18095	40000	18095	156	6	400000
232	<i18n=66119>	218	UI/icon/item/equip/amulet/shipin001.png	9	3	20	JingHuo	480	Coin	960	135	2	18056	760000	18076	200000	18096	40000	18096	156	6	400000
233	<i18n=66080>	228	UI/icon/item/equip/amulet/shipin002.png	9	3	21	JingHuo	500	Coin	1000	135	2	18057	760000	18077	200000	18097	40000	18097	156	6	400000
234	<i18n=66053>	238	UI/icon/item/equip/amulet/shipin002.png	9	3	22	JingHuo	520	Coin	1040	135	2	18058	760000	18078	200000	18098	40000	18098	156	7	400000
235	<i18n=66098>	248	UI/icon/item/equip/amulet/shipin003.png	9	3	23	JingHuo	540	Coin	1080	135	2	18059	760000	18079	200000	18099	40000	18099	156	7	400000
236	<i18n=66077>	258	UI/icon/item/equip/amulet/shipin003.png	9	3	24	JingHuo	560	Coin	1120	135	2	18060	760000	18080	200000	18100	40000	18100	156	7	400000
237	<i18n=66092>	268	UI/icon/item/equip/amulet/shipin18.png	9	3	25	JingHuo	580	Coin	1160	135	2	18061	760000	18081	200000	18101	40000	18101	156	7	400000
238	<i18n=66066>	278	UI/icon/item/equip/amulet/shipin18.png	9	3	26	JingHuo	600	Coin	1200	135	2	18062	760000	18082	200000	18102	40000	18102	156	8	400000
239	<i18n=66069>	288	UI/icon/item/equip/amulet/shipin18.png	9	3	27	JingHuo	620	Coin	1240	135	2	18063	760000	18083	200000	18103	40000	18103	156	8	400000
240	<i18n=66102>	298	UI/icon/item/equip/amulet/shipin18.png	9	3	28	JingHuo	640	Coin	1280	135	2	18064	760000	18084	200000	18104	40000	18104	156	8	400000
241	<i18n=65831>	201	UI/icon/item/equip/helm/obj-helm001.png	0	4	19	JingHuo	230	Coin	460	185	1	10055	760000	10075	200000	10095	40000	10095	166	6	400000
242	<i18n=65860>	211	UI/icon/item/equip/helm/obj-helm001.png	0	4	20	JingHuo	240	Coin	480	185	1	10056	760000	10076	200000	10096	40000	10096	166	6	400000
243	<i18n=66046>	221	UI/icon/item/equip/helm/obj-helm002.png	0	4	21	JingHuo	250	Coin	500	185	1	10057	760000	10077	200000	10097	40000	10097	166	6	400000
244	<i18n=65949>	231	UI/icon/item/equip/helm/obj-helm002.png	0	4	22	JingHuo	260	Coin	520	185	1	10058	760000	10078	200000	10098	40000	10098	166	7	400000
245	<i18n=66026>	241	UI/icon/item/equip/helm/obj-helm003.png	0	4	23	JingHuo	270	Coin	540	185	1	10059	760000	10079	200000	10099	40000	10099	166	7	400000
246	<i18n=65972>	251	UI/icon/item/equip/helm/obj-helm003.png	0	4	24	JingHuo	280	Coin	560	185	1	10060	760000	10080	200000	10100	40000	10100	166	7	400000
247	<i18n=65878>	261	UI/icon/item/equip/helm/obj-helm38.png	0	4	25	JingHuo	290	Coin	580	185	1	10061	760000	10081	200000	10101	40000	10101	166	7	400000
248	<i18n=65858>	271	UI/icon/item/equip/helm/obj-helm38.png	0	4	26	JingHuo	300	Coin	600	185	1	10062	760000	10082	200000	10102	40000	10102	166	8	400000
249	<i18n=65991>	281	UI/icon/item/equip/helm/obj-helm38.png	0	4	27	JingHuo	310	Coin	620	185	1	10063	760000	10083	200000	10103	40000	10103	166	8	400000
250	<i18n=65985>	291	UI/icon/item/equip/helm/obj-helm38.png	0	4	28	JingHuo	320	Coin	640	185	1	10064	760000	10084	200000	10104	40000	10104	166	8	400000
251	<i18n=66054>	203	UI/icon/item/equip/cuff/obj-bangle001.png	3	4	19	JingHuo	230	Coin	460	185	1	13055	760000	13075	200000	13095	40000	13095	166	6	400000
252	<i18n=66096>	213	UI/icon/item/equip/cuff/obj-bangle001.png	3	4	20	JingHuo	240	Coin	480	185	1	13056	760000	13076	200000	13096	40000	13096	166	6	400000
253	<i18n=66087>	223	UI/icon/item/equip/cuff/obj-bangle002.png	3	4	21	JingHuo	250	Coin	500	185	1	13057	760000	13077	200000	13097	40000	13097	166	6	400000
254	<i18n=66099>	233	UI/icon/item/equip/cuff/obj-bangle002.png	3	4	22	JingHuo	260	Coin	520	185	1	13058	760000	13078	200000	13098	40000	13098	166	7	400000
255	<i18n=66070>	243	UI/icon/item/equip/cuff/obj-bangle003.png	3	4	23	JingHuo	270	Coin	540	185	1	13059	760000	13079	200000	13099	40000	13099	166	7	400000
256	<i18n=66078>	253	UI/icon/item/equip/cuff/obj-bangle003.png	3	4	24	JingHuo	280	Coin	560	185	1	13060	760000	13080	200000	13100	40000	13100	166	7	400000
257	<i18n=66095>	263	UI/icon/item/equip/cuff/obj-bangle28.png	3	4	25	JingHuo	290	Coin	580	185	1	13061	760000	13081	200000	13101	40000	13101	166	7	400000
258	<i18n=66094>	273	UI/icon/item/equip/cuff/obj-bangle28.png	3	4	26	JingHuo	300	Coin	600	185	1	13062	760000	13082	200000	13102	40000	13102	166	8	400000
259	<i18n=66062>	283	UI/icon/item/equip/cuff/obj-bangle28.png	3	4	27	JingHuo	310	Coin	620	185	1	13063	760000	13083	200000	13103	40000	13103	166	8	400000
260	<i18n=66093>	293	UI/icon/item/equip/cuff/obj-bangle28.png	3	4	28	JingHuo	320	Coin	640	185	1	13064	760000	13084	200000	13104	40000	13104	166	8	400000
261	<i18n=66112>	207	UI/icon/item/equip/belt/obj-sash001.png	2	4	19	JingHuo	230	Coin	460	185	1	12055	760000	12075	200000	12095	40000	12095	166	6	400000
262	<i18n=66090>	217	UI/icon/item/equip/belt/obj-sash001.png	2	4	20	JingHuo	240	Coin	480	185	1	12056	760000	12076	200000	12096	40000	12096	166	6	400000
263	<i18n=66118>	227	UI/icon/item/equip/belt/obj-sash002.png	2	4	21	JingHuo	250	Coin	500	185	1	12057	760000	12077	200000	12097	40000	12097	166	6	400000
264	<i18n=66073>	237	UI/icon/item/equip/belt/obj-sash002.png	2	4	22	JingHuo	260	Coin	520	185	1	12058	760000	12078	200000	12098	40000	12098	166	7	400000
265	<i18n=66065>	247	UI/icon/item/equip/belt/obj-sash003.png	2	4	23	JingHuo	270	Coin	540	185	1	12059	760000	12079	200000	12099	40000	12099	166	7	400000
266	<i18n=66086>	257	UI/icon/item/equip/belt/obj-sash003.png	2	4	24	JingHuo	280	Coin	560	185	1	12060	760000	12080	200000	12100	40000	12100	166	7	400000
267	<i18n=66088>	267	UI/icon/item/equip/belt/obj-sash18.png	2	4	25	JingHuo	290	Coin	580	185	1	12061	760000	12081	200000	12101	40000	12101	166	7	400000
268	<i18n=66108>	277	UI/icon/item/equip/belt/obj-sash18.png	2	4	26	JingHuo	300	Coin	600	185	1	12062	760000	12082	200000	12102	40000	12102	166	8	400000
269	<i18n=66115>	287	UI/icon/item/equip/belt/obj-sash18.png	2	4	27	JingHuo	310	Coin	620	185	1	12063	760000	12083	200000	12103	40000	12103	166	8	400000
270	<i18n=66097>	297	UI/icon/item/equip/belt/obj-sash18.png	2	4	28	JingHuo	320	Coin	640	185	1	12064	760000	12084	200000	12104	40000	12104	166	8	400000
271	<i18n=66106>	209	UI/icon/item/equip/boots/obj-shoes001.png	4	4	19	JingHuo	230	Coin	460	185	1	14055	760000	14075	200000	14095	40000	14095	166	6	400000
272	<i18n=66107>	219	UI/icon/item/equip/boots/obj-shoes001.png	4	4	20	JingHuo	240	Coin	480	185	1	14056	760000	14076	200000	14096	40000	14096	166	6	400000
273	<i18n=66079>	229	UI/icon/item/equip/boots/obj-shoes002.png	4	4	21	JingHuo	250	Coin	500	185	1	14057	760000	14077	200000	14097	40000	14097	166	6	400000
274	<i18n=66084>	239	UI/icon/item/equip/boots/obj-shoes002.png	4	4	22	JingHuo	260	Coin	520	185	1	14058	760000	14078	200000	14098	40000	14098	166	7	400000
275	<i18n=66103>	249	UI/icon/item/equip/boots/obj-shoes003.png	4	4	23	JingHuo	270	Coin	540	185	1	14059	760000	14079	200000	14099	40000	14099	166	7	400000
276	<i18n=66091>	259	UI/icon/item/equip/boots/obj-shoes003.png	4	4	24	JingHuo	280	Coin	560	185	1	14060	760000	14080	200000	14100	40000	14100	166	7	400000
277	<i18n=66081>	269	UI/icon/item/equip/boots/obj-shoes18.png	4	4	25	JingHuo	290	Coin	580	185	1	14061	760000	14081	200000	14101	40000	14101	166	7	400000
278	<i18n=66111>	279	UI/icon/item/equip/boots/obj-shoes18.png	4	4	26	JingHuo	300	Coin	600	185	1	14062	760000	14082	200000	14102	40000	14102	166	8	400000
279	<i18n=66082>	289	UI/icon/item/equip/boots/obj-shoes18.png	4	4	27	JingHuo	310	Coin	620	185	1	14063	760000	14083	200000	14103	40000	14103	166	8	400000
280	<i18n=66068>	299	UI/icon/item/equip/boots/obj-shoes18.png	4	4	28	JingHuo	320	Coin	640	185	1	14064	760000	14084	200000	14104	40000	14104	166	8	400000
