nLevel	nExp	nAwardKeyN	nAwardKeyM	nAwardKeyH	nShow	nHard	Desc
1	200	1001	2001	3001
2	200	1002	2002	3002
3	200	1003	2003	3003
4	200	1004	2004	3004
5	200	1005	2005	3005
6	200	1006	2006	3006
7	200	1007	2007	3007
8	200	1008	2008	3008
9	200	1009	2009	3009
10	200	1010	2010	3010	1
11	200	1011	2011	3011
12	200	1012	2012	3012
13	200	1013	2013	3013
14	200	1014	2014	3014
15	200	1015	2015	3015
16	200	1016	2016	3016
17	200	1017	2017	3017
18	200	1018	2018	3018
19	200	1019	2019	3019
20	200	1020	2020	3020	1
21	200	1021	2021	3021
22	200	1022	2022	3022
23	200	1023	2023	3023
24	200	1024	2024	3024
25	200	1025	2025	3025
26	200	1026	2026	3026
27	200	1027	2027	3027
28	200	1028	2028	3028
29	200	1029	2029	3029
30	200	1030	2030	3030	1
31	200	1031	2031	3031
32	200	1032	2032	3032
33	200	1033	2033	3033
34	200	1034	2034	3034
35	200	1035	2035	3035
36	200	1036	2036	3036
37	200	1037	2037	3037
38	200	1038	2038	3038
39	200	1039	2039	3039
40	200	1040	2040	3040	1
41	200	1041	2041	3041
42	200	1042	2042	3042
43	200	1043	2043	3043
44	200	1044	2044	3044
45	200	1045	2045	3045
46	200	1046	2046	3046
47	200	1047	2047	3047
48	200	1048	2048	3048
49	200	1049	2049	3049
50	200	1050	2050	3050	1
51	200	1051	2051	3051
52	200	1052	2052	3052
53	200	1053	2053	3053
54	200	1054	2054	3054
55	200	1055	2055	3055
56	200	1056	2056	3056
57	200	1057	2057	3057
58	200	1058	2058	3058
59	200	1059	2059	3059
60	200	1060	2060	3060	1
61	200	1061	2061	3061
62	200	1062	2062	3062
63	200	1063	2063	3063
64	200	1064	2064	3064
65	200	1065	2065	3065
66	200	1066	2066	3066
67	200	1067	2067	3067
68	200	1068	2068	3068
69	200	1069	2069	3069
70	200	1070	2070	3070	1
71	200	1071	2071	3071
72	200	1072	2072	3072
73	200	1073	2073	3073
74	200	1074	2074	3074
75	200	1075	2075	3075
76	200	1076	2076	3076
77	200	1077	2077	3077
78	200	1078	2078	3078
79	200	1079	2079	3079
80	200	1080	2080	3080	1
81	200	1081	2081	3081
82	200	1082	2082	3082
83	200	1083	2083	3083
84	200	1084	2084	3084
85	200	1085	2085	3085
86	200	1086	2086	3086
87	200	1087	2087	3087
88	200	1088	2088	3088
89	200	1089	2089	3089
90	200	1090	2090	3090	1
91	200	1091	2091	3091		1
92	200	1092	2092	3092		1
93	200	1093	2093	3093		1
94	200	1094	2094	3094		1
95	200	1095	2095	3095		1
96	200	1096	2096	3096		1
97	200	1097	2097	3097		1
98	200	1098	2098	3098		1
99	200	1099	2099	3099		1
100	8550	1100	2100	3100	1	1
