nId	nPartnerId	nOrder	tbnWeight	tbnMingXiaQuality	tbnActivityQuality	nMaterialsId	nConsumeNum	nYuanQiNum	nIsBind	tbnItemId
1	1	1	660000|280000|50000|10000	655000|280000|50000|15000	655000|280000|50000|15000	671600	2	1300	1	671401|670901|670401|660901
2	1	2	660000|280000|50000|10000	655000|280000|50000|15000	655000|280000|50000|15000	671600	2	1860	1	671402|670902|670402|660902
3	1	3	660000|280000|50000|10000	655000|280000|50000|15000	655000|280000|50000|15000	671600	2	2030	1	671403|670903|670403|660903
4	1	4	660000|280000|50000|10000	655000|280000|50000|15000	655000|280000|50000|15000	671600	3	3040	1	671404|670904|670404|660904
5	1	5	660000|280000|50000|10000	655000|280000|50000|15000	655000|280000|50000|15000	671600	3	3300	1	671405|670905|670405|660905
6	1	6	660000|280000|50000|10000	655000|280000|50000|15000	655000|280000|50000|15000	671600	3	3550	1	671406|670906|670406|660906
7	1	7	660000|280000|50000|10000	655000|280000|50000|15000	655000|280000|50000|15000	671600	4	4730	1	671407|670907|670407|660907
8	1	8	660000|280000|50000|10000	655000|280000|50000|15000	655000|280000|50000|15000	671600	4	5070	1	671408|670908|670408|660908
9	1	9	660000|280000|50000|10000	655000|280000|50000|15000	655000|280000|50000|15000	671600	4	5410	1	671409|670909|670409|660909
10	1	10	660000|280000|50000|10000	655000|280000|50000|15000	655000|280000|50000|15000	671600	5	6760	1	671410|670910|670410|660910
11	1	11	660000|280000|50000|10000	655000|280000|50000|15000	655000|280000|50000|15000	671600	5	7100	1	671411|670911|670411|660911
12	2	1	660000|280000|50000|10000	655000|280000|50000|15000	655000|280000|50000|15000	671600	2	1300	1	671101|670601|670101|660101
13	2	2	660000|280000|50000|10000	655000|280000|50000|15000	655000|280000|50000|15000	671600	2	1860	1	671102|670602|670102|660102
14	2	3	660000|280000|50000|10000	655000|280000|50000|15000	655000|280000|50000|15000	671600	2	2030	1	671103|670603|670103|660103
15	2	4	660000|280000|50000|10000	655000|280000|50000|15000	655000|280000|50000|15000	671600	3	3040	1	671104|670604|670104|660104
16	2	5	660000|280000|50000|10000	655000|280000|50000|15000	655000|280000|50000|15000	671600	3	3300	1	671105|670605|670105|660105
17	2	6	660000|280000|50000|10000	655000|280000|50000|15000	655000|280000|50000|15000	671600	3	3550	1	671106|670606|670106|660106
18	2	7	660000|280000|50000|10000	655000|280000|50000|15000	655000|280000|50000|15000	671600	4	4730	1	671107|670607|670107|660107
19	2	8	660000|280000|50000|10000	655000|280000|50000|15000	655000|280000|50000|15000	671600	4	5070	1	671108|670608|670108|660108
20	2	9	660000|280000|50000|10000	655000|280000|50000|15000	655000|280000|50000|15000	671600	4	5410	1	671109|670609|670109|660109
21	2	10	660000|280000|50000|10000	655000|280000|50000|15000	655000|280000|50000|15000	671600	5	6760	1	671110|670610|670110|660110
22	2	11	660000|280000|50000|10000	655000|280000|50000|15000	655000|280000|50000|15000	671600	5	7100	1	671111|670611|670111|660111
23	3	1	660000|280000|50000|10000	655000|280000|50000|15000	655000|280000|50000|15000	671600	2	1300	1	671201|670701|670201|660301
24	3	2	660000|280000|50000|10000	655000|280000|50000|15000	655000|280000|50000|15000	671600	2	1860	1	671202|670702|670202|660302
25	3	3	660000|280000|50000|10000	655000|280000|50000|15000	655000|280000|50000|15000	671600	2	2030	1	671203|670703|670203|660303
26	3	4	660000|280000|50000|10000	655000|280000|50000|15000	655000|280000|50000|15000	671600	3	3040	1	671204|670704|670204|660304
27	3	5	660000|280000|50000|10000	655000|280000|50000|15000	655000|280000|50000|15000	671600	3	3300	1	671205|670705|670205|660305
28	3	6	660000|280000|50000|10000	655000|280000|50000|15000	655000|280000|50000|15000	671600	3	3550	1	671206|670706|670206|660306
29	3	7	660000|280000|50000|10000	655000|280000|50000|15000	655000|280000|50000|15000	671600	4	4730	1	671207|670707|670207|660307
30	3	8	660000|280000|50000|10000	655000|280000|50000|15000	655000|280000|50000|15000	671600	4	5070	1	671208|670708|670208|660308
31	3	9	660000|280000|50000|10000	655000|280000|50000|15000	655000|280000|50000|15000	671600	4	5410	1	671209|670709|670209|660309
32	3	10	660000|280000|50000|10000	655000|280000|50000|15000	655000|280000|50000|15000	671600	5	6760	1	671210|670710|670210|660310
33	3	11	660000|280000|50000|10000	655000|280000|50000|15000	655000|280000|50000|15000	671600	5	7100	1	671211|670711|670211|660311
34	4	1	660000|280000|50000|10000	655000|280000|50000|15000	655000|280000|50000|15000	671600	2	1300	1	671501|671001|670501|661301
35	4	2	660000|280000|50000|10000	655000|280000|50000|15000	655000|280000|50000|15000	671600	2	1860	1	671502|671002|670502|661302
36	4	3	660000|280000|50000|10000	655000|280000|50000|15000	655000|280000|50000|15000	671600	2	2030	1	671503|671003|670503|661303
37	4	4	660000|280000|50000|10000	655000|280000|50000|15000	655000|280000|50000|15000	671600	3	3040	1	671504|671004|670504|661304
38	4	5	660000|280000|50000|10000	655000|280000|50000|15000	655000|280000|50000|15000	671600	3	3300	1	671505|671005|670505|661305
39	4	6	660000|280000|50000|10000	655000|280000|50000|15000	655000|280000|50000|15000	671600	3	3550	1	671506|671006|670506|661306
40	4	7	660000|280000|50000|10000	655000|280000|50000|15000	655000|280000|50000|15000	671600	4	4730	1	671507|671007|670507|661307
41	4	8	660000|280000|50000|10000	655000|280000|50000|15000	655000|280000|50000|15000	671600	4	5070	1	671508|671008|670508|661308
42	4	9	660000|280000|50000|10000	655000|280000|50000|15000	655000|280000|50000|15000	671600	4	5410	1	671509|671009|670509|661309
43	4	10	660000|280000|50000|10000	655000|280000|50000|15000	655000|280000|50000|15000	671600	5	6760	1	671510|671010|670510|661310
44	4	11	660000|280000|50000|10000	655000|280000|50000|15000	655000|280000|50000|15000	671600	5	7100	1	671511|671011|670511|661311
45	5	1	660000|280000|50000|10000	655000|280000|50000|15000	655000|280000|50000|15000	671600	2	1300	1	671301|670801|670301|660601
46	5	2	660000|280000|50000|10000	655000|280000|50000|15000	655000|280000|50000|15000	671600	2	1860	1	671302|670802|670302|660602
47	5	3	660000|280000|50000|10000	655000|280000|50000|15000	655000|280000|50000|15000	671600	2	2030	1	671303|670803|670303|660603
48	5	4	660000|280000|50000|10000	655000|280000|50000|15000	655000|280000|50000|15000	671600	3	3040	1	671304|670804|670304|660604
49	5	5	660000|280000|50000|10000	655000|280000|50000|15000	655000|280000|50000|15000	671600	3	3300	1	671305|670805|670305|660605
50	5	6	660000|280000|50000|10000	655000|280000|50000|15000	655000|280000|50000|15000	671600	3	3550	1	671306|670806|670306|660606
51	5	7	660000|280000|50000|10000	655000|280000|50000|15000	655000|280000|50000|15000	671600	4	4730	1	671307|670807|670307|660607
52	5	8	660000|280000|50000|10000	655000|280000|50000|15000	655000|280000|50000|15000	671600	4	5070	1	671308|670808|670308|660608
53	5	9	660000|280000|50000|10000	655000|280000|50000|15000	655000|280000|50000|15000	671600	4	5410	1	671309|670809|670309|660609
54	5	10	660000|280000|50000|10000	655000|280000|50000|15000	655000|280000|50000|15000	671600	5	6760	1	671310|670810|670310|660610
55	5	11	660000|280000|50000|10000	655000|280000|50000|15000	655000|280000|50000|15000	671600	5	7100	1	671311|670811|670311|660611
56	6	1	660000|280000|50000|10000	655000|280000|50000|15000	655000|280000|50000|15000	671600	2	1300	1	671101|670601|670101|660201
57	6	2	660000|280000|50000|10000	655000|280000|50000|15000	655000|280000|50000|15000	671600	2	1860	1	671102|670602|670102|660202
58	6	3	660000|280000|50000|10000	655000|280000|50000|15000	655000|280000|50000|15000	671600	2	2030	1	671103|670603|670103|660203
59	6	4	660000|280000|50000|10000	655000|280000|50000|15000	655000|280000|50000|15000	671600	3	3040	1	671104|670604|670104|660204
60	6	5	660000|280000|50000|10000	655000|280000|50000|15000	655000|280000|50000|15000	671600	3	3300	1	671105|670605|670105|660205
61	6	6	660000|280000|50000|10000	655000|280000|50000|15000	655000|280000|50000|15000	671600	3	3550	1	671106|670606|670106|660206
62	6	7	660000|280000|50000|10000	655000|280000|50000|15000	655000|280000|50000|15000	671600	4	4730	1	671107|670607|670107|660207
63	6	8	660000|280000|50000|10000	655000|280000|50000|15000	655000|280000|50000|15000	671600	4	5070	1	671108|670608|670108|660208
64	6	9	660000|280000|50000|10000	655000|280000|50000|15000	655000|280000|50000|15000	671600	4	5410	1	671109|670609|670109|660209
65	6	10	660000|280000|50000|10000	655000|280000|50000|15000	655000|280000|50000|15000	671600	5	6760	1	671110|670610|670110|660210
66	6	11	660000|280000|50000|10000	655000|280000|50000|15000	655000|280000|50000|15000	671600	5	7100	1	671111|670611|670111|660211
67	7	1	660000|280000|50000|10000	655000|280000|50000|15000	655000|280000|50000|15000	671600	2	1300	1	671401|670901|670401|661001
68	7	2	660000|280000|50000|10000	655000|280000|50000|15000	655000|280000|50000|15000	671600	2	1860	1	671402|670902|670402|661002
69	7	3	660000|280000|50000|10000	655000|280000|50000|15000	655000|280000|50000|15000	671600	2	2030	1	671403|670903|670403|661003
70	7	4	660000|280000|50000|10000	655000|280000|50000|15000	655000|280000|50000|15000	671600	3	3040	1	671404|670904|670404|661004
71	7	5	660000|280000|50000|10000	655000|280000|50000|15000	655000|280000|50000|15000	671600	3	3300	1	671405|670905|670405|661005
72	7	6	660000|280000|50000|10000	655000|280000|50000|15000	655000|280000|50000|15000	671600	3	3550	1	671406|670906|670406|661006
73	7	7	660000|280000|50000|10000	655000|280000|50000|15000	655000|280000|50000|15000	671600	4	4730	1	671407|670907|670407|661007
74	7	8	660000|280000|50000|10000	655000|280000|50000|15000	655000|280000|50000|15000	671600	4	5070	1	671408|670908|670408|661008
75	7	9	660000|280000|50000|10000	655000|280000|50000|15000	655000|280000|50000|15000	671600	4	5410	1	671409|670909|670409|661009
76	7	10	660000|280000|50000|10000	655000|280000|50000|15000	655000|280000|50000|15000	671600	5	6760	1	671410|670910|670410|661010
77	7	11	660000|280000|50000|10000	655000|280000|50000|15000	655000|280000|50000|15000	671600	5	7100	1	671411|670911|670411|661011
78	8	1	660000|280000|50000|10000	655000|280000|50000|15000	655000|280000|50000|15000	671600	2	1300	1	671201|670701|670201|660401
79	8	2	660000|280000|50000|10000	655000|280000|50000|15000	655000|280000|50000|15000	671600	2	1860	1	671202|670702|670202|660402
80	8	3	660000|280000|50000|10000	655000|280000|50000|15000	655000|280000|50000|15000	671600	2	2030	1	671203|670703|670203|660403
81	8	4	660000|280000|50000|10000	655000|280000|50000|15000	655000|280000|50000|15000	671600	3	3040	1	671204|670704|670204|660404
82	8	5	660000|280000|50000|10000	655000|280000|50000|15000	655000|280000|50000|15000	671600	3	3300	1	671205|670705|670205|660405
83	8	6	660000|280000|50000|10000	655000|280000|50000|15000	655000|280000|50000|15000	671600	3	3550	1	671206|670706|670206|660406
84	8	7	660000|280000|50000|10000	655000|280000|50000|15000	655000|280000|50000|15000	671600	4	4730	1	671207|670707|670207|660407
85	8	8	660000|280000|50000|10000	655000|280000|50000|15000	655000|280000|50000|15000	671600	4	5070	1	671208|670708|670208|660408
86	8	9	660000|280000|50000|10000	655000|280000|50000|15000	655000|280000|50000|15000	671600	4	5410	1	671209|670709|670209|660409
87	8	10	660000|280000|50000|10000	655000|280000|50000|15000	655000|280000|50000|15000	671600	5	6760	1	671210|670710|670210|660410
88	8	11	660000|280000|50000|10000	655000|280000|50000|15000	655000|280000|50000|15000	671600	5	7100	1	671211|670711|670211|660411
89	9	1	660000|280000|50000|10000	655000|280000|50000|15000	655000|280000|50000|15000	671600	2	1300	1	671301|670801|670301|660701
90	9	2	660000|280000|50000|10000	655000|280000|50000|15000	655000|280000|50000|15000	671600	2	1860	1	671302|670802|670302|660702
91	9	3	660000|280000|50000|10000	655000|280000|50000|15000	655000|280000|50000|15000	671600	2	2030	1	671303|670803|670303|660703
92	9	4	660000|280000|50000|10000	655000|280000|50000|15000	655000|280000|50000|15000	671600	3	3040	1	671304|670804|670304|660704
93	9	5	660000|280000|50000|10000	655000|280000|50000|15000	655000|280000|50000|15000	671600	3	3300	1	671305|670805|670305|660705
94	9	6	660000|280000|50000|10000	655000|280000|50000|15000	655000|280000|50000|15000	671600	3	3550	1	671306|670806|670306|660706
95	9	7	660000|280000|50000|10000	655000|280000|50000|15000	655000|280000|50000|15000	671600	4	4730	1	671307|670807|670307|660707
96	9	8	660000|280000|50000|10000	655000|280000|50000|15000	655000|280000|50000|15000	671600	4	5070	1	671308|670808|670308|660708
97	9	9	660000|280000|50000|10000	655000|280000|50000|15000	655000|280000|50000|15000	671600	4	5410	1	671309|670809|670309|660709
98	9	10	660000|280000|50000|10000	655000|280000|50000|15000	655000|280000|50000|15000	671600	5	6760	1	671310|670810|670310|660710
99	9	11	660000|280000|50000|10000	655000|280000|50000|15000	655000|280000|50000|15000	671600	5	7100	1	671311|670811|670311|660711
100	10	1	660000|280000|50000|10000	655000|280000|50000|15000	655000|280000|50000|15000	671600	2	1300	1	671401|670901|670401|661101
101	10	2	660000|280000|50000|10000	655000|280000|50000|15000	655000|280000|50000|15000	671600	2	1860	1	671402|670902|670402|661102
102	10	3	660000|280000|50000|10000	655000|280000|50000|15000	655000|280000|50000|15000	671600	2	2030	1	671403|670903|670403|661103
103	10	4	660000|280000|50000|10000	655000|280000|50000|15000	655000|280000|50000|15000	671600	3	3040	1	671404|670904|670404|661104
104	10	5	660000|280000|50000|10000	655000|280000|50000|15000	655000|280000|50000|15000	671600	3	3300	1	671405|670905|670405|661105
105	10	6	660000|280000|50000|10000	655000|280000|50000|15000	655000|280000|50000|15000	671600	3	3550	1	671406|670906|670406|661106
106	10	7	660000|280000|50000|10000	655000|280000|50000|15000	655000|280000|50000|15000	671600	4	4730	1	671407|670907|670407|661107
107	10	8	660000|280000|50000|10000	655000|280000|50000|15000	655000|280000|50000|15000	671600	4	5070	1	671408|670908|670408|661108
108	10	9	660000|280000|50000|10000	655000|280000|50000|15000	655000|280000|50000|15000	671600	4	5410	1	671409|670909|670409|661109
109	10	10	660000|280000|50000|10000	655000|280000|50000|15000	655000|280000|50000|15000	671600	5	6760	1	671410|670910|670410|661110
110	10	11	660000|280000|50000|10000	655000|280000|50000|15000	655000|280000|50000|15000	671600	5	7100	1	671411|670911|670411|661111
111	11	1	660000|280000|50000|10000	655000|280000|50000|15000	655000|280000|50000|15000	671600	2	1300	1	671201|670701|670201|660501
112	11	2	660000|280000|50000|10000	655000|280000|50000|15000	655000|280000|50000|15000	671600	2	1860	1	671202|670702|670202|660502
113	11	3	660000|280000|50000|10000	655000|280000|50000|15000	655000|280000|50000|15000	671600	2	2030	1	671203|670703|670203|660503
114	11	4	660000|280000|50000|10000	655000|280000|50000|15000	655000|280000|50000|15000	671600	3	3040	1	671204|670704|670204|660504
115	11	5	660000|280000|50000|10000	655000|280000|50000|15000	655000|280000|50000|15000	671600	3	3300	1	671205|670705|670205|660505
116	11	6	660000|280000|50000|10000	655000|280000|50000|15000	655000|280000|50000|15000	671600	3	3550	1	671206|670706|670206|660506
117	11	7	660000|280000|50000|10000	655000|280000|50000|15000	655000|280000|50000|15000	671600	4	4730	1	671207|670707|670207|660507
118	11	8	660000|280000|50000|10000	655000|280000|50000|15000	655000|280000|50000|15000	671600	4	5070	1	671208|670708|670208|660508
119	11	9	660000|280000|50000|10000	655000|280000|50000|15000	655000|280000|50000|15000	671600	4	5410	1	671209|670709|670209|660509
120	11	10	660000|280000|50000|10000	655000|280000|50000|15000	655000|280000|50000|15000	671600	5	6760	1	671210|670710|670210|660510
121	11	11	660000|280000|50000|10000	655000|280000|50000|15000	655000|280000|50000|15000	671600	5	7100	1	671211|670711|670211|660511
122	12	1	660000|280000|50000|10000	655000|280000|50000|15000	655000|280000|50000|15000	671600	2	1300	1	671301|670801|670301|660801
123	12	2	660000|280000|50000|10000	655000|280000|50000|15000	655000|280000|50000|15000	671600	2	1860	1	671302|670802|670302|660802
124	12	3	660000|280000|50000|10000	655000|280000|50000|15000	655000|280000|50000|15000	671600	2	2030	1	671303|670803|670303|660803
125	12	4	660000|280000|50000|10000	655000|280000|50000|15000	655000|280000|50000|15000	671600	3	3040	1	671304|670804|670304|660804
126	12	5	660000|280000|50000|10000	655000|280000|50000|15000	655000|280000|50000|15000	671600	3	3300	1	671305|670805|670305|660805
127	12	6	660000|280000|50000|10000	655000|280000|50000|15000	655000|280000|50000|15000	671600	3	3550	1	671306|670806|670306|660806
128	12	7	660000|280000|50000|10000	655000|280000|50000|15000	655000|280000|50000|15000	671600	4	4730	1	671307|670807|670307|660807
129	12	8	660000|280000|50000|10000	655000|280000|50000|15000	655000|280000|50000|15000	671600	4	5070	1	671308|670808|670308|660808
130	12	9	660000|280000|50000|10000	655000|280000|50000|15000	655000|280000|50000|15000	671600	4	5410	1	671309|670809|670309|660809
131	12	10	660000|280000|50000|10000	655000|280000|50000|15000	655000|280000|50000|15000	671600	5	6760	1	671310|670810|670310|660810
132	12	11	660000|280000|50000|10000	655000|280000|50000|15000	655000|280000|50000|15000	671600	5	7100	1	671311|670811|670311|660811
133	13	1	660000|280000|50000|10000	655000|280000|50000|15000	655000|280000|50000|15000	671600	2	1300	1	671401|670901|670401|661201
134	13	2	660000|280000|50000|10000	655000|280000|50000|15000	655000|280000|50000|15000	671600	2	1860	1	671402|670902|670402|661202
135	13	3	660000|280000|50000|10000	655000|280000|50000|15000	655000|280000|50000|15000	671600	2	2030	1	671403|670903|670403|661203
136	13	4	660000|280000|50000|10000	655000|280000|50000|15000	655000|280000|50000|15000	671600	3	3040	1	671404|670904|670404|661204
137	13	5	660000|280000|50000|10000	655000|280000|50000|15000	655000|280000|50000|15000	671600	3	3300	1	671405|670905|670405|661205
138	13	6	660000|280000|50000|10000	655000|280000|50000|15000	655000|280000|50000|15000	671600	3	3550	1	671406|670906|670406|661206
139	13	7	660000|280000|50000|10000	655000|280000|50000|15000	655000|280000|50000|15000	671600	4	4730	1	671407|670907|670407|661207
140	13	8	660000|280000|50000|10000	655000|280000|50000|15000	655000|280000|50000|15000	671600	4	5070	1	671408|670908|670408|661208
141	13	9	660000|280000|50000|10000	655000|280000|50000|15000	655000|280000|50000|15000	671600	4	5410	1	671409|670909|670409|661209
142	13	10	660000|280000|50000|10000	655000|280000|50000|15000	655000|280000|50000|15000	671600	5	6760	1	671410|670910|670410|661210
143	13	11	660000|280000|50000|10000	655000|280000|50000|15000	655000|280000|50000|15000	671600	5	7100	1	671411|670911|670411|661211
144	14	1	720000|280000	580000|420000	580000|420000	671601	4	1000	0	671201|670701
145	14	2	720000|280000	580000|420000	580000|420000	671601	4	1430	0	671202|670702
146	14	3	720000|280000	580000|420000	580000|420000	671601	4	1560	0	671203|670703
147	14	4	720000|280000	580000|420000	580000|420000	671601	6	2340	0	671204|670704
148	14	5	720000|280000	580000|420000	580000|420000	671601	6	2540	0	671205|670705
149	14	6	720000|280000	580000|420000	580000|420000	671601	6	2730	0	671206|670706
150	14	7	720000|280000	580000|420000	580000|420000	671601	8	3640	0	671207|670707
151	14	8	720000|280000	580000|420000	580000|420000	671601	8	3900	0	671208|670708
152	14	9	720000|280000	580000|420000	580000|420000	671601	8	4160	0	671209|670709
153	14	10	720000|280000	580000|420000	580000|420000	671601	10	5200	0	671210|670710
154	14	11	720000|280000	580000|420000	580000|420000	671601	10	5460	0	671211|670711
155	15	1	720000|280000	580000|420000	580000|420000	671601	4	1000	0	671301|670801
156	15	2	720000|280000	580000|420000	580000|420000	671601	4	1430	0	671302|670802
157	15	3	720000|280000	580000|420000	580000|420000	671601	4	1560	0	671303|670803
158	15	4	720000|280000	580000|420000	580000|420000	671601	6	2340	0	671304|670804
159	15	5	720000|280000	580000|420000	580000|420000	671601	6	2540	0	671305|670805
160	15	6	720000|280000	580000|420000	580000|420000	671601	6	2730	0	671306|670806
161	15	7	720000|280000	580000|420000	580000|420000	671601	8	3640	0	671307|670807
162	15	8	720000|280000	580000|420000	580000|420000	671601	8	3900	0	671308|670808
163	15	9	720000|280000	580000|420000	580000|420000	671601	8	4160	0	671309|670809
164	15	10	720000|280000	580000|420000	580000|420000	671601	10	5200	0	671310|670810
165	15	11	720000|280000	580000|420000	580000|420000	671601	10	5460	0	671311|670811
166	16	1	720000|280000	580000|420000	580000|420000	671601	4	1000	0	671501|671001
167	16	2	720000|280000	580000|420000	580000|420000	671601	4	1430	0	671502|671002
168	16	3	720000|280000	580000|420000	580000|420000	671601	4	1560	0	671503|671003
169	16	4	720000|280000	580000|420000	580000|420000	671601	6	2340	0	671504|671004
170	16	5	720000|280000	580000|420000	580000|420000	671601	6	2540	0	671505|671005
171	16	6	720000|280000	580000|420000	580000|420000	671601	6	2730	0	671506|671006
172	16	7	720000|280000	580000|420000	580000|420000	671601	8	3640	0	671507|671007
173	16	8	720000|280000	580000|420000	580000|420000	671601	8	3900	0	671508|671008
174	16	9	720000|280000	580000|420000	580000|420000	671601	8	4160	0	671509|671009
175	16	10	720000|280000	580000|420000	580000|420000	671601	10	5200	0	671510|671010
176	16	11	720000|280000	580000|420000	580000|420000	671601	10	5460	0	671511|671011
177	17	1	720000|280000	580000|420000	580000|420000	671601	4	1000	0	671101|670601
178	17	2	720000|280000	580000|420000	580000|420000	671601	4	1430	0	671102|670602
179	17	3	720000|280000	580000|420000	580000|420000	671601	4	1560	0	671103|670603
180	17	4	720000|280000	580000|420000	580000|420000	671601	6	2340	0	671104|670604
181	17	5	720000|280000	580000|420000	580000|420000	671601	6	2540	0	671105|670605
182	17	6	720000|280000	580000|420000	580000|420000	671601	6	2730	0	671106|670606
183	17	7	720000|280000	580000|420000	580000|420000	671601	8	3640	0	671107|670607
184	17	8	720000|280000	580000|420000	580000|420000	671601	8	3900	0	671108|670608
185	17	9	720000|280000	580000|420000	580000|420000	671601	8	4160	0	671109|670609
186	17	10	720000|280000	580000|420000	580000|420000	671601	10	5200	0	671110|670610
187	17	11	720000|280000	580000|420000	580000|420000	671601	10	5460	0	671111|670611
188	18	1	720000|280000	580000|420000	580000|420000	671601	4	1000	0	671201|670701
189	18	2	720000|280000	580000|420000	580000|420000	671601	4	1430	0	671202|670702
190	18	3	720000|280000	580000|420000	580000|420000	671601	4	1560	0	671203|670703
191	18	4	720000|280000	580000|420000	580000|420000	671601	6	2340	0	671204|670704
192	18	5	720000|280000	580000|420000	580000|420000	671601	6	2540	0	671205|670705
193	18	6	720000|280000	580000|420000	580000|420000	671601	6	2730	0	671206|670706
194	18	7	720000|280000	580000|420000	580000|420000	671601	8	3640	0	671207|670707
195	18	8	720000|280000	580000|420000	580000|420000	671601	8	3900	0	671208|670708
196	18	9	720000|280000	580000|420000	580000|420000	671601	8	4160	0	671209|670709
197	18	10	720000|280000	580000|420000	580000|420000	671601	10	5200	0	671210|670710
198	18	11	720000|280000	580000|420000	580000|420000	671601	10	5460	0	671211|670711
199	19	1	720000|280000	580000|420000	580000|420000	671601	4	1000	0	671101|670601
200	19	2	720000|280000	580000|420000	580000|420000	671601	4	1430	0	671102|670602
201	19	3	720000|280000	580000|420000	580000|420000	671601	4	1560	0	671103|670603
202	19	4	720000|280000	580000|420000	580000|420000	671601	6	2340	0	671104|670604
203	19	5	720000|280000	580000|420000	580000|420000	671601	6	2540	0	671105|670605
204	19	6	720000|280000	580000|420000	580000|420000	671601	6	2730	0	671106|670606
205	19	7	720000|280000	580000|420000	580000|420000	671601	8	3640	0	671107|670607
206	19	8	720000|280000	580000|420000	580000|420000	671601	8	3900	0	671108|670608
207	19	9	720000|280000	580000|420000	580000|420000	671601	8	4160	0	671109|670609
208	19	10	720000|280000	580000|420000	580000|420000	671601	10	5200	0	671110|670610
209	19	11	720000|280000	580000|420000	580000|420000	671601	10	5460	0	671111|670611
210	20	1	720000|280000	580000|420000	580000|420000	671601	4	1000	0	671401|670901
211	20	2	720000|280000	580000|420000	580000|420000	671601	4	1430	0	671402|670902
212	20	3	720000|280000	580000|420000	580000|420000	671601	4	1560	0	671403|670903
213	20	4	720000|280000	580000|420000	580000|420000	671601	6	2340	0	671404|670904
214	20	5	720000|280000	580000|420000	580000|420000	671601	6	2540	0	671405|670905
215	20	6	720000|280000	580000|420000	580000|420000	671601	6	2730	0	671406|670906
216	20	7	720000|280000	580000|420000	580000|420000	671601	8	3640	0	671407|670907
217	20	8	720000|280000	580000|420000	580000|420000	671601	8	3900	0	671408|670908
218	20	9	720000|280000	580000|420000	580000|420000	671601	8	4160	0	671409|670909
219	20	10	720000|280000	580000|420000	580000|420000	671601	10	5200	0	671410|670910
220	20	11	720000|280000	580000|420000	580000|420000	671601	10	5460	0	671411|670911
221	21	1	720000|280000	580000|420000	580000|420000	671601	4	1000	0	671201|670701
222	21	2	720000|280000	580000|420000	580000|420000	671601	4	1430	0	671202|670702
223	21	3	720000|280000	580000|420000	580000|420000	671601	4	1560	0	671203|670703
224	21	4	720000|280000	580000|420000	580000|420000	671601	6	2340	0	671204|670704
225	21	5	720000|280000	580000|420000	580000|420000	671601	6	2540	0	671205|670705
226	21	6	720000|280000	580000|420000	580000|420000	671601	6	2730	0	671206|670706
227	21	7	720000|280000	580000|420000	580000|420000	671601	8	3640	0	671207|670707
228	21	8	720000|280000	580000|420000	580000|420000	671601	8	3900	0	671208|670708
229	21	9	720000|280000	580000|420000	580000|420000	671601	8	4160	0	671209|670709
230	21	10	720000|280000	580000|420000	580000|420000	671601	10	5200	0	671210|670710
231	21	11	720000|280000	580000|420000	580000|420000	671601	10	5460	0	671211|670711
232	22	1	720000|280000	580000|420000	580000|420000	671601	4	1000	0	671501|671001
233	22	2	720000|280000	580000|420000	580000|420000	671601	4	1430	0	671502|671002
234	22	3	720000|280000	580000|420000	580000|420000	671601	4	1560	0	671503|671003
235	22	4	720000|280000	580000|420000	580000|420000	671601	6	2340	0	671504|671004
236	22	5	720000|280000	580000|420000	580000|420000	671601	6	2540	0	671505|671005
237	22	6	720000|280000	580000|420000	580000|420000	671601	6	2730	0	671506|671006
238	22	7	720000|280000	580000|420000	580000|420000	671601	8	3640	0	671507|671007
239	22	8	720000|280000	580000|420000	580000|420000	671601	8	3900	0	671508|671008
240	22	9	720000|280000	580000|420000	580000|420000	671601	8	4160	0	671509|671009
241	22	10	720000|280000	580000|420000	580000|420000	671601	10	5200	0	671510|671010
242	22	11	720000|280000	580000|420000	580000|420000	671601	10	5460	0	671511|671011
243	23	1	720000|280000	580000|420000	580000|420000	671601	4	1000	0	671301|670801
244	23	2	720000|280000	580000|420000	580000|420000	671601	4	1430	0	671302|670802
245	23	3	720000|280000	580000|420000	580000|420000	671601	4	1560	0	671303|670803
246	23	4	720000|280000	580000|420000	580000|420000	671601	6	2340	0	671304|670804
247	23	5	720000|280000	580000|420000	580000|420000	671601	6	2540	0	671305|670805
248	23	6	720000|280000	580000|420000	580000|420000	671601	6	2730	0	671306|670806
249	23	7	720000|280000	580000|420000	580000|420000	671601	8	3640	0	671307|670807
250	23	8	720000|280000	580000|420000	580000|420000	671601	8	3900	0	671308|670808
251	23	9	720000|280000	580000|420000	580000|420000	671601	8	4160	0	671309|670809
252	23	10	720000|280000	580000|420000	580000|420000	671601	10	5200	0	671310|670810
253	23	11	720000|280000	580000|420000	580000|420000	671601	10	5460	0	671311|670811
254	24	1	720000|280000	580000|420000	580000|420000	671601	4	1000	0	671401|670901
255	24	2	720000|280000	580000|420000	580000|420000	671601	4	1430	0	671402|670902
256	24	3	720000|280000	580000|420000	580000|420000	671601	4	1560	0	671403|670903
257	24	4	720000|280000	580000|420000	580000|420000	671601	6	2340	0	671404|670904
258	24	5	720000|280000	580000|420000	580000|420000	671601	6	2540	0	671405|670905
259	24	6	720000|280000	580000|420000	580000|420000	671601	6	2730	0	671406|670906
260	24	7	720000|280000	580000|420000	580000|420000	671601	8	3640	0	671407|670907
261	24	8	720000|280000	580000|420000	580000|420000	671601	8	3900	0	671408|670908
262	24	9	720000|280000	580000|420000	580000|420000	671601	8	4160	0	671409|670909
263	24	10	720000|280000	580000|420000	580000|420000	671601	10	5200	0	671410|670910
264	24	11	720000|280000	580000|420000	580000|420000	671601	10	5460	0	671411|670911
265	25	1	720000|280000	580000|420000	580000|420000	671601	4	1000	0	671101|670601
266	25	2	720000|280000	580000|420000	580000|420000	671601	4	1430	0	671102|670602
267	25	3	720000|280000	580000|420000	580000|420000	671601	4	1560	0	671103|670603
268	25	4	720000|280000	580000|420000	580000|420000	671601	6	2340	0	671104|670604
269	25	5	720000|280000	580000|420000	580000|420000	671601	6	2540	0	671105|670605
270	25	6	720000|280000	580000|420000	580000|420000	671601	6	2730	0	671106|670606
271	25	7	720000|280000	580000|420000	580000|420000	671601	8	3640	0	671107|670607
272	25	8	720000|280000	580000|420000	580000|420000	671601	8	3900	0	671108|670608
273	25	9	720000|280000	580000|420000	580000|420000	671601	8	4160	0	671109|670609
274	25	10	720000|280000	580000|420000	580000|420000	671601	10	5200	0	671110|670610
275	25	11	720000|280000	580000|420000	580000|420000	671601	10	5460	0	671111|670611
276	26	1	720000|280000	580000|420000	580000|420000	671601	4	1000	0	671201|670701
277	26	2	720000|280000	580000|420000	580000|420000	671601	4	1430	0	671202|670702
278	26	3	720000|280000	580000|420000	580000|420000	671601	4	1560	0	671203|670703
279	26	4	720000|280000	580000|420000	580000|420000	671601	6	2340	0	671204|670704
280	26	5	720000|280000	580000|420000	580000|420000	671601	6	2540	0	671205|670705
281	26	6	720000|280000	580000|420000	580000|420000	671601	6	2730	0	671206|670706
282	26	7	720000|280000	580000|420000	580000|420000	671601	8	3640	0	671207|670707
283	26	8	720000|280000	580000|420000	580000|420000	671601	8	3900	0	671208|670708
284	26	9	720000|280000	580000|420000	580000|420000	671601	8	4160	0	671209|670709
285	26	10	720000|280000	580000|420000	580000|420000	671601	10	5200	0	671210|670710
286	26	11	720000|280000	580000|420000	580000|420000	671601	10	5460	0	671211|670711
287	27	1	720000|280000	580000|420000	580000|420000	671601	4	1000	0	671301|670801
288	27	2	720000|280000	580000|420000	580000|420000	671601	4	1430	0	671302|670802
289	27	3	720000|280000	580000|420000	580000|420000	671601	4	1560	0	671303|670803
290	27	4	720000|280000	580000|420000	580000|420000	671601	6	2340	0	671304|670804
291	27	5	720000|280000	580000|420000	580000|420000	671601	6	2540	0	671305|670805
292	27	6	720000|280000	580000|420000	580000|420000	671601	6	2730	0	671306|670806
293	27	7	720000|280000	580000|420000	580000|420000	671601	8	3640	0	671307|670807
294	27	8	720000|280000	580000|420000	580000|420000	671601	8	3900	0	671308|670808
295	27	9	720000|280000	580000|420000	580000|420000	671601	8	4160	0	671309|670809
296	27	10	720000|280000	580000|420000	580000|420000	671601	10	5200	0	671310|670810
297	27	11	720000|280000	580000|420000	580000|420000	671601	10	5460	0	671311|670811
298	28	1	720000|280000	580000|420000	580000|420000	671601	4	1000	0	671401|670901
299	28	2	720000|280000	580000|420000	580000|420000	671601	4	1430	0	671402|670902
300	28	3	720000|280000	580000|420000	580000|420000	671601	4	1560	0	671403|670903
301	28	4	720000|280000	580000|420000	580000|420000	671601	6	2340	0	671404|670904
302	28	5	720000|280000	580000|420000	580000|420000	671601	6	2540	0	671405|670905
303	28	6	720000|280000	580000|420000	580000|420000	671601	6	2730	0	671406|670906
304	28	7	720000|280000	580000|420000	580000|420000	671601	8	3640	0	671407|670907
305	28	8	720000|280000	580000|420000	580000|420000	671601	8	3900	0	671408|670908
306	28	9	720000|280000	580000|420000	580000|420000	671601	8	4160	0	671409|670909
307	28	10	720000|280000	580000|420000	580000|420000	671601	10	5200	0	671410|670910
308	28	11	720000|280000	580000|420000	580000|420000	671601	10	5460	0	671411|670911
309	29	1	720000|280000	580000|420000	580000|420000	671601	4	1000	0	671501|671001
310	29	2	720000|280000	580000|420000	580000|420000	671601	4	1430	0	671502|671002
311	29	3	720000|280000	580000|420000	580000|420000	671601	4	1560	0	671503|671003
312	29	4	720000|280000	580000|420000	580000|420000	671601	6	2340	0	671504|671004
313	29	5	720000|280000	580000|420000	580000|420000	671601	6	2540	0	671505|671005
314	29	6	720000|280000	580000|420000	580000|420000	671601	6	2730	0	671506|671006
315	29	7	720000|280000	580000|420000	580000|420000	671601	8	3640	0	671507|671007
316	29	8	720000|280000	580000|420000	580000|420000	671601	8	3900	0	671508|671008
317	29	9	720000|280000	580000|420000	580000|420000	671601	8	4160	0	671509|671009
318	29	10	720000|280000	580000|420000	580000|420000	671601	10	5200	0	671510|671010
319	29	11	720000|280000	580000|420000	580000|420000	671601	10	5460	0	671511|671011
320	30	1	720000|280000	580000|420000	580000|420000	671601	4	1000	0	671101|670601
321	30	2	720000|280000	580000|420000	580000|420000	671601	4	1430	0	671102|670602
322	30	3	720000|280000	580000|420000	580000|420000	671601	4	1560	0	671103|670603
323	30	4	720000|280000	580000|420000	580000|420000	671601	6	2340	0	671104|670604
324	30	5	720000|280000	580000|420000	580000|420000	671601	6	2540	0	671105|670605
325	30	6	720000|280000	580000|420000	580000|420000	671601	6	2730	0	671106|670606
326	30	7	720000|280000	580000|420000	580000|420000	671601	8	3640	0	671107|670607
327	30	8	720000|280000	580000|420000	580000|420000	671601	8	3900	0	671108|670608
328	30	9	720000|280000	580000|420000	580000|420000	671601	8	4160	0	671109|670609
329	30	10	720000|280000	580000|420000	580000|420000	671601	10	5200	0	671110|670610
330	30	11	720000|280000	580000|420000	580000|420000	671601	10	5460	0	671111|670611
331	31	1	1000000	1000000	1000000	671601	3	700	0	671101
332	31	2	1000000	1000000	1000000	671601	3	1000	0	671102
333	31	3	1000000	1000000	1000000	671601	3	1090	0	671103
334	31	4	1000000	1000000	1000000	671601	4	1640	0	671104
335	31	5	1000000	1000000	1000000	671601	4	1780	0	671105
336	31	6	1000000	1000000	1000000	671601	4	1910	0	671106
337	31	7	1000000	1000000	1000000	671601	6	2550	0	671107
338	31	8	1000000	1000000	1000000	671601	6	2730	0	671108
339	31	9	1000000	1000000	1000000	671601	6	2910	0	671109
340	31	10	1000000	1000000	1000000	671601	7	3640	0	671110
341	31	11	1000000	1000000	1000000	671601	7	3820	0	671111
342	32	1	1000000	1000000	1000000	671601	3	700	0	671201
343	32	2	1000000	1000000	1000000	671601	3	1000	0	671202
344	32	3	1000000	1000000	1000000	671601	3	1090	0	671203
345	32	4	1000000	1000000	1000000	671601	4	1640	0	671204
346	32	5	1000000	1000000	1000000	671601	4	1780	0	671205
347	32	6	1000000	1000000	1000000	671601	4	1910	0	671206
348	32	7	1000000	1000000	1000000	671601	6	2550	0	671207
349	32	8	1000000	1000000	1000000	671601	6	2730	0	671208
350	32	9	1000000	1000000	1000000	671601	6	2910	0	671209
351	32	10	1000000	1000000	1000000	671601	7	3640	0	671210
352	32	11	1000000	1000000	1000000	671601	7	3820	0	671211
353	33	1	1000000	1000000	1000000	671601	3	700	0	671201
354	33	2	1000000	1000000	1000000	671601	3	1000	0	671202
355	33	3	1000000	1000000	1000000	671601	3	1090	0	671203
356	33	4	1000000	1000000	1000000	671601	4	1640	0	671204
357	33	5	1000000	1000000	1000000	671601	4	1780	0	671205
358	33	6	1000000	1000000	1000000	671601	4	1910	0	671206
359	33	7	1000000	1000000	1000000	671601	6	2550	0	671207
360	33	8	1000000	1000000	1000000	671601	6	2730	0	671208
361	33	9	1000000	1000000	1000000	671601	6	2910	0	671209
362	33	10	1000000	1000000	1000000	671601	7	3640	0	671210
363	33	11	1000000	1000000	1000000	671601	7	3820	0	671211
364	34	1	1000000	1000000	1000000	671601	3	700	0	671101
365	34	2	1000000	1000000	1000000	671601	3	1000	0	671102
366	34	3	1000000	1000000	1000000	671601	3	1090	0	671103
367	34	4	1000000	1000000	1000000	671601	4	1640	0	671104
368	34	5	1000000	1000000	1000000	671601	4	1780	0	671105
369	34	6	1000000	1000000	1000000	671601	4	1910	0	671106
370	34	7	1000000	1000000	1000000	671601	6	2550	0	671107
371	34	8	1000000	1000000	1000000	671601	6	2730	0	671108
372	34	9	1000000	1000000	1000000	671601	6	2910	0	671109
373	34	10	1000000	1000000	1000000	671601	7	3640	0	671110
374	34	11	1000000	1000000	1000000	671601	7	3820	0	671111
375	35	1	1000000	1000000	1000000	671601	3	700	0	671301
376	35	2	1000000	1000000	1000000	671601	3	1000	0	671302
377	35	3	1000000	1000000	1000000	671601	3	1090	0	671303
378	35	4	1000000	1000000	1000000	671601	4	1640	0	671304
379	35	5	1000000	1000000	1000000	671601	4	1780	0	671305
380	35	6	1000000	1000000	1000000	671601	4	1910	0	671306
381	35	7	1000000	1000000	1000000	671601	6	2550	0	671307
382	35	8	1000000	1000000	1000000	671601	6	2730	0	671308
383	35	9	1000000	1000000	1000000	671601	6	2910	0	671309
384	35	10	1000000	1000000	1000000	671601	7	3640	0	671310
385	35	11	1000000	1000000	1000000	671601	7	3820	0	671311
386	36	1	1000000	1000000	1000000	671601	3	700	0	671501
387	36	2	1000000	1000000	1000000	671601	3	1000	0	671502
388	36	3	1000000	1000000	1000000	671601	3	1090	0	671503
389	36	4	1000000	1000000	1000000	671601	4	1640	0	671504
390	36	5	1000000	1000000	1000000	671601	4	1780	0	671505
391	36	6	1000000	1000000	1000000	671601	4	1910	0	671506
392	36	7	1000000	1000000	1000000	671601	6	2550	0	671507
393	36	8	1000000	1000000	1000000	671601	6	2730	0	671508
394	36	9	1000000	1000000	1000000	671601	6	2910	0	671509
395	36	10	1000000	1000000	1000000	671601	7	3640	0	671510
396	36	11	1000000	1000000	1000000	671601	7	3820	0	671511
397	37	1	1000000	1000000	1000000	671601	3	700	0	671301
398	37	2	1000000	1000000	1000000	671601	3	1000	0	671302
399	37	3	1000000	1000000	1000000	671601	3	1090	0	671303
400	37	4	1000000	1000000	1000000	671601	4	1640	0	671304
401	37	5	1000000	1000000	1000000	671601	4	1780	0	671305
402	37	6	1000000	1000000	1000000	671601	4	1910	0	671306
403	37	7	1000000	1000000	1000000	671601	6	2550	0	671307
404	37	8	1000000	1000000	1000000	671601	6	2730	0	671308
405	37	9	1000000	1000000	1000000	671601	6	2910	0	671309
406	37	10	1000000	1000000	1000000	671601	7	3640	0	671310
407	37	11	1000000	1000000	1000000	671601	7	3820	0	671311
408	38	1	1000000	1000000	1000000	671601	3	700	0	671501
409	38	2	1000000	1000000	1000000	671601	3	1000	0	671502
410	38	3	1000000	1000000	1000000	671601	3	1090	0	671503
411	38	4	1000000	1000000	1000000	671601	4	1640	0	671504
412	38	5	1000000	1000000	1000000	671601	4	1780	0	671505
413	38	6	1000000	1000000	1000000	671601	4	1910	0	671506
414	38	7	1000000	1000000	1000000	671601	6	2550	0	671507
415	38	8	1000000	1000000	1000000	671601	6	2730	0	671508
416	38	9	1000000	1000000	1000000	671601	6	2910	0	671509
417	38	10	1000000	1000000	1000000	671601	7	3640	0	671510
418	38	11	1000000	1000000	1000000	671601	7	3820	0	671511
419	39	1	1000000	1000000	1000000	671601	3	700	0	671401
420	39	2	1000000	1000000	1000000	671601	3	1000	0	671402
421	39	3	1000000	1000000	1000000	671601	3	1090	0	671403
422	39	4	1000000	1000000	1000000	671601	4	1640	0	671404
423	39	5	1000000	1000000	1000000	671601	4	1780	0	671405
424	39	6	1000000	1000000	1000000	671601	4	1910	0	671406
425	39	7	1000000	1000000	1000000	671601	6	2550	0	671407
426	39	8	1000000	1000000	1000000	671601	6	2730	0	671408
427	39	9	1000000	1000000	1000000	671601	6	2910	0	671409
428	39	10	1000000	1000000	1000000	671601	7	3640	0	671410
429	39	11	1000000	1000000	1000000	671601	7	3820	0	671411
430	40	1	1000000	1000000	1000000	671601	3	700	0	671401
431	40	2	1000000	1000000	1000000	671601	3	1000	0	671402
432	40	3	1000000	1000000	1000000	671601	3	1090	0	671403
433	40	4	1000000	1000000	1000000	671601	4	1640	0	671404
434	40	5	1000000	1000000	1000000	671601	4	1780	0	671405
435	40	6	1000000	1000000	1000000	671601	4	1910	0	671406
436	40	7	1000000	1000000	1000000	671601	6	2550	0	671407
437	40	8	1000000	1000000	1000000	671601	6	2730	0	671408
438	40	9	1000000	1000000	1000000	671601	6	2910	0	671409
439	40	10	1000000	1000000	1000000	671601	7	3640	0	671410
440	40	11	1000000	1000000	1000000	671601	7	3820	0	671411
441	41	1	1000000	1000000	1000000	671601	3	700	0	671501
442	41	2	1000000	1000000	1000000	671601	3	1000	0	671502
443	41	3	1000000	1000000	1000000	671601	3	1090	0	671503
444	41	4	1000000	1000000	1000000	671601	4	1640	0	671504
445	41	5	1000000	1000000	1000000	671601	4	1780	0	671505
446	41	6	1000000	1000000	1000000	671601	4	1910	0	671506
447	41	7	1000000	1000000	1000000	671601	6	2550	0	671507
448	41	8	1000000	1000000	1000000	671601	6	2730	0	671508
449	41	9	1000000	1000000	1000000	671601	6	2910	0	671509
450	41	10	1000000	1000000	1000000	671601	7	3640	0	671510
451	41	11	1000000	1000000	1000000	671601	7	3820	0	671511
452	42	1	1000000	1000000	1000000	671601	3	700	0	671101
453	42	2	1000000	1000000	1000000	671601	3	1000	0	671102
454	42	3	1000000	1000000	1000000	671601	3	1090	0	671103
455	42	4	1000000	1000000	1000000	671601	4	1640	0	671104
456	42	5	1000000	1000000	1000000	671601	4	1780	0	671105
457	42	6	1000000	1000000	1000000	671601	4	1910	0	671106
458	42	7	1000000	1000000	1000000	671601	6	2550	0	671107
459	42	8	1000000	1000000	1000000	671601	6	2730	0	671108
460	42	9	1000000	1000000	1000000	671601	6	2910	0	671109
461	42	10	1000000	1000000	1000000	671601	7	3640	0	671110
462	42	11	1000000	1000000	1000000	671601	7	3820	0	671111
463	43	1	1000000	1000000	1000000	671601	3	700	0	671401
464	43	2	1000000	1000000	1000000	671601	3	1000	0	671402
465	43	3	1000000	1000000	1000000	671601	3	1090	0	671403
466	43	4	1000000	1000000	1000000	671601	4	1640	0	671404
467	43	5	1000000	1000000	1000000	671601	4	1780	0	671405
468	43	6	1000000	1000000	1000000	671601	4	1910	0	671406
469	43	7	1000000	1000000	1000000	671601	6	2550	0	671407
470	43	8	1000000	1000000	1000000	671601	6	2730	0	671408
471	43	9	1000000	1000000	1000000	671601	6	2910	0	671409
472	43	10	1000000	1000000	1000000	671601	7	3640	0	671410
473	43	11	1000000	1000000	1000000	671601	7	3820	0	671411
474	44	1	1000000	1000000	1000000	671601	3	700	0	671301
475	44	2	1000000	1000000	1000000	671601	3	1000	0	671302
476	44	3	1000000	1000000	1000000	671601	3	1090	0	671303
477	44	4	1000000	1000000	1000000	671601	4	1640	0	671304
478	44	5	1000000	1000000	1000000	671601	4	1780	0	671305
479	44	6	1000000	1000000	1000000	671601	4	1910	0	671306
480	44	7	1000000	1000000	1000000	671601	6	2550	0	671307
481	44	8	1000000	1000000	1000000	671601	6	2730	0	671308
482	44	9	1000000	1000000	1000000	671601	6	2910	0	671309
483	44	10	1000000	1000000	1000000	671601	7	3640	0	671310
484	44	11	1000000	1000000	1000000	671601	7	3820	0	671311
485	45	1	1000000	1000000	1000000	671601	3	700	0	671201
486	45	2	1000000	1000000	1000000	671601	3	1000	0	671202
487	45	3	1000000	1000000	1000000	671601	3	1090	0	671203
488	45	4	1000000	1000000	1000000	671601	4	1640	0	671204
489	45	5	1000000	1000000	1000000	671601	4	1780	0	671205
490	45	6	1000000	1000000	1000000	671601	4	1910	0	671206
491	45	7	1000000	1000000	1000000	671601	6	2550	0	671207
492	45	8	1000000	1000000	1000000	671601	6	2730	0	671208
493	45	9	1000000	1000000	1000000	671601	6	2910	0	671209
494	45	10	1000000	1000000	1000000	671601	7	3640	0	671210
495	45	11	1000000	1000000	1000000	671601	7	3820	0	671211
496	46	1	1000000	1000000	1000000	671601	3	700	0	671101
497	46	2	1000000	1000000	1000000	671601	3	1000	0	671102
498	46	3	1000000	1000000	1000000	671601	3	1090	0	671103
499	46	4	1000000	1000000	1000000	671601	4	1640	0	671104
500	46	5	1000000	1000000	1000000	671601	4	1780	0	671105
501	46	6	1000000	1000000	1000000	671601	4	1910	0	671106
502	46	7	1000000	1000000	1000000	671601	6	2550	0	671107
503	46	8	1000000	1000000	1000000	671601	6	2730	0	671108
504	46	9	1000000	1000000	1000000	671601	6	2910	0	671109
505	46	10	1000000	1000000	1000000	671601	7	3640	0	671110
506	46	11	1000000	1000000	1000000	671601	7	3820	0	671111
507	47	1	1000000	1000000	1000000	671601	3	700	0	671501
508	47	2	1000000	1000000	1000000	671601	3	1000	0	671502
509	47	3	1000000	1000000	1000000	671601	3	1090	0	671503
510	47	4	1000000	1000000	1000000	671601	4	1640	0	671504
511	47	5	1000000	1000000	1000000	671601	4	1780	0	671505
512	47	6	1000000	1000000	1000000	671601	4	1910	0	671506
513	47	7	1000000	1000000	1000000	671601	6	2550	0	671507
514	47	8	1000000	1000000	1000000	671601	6	2730	0	671508
515	47	9	1000000	1000000	1000000	671601	6	2910	0	671509
516	47	10	1000000	1000000	1000000	671601	7	3640	0	671510
517	47	11	1000000	1000000	1000000	671601	7	3820	0	671511
518	48	1	1000000	1000000	1000000	671601	3	700	0	671301
519	48	2	1000000	1000000	1000000	671601	3	1000	0	671302
520	48	3	1000000	1000000	1000000	671601	3	1090	0	671303
521	48	4	1000000	1000000	1000000	671601	4	1640	0	671304
522	48	5	1000000	1000000	1000000	671601	4	1780	0	671305
523	48	6	1000000	1000000	1000000	671601	4	1910	0	671306
524	48	7	1000000	1000000	1000000	671601	6	2550	0	671307
525	48	8	1000000	1000000	1000000	671601	6	2730	0	671308
526	48	9	1000000	1000000	1000000	671601	6	2910	0	671309
527	48	10	1000000	1000000	1000000	671601	7	3640	0	671310
528	48	11	1000000	1000000	1000000	671601	7	3820	0	671311
529	1	12	660000|280000|50000|10000	655000|280000|50000|15000	655000|280000|50000|15000	671600	5	7270	1	711401|710901|710401|700901
530	1	13	660000|280000|50000|10000	655000|280000|50000|15000	655000|280000|50000|15000	671600	6	8620	1	711402|710902|710402|700902
531	1	14	660000|280000|50000|10000	655000|280000|50000|15000	655000|280000|50000|15000	671600	6	8790	1	711403|710903|710403|700903
532	1	15	660000|280000|50000|10000	655000|280000|50000|15000	655000|280000|50000|15000	671600	6	8960	1	711404|710904|710404|700904
533	1	16	660000|280000|50000|10000	655000|280000|50000|15000	655000|280000|50000|15000	671600	6	9130	1	711405|710905|710405|700905
534	1	17	660000|280000|50000|10000	655000|280000|50000|15000	655000|280000|50000|15000	671600	6	9300	1	711406|710906|710406|700906
535	1	18	660000|280000|50000|10000	655000|280000|50000|15000	655000|280000|50000|15000	671600	6	9460	1	711407|710907|710407|700907
536	1	19	660000|280000|50000|10000	655000|280000|50000|15000	655000|280000|50000|15000	671600	6	9630	1	711408|710908|710408|700908
537	1	20	660000|280000|50000|10000	655000|280000|50000|15000	655000|280000|50000|15000	671600	6	9800	1	711409|710909|710409|700909
538	1	21	660000|280000|50000|10000	655000|280000|50000|15000	655000|280000|50000|15000	671600	6	9970	1	711410|710910|710410|700910
539	2	12	660000|280000|50000|10000	655000|280000|50000|15000	655000|280000|50000|15000	671600	5	7270	1	711101|710601|710101|700101
540	2	13	660000|280000|50000|10000	655000|280000|50000|15000	655000|280000|50000|15000	671600	6	8620	1	711102|710602|710102|700102
541	2	14	660000|280000|50000|10000	655000|280000|50000|15000	655000|280000|50000|15000	671600	6	8790	1	711103|710603|710103|700103
542	2	15	660000|280000|50000|10000	655000|280000|50000|15000	655000|280000|50000|15000	671600	6	8960	1	711104|710604|710104|700104
543	2	16	660000|280000|50000|10000	655000|280000|50000|15000	655000|280000|50000|15000	671600	6	9130	1	711105|710605|710105|700105
544	2	17	660000|280000|50000|10000	655000|280000|50000|15000	655000|280000|50000|15000	671600	6	9300	1	711106|710606|710106|700106
545	2	18	660000|280000|50000|10000	655000|280000|50000|15000	655000|280000|50000|15000	671600	6	9460	1	711107|710607|710107|700107
546	2	19	660000|280000|50000|10000	655000|280000|50000|15000	655000|280000|50000|15000	671600	6	9630	1	711108|710608|710108|700108
547	2	20	660000|280000|50000|10000	655000|280000|50000|15000	655000|280000|50000|15000	671600	6	9800	1	711109|710609|710109|700109
548	2	21	660000|280000|50000|10000	655000|280000|50000|15000	655000|280000|50000|15000	671600	6	9970	1	711110|710610|710110|700110
549	3	12	660000|280000|50000|10000	655000|280000|50000|15000	655000|280000|50000|15000	671600	5	7270	1	711201|710701|710201|700301
550	3	13	660000|280000|50000|10000	655000|280000|50000|15000	655000|280000|50000|15000	671600	6	8620	1	711202|710702|710202|700302
551	3	14	660000|280000|50000|10000	655000|280000|50000|15000	655000|280000|50000|15000	671600	6	8790	1	711203|710703|710203|700303
552	3	15	660000|280000|50000|10000	655000|280000|50000|15000	655000|280000|50000|15000	671600	6	8960	1	711204|710704|710204|700304
553	3	16	660000|280000|50000|10000	655000|280000|50000|15000	655000|280000|50000|15000	671600	6	9130	1	711205|710705|710205|700305
554	3	17	660000|280000|50000|10000	655000|280000|50000|15000	655000|280000|50000|15000	671600	6	9300	1	711206|710706|710206|700306
555	3	18	660000|280000|50000|10000	655000|280000|50000|15000	655000|280000|50000|15000	671600	6	9460	1	711207|710707|710207|700307
556	3	19	660000|280000|50000|10000	655000|280000|50000|15000	655000|280000|50000|15000	671600	6	9630	1	711208|710708|710208|700308
557	3	20	660000|280000|50000|10000	655000|280000|50000|15000	655000|280000|50000|15000	671600	6	9800	1	711209|710709|710209|700309
558	3	21	660000|280000|50000|10000	655000|280000|50000|15000	655000|280000|50000|15000	671600	6	9970	1	711210|710710|710210|700310
559	4	12	660000|280000|50000|10000	655000|280000|50000|15000	655000|280000|50000|15000	671600	5	7270	1	711501|711001|710501|701301
560	4	13	660000|280000|50000|10000	655000|280000|50000|15000	655000|280000|50000|15000	671600	6	8620	1	711502|711002|710502|701302
561	4	14	660000|280000|50000|10000	655000|280000|50000|15000	655000|280000|50000|15000	671600	6	8790	1	711503|711003|710503|701303
562	4	15	660000|280000|50000|10000	655000|280000|50000|15000	655000|280000|50000|15000	671600	6	8960	1	711504|711004|710504|701304
563	4	16	660000|280000|50000|10000	655000|280000|50000|15000	655000|280000|50000|15000	671600	6	9130	1	711505|711005|710505|701305
564	4	17	660000|280000|50000|10000	655000|280000|50000|15000	655000|280000|50000|15000	671600	6	9300	1	711506|711006|710506|701306
565	4	18	660000|280000|50000|10000	655000|280000|50000|15000	655000|280000|50000|15000	671600	6	9460	1	711507|711007|710507|701307
566	4	19	660000|280000|50000|10000	655000|280000|50000|15000	655000|280000|50000|15000	671600	6	9630	1	711508|711008|710508|701308
567	4	20	660000|280000|50000|10000	655000|280000|50000|15000	655000|280000|50000|15000	671600	6	9800	1	711509|711009|710509|701309
568	4	21	660000|280000|50000|10000	655000|280000|50000|15000	655000|280000|50000|15000	671600	6	9970	1	711510|711010|710510|701310
569	5	12	660000|280000|50000|10000	655000|280000|50000|15000	655000|280000|50000|15000	671600	5	7270	1	711301|710801|710301|700601
570	5	13	660000|280000|50000|10000	655000|280000|50000|15000	655000|280000|50000|15000	671600	6	8620	1	711302|710802|710302|700602
571	5	14	660000|280000|50000|10000	655000|280000|50000|15000	655000|280000|50000|15000	671600	6	8790	1	711303|710803|710303|700603
572	5	15	660000|280000|50000|10000	655000|280000|50000|15000	655000|280000|50000|15000	671600	6	8960	1	711304|710804|710304|700604
573	5	16	660000|280000|50000|10000	655000|280000|50000|15000	655000|280000|50000|15000	671600	6	9130	1	711305|710805|710305|700605
574	5	17	660000|280000|50000|10000	655000|280000|50000|15000	655000|280000|50000|15000	671600	6	9300	1	711306|710806|710306|700606
575	5	18	660000|280000|50000|10000	655000|280000|50000|15000	655000|280000|50000|15000	671600	6	9460	1	711307|710807|710307|700607
576	5	19	660000|280000|50000|10000	655000|280000|50000|15000	655000|280000|50000|15000	671600	6	9630	1	711308|710808|710308|700608
577	5	20	660000|280000|50000|10000	655000|280000|50000|15000	655000|280000|50000|15000	671600	6	9800	1	711309|710809|710309|700609
578	5	21	660000|280000|50000|10000	655000|280000|50000|15000	655000|280000|50000|15000	671600	6	9970	1	711310|710810|710310|700610
579	6	12	660000|280000|50000|10000	655000|280000|50000|15000	655000|280000|50000|15000	671600	5	7270	1	711101|710601|710101|700201
580	6	13	660000|280000|50000|10000	655000|280000|50000|15000	655000|280000|50000|15000	671600	6	8620	1	711102|710602|710102|700202
581	6	14	660000|280000|50000|10000	655000|280000|50000|15000	655000|280000|50000|15000	671600	6	8790	1	711103|710603|710103|700203
582	6	15	660000|280000|50000|10000	655000|280000|50000|15000	655000|280000|50000|15000	671600	6	8960	1	711104|710604|710104|700204
583	6	16	660000|280000|50000|10000	655000|280000|50000|15000	655000|280000|50000|15000	671600	6	9130	1	711105|710605|710105|700205
584	6	17	660000|280000|50000|10000	655000|280000|50000|15000	655000|280000|50000|15000	671600	6	9300	1	711106|710606|710106|700206
585	6	18	660000|280000|50000|10000	655000|280000|50000|15000	655000|280000|50000|15000	671600	6	9460	1	711107|710607|710107|700207
586	6	19	660000|280000|50000|10000	655000|280000|50000|15000	655000|280000|50000|15000	671600	6	9630	1	711108|710608|710108|700208
587	6	20	660000|280000|50000|10000	655000|280000|50000|15000	655000|280000|50000|15000	671600	6	9800	1	711109|710609|710109|700209
588	6	21	660000|280000|50000|10000	655000|280000|50000|15000	655000|280000|50000|15000	671600	6	9970	1	711110|710610|710110|700210
589	7	12	660000|280000|50000|10000	655000|280000|50000|15000	655000|280000|50000|15000	671600	5	7270	1	711401|710901|710401|701001
590	7	13	660000|280000|50000|10000	655000|280000|50000|15000	655000|280000|50000|15000	671600	6	8620	1	711402|710902|710402|701002
591	7	14	660000|280000|50000|10000	655000|280000|50000|15000	655000|280000|50000|15000	671600	6	8790	1	711403|710903|710403|701003
592	7	15	660000|280000|50000|10000	655000|280000|50000|15000	655000|280000|50000|15000	671600	6	8960	1	711404|710904|710404|701004
593	7	16	660000|280000|50000|10000	655000|280000|50000|15000	655000|280000|50000|15000	671600	6	9130	1	711405|710905|710405|701005
594	7	17	660000|280000|50000|10000	655000|280000|50000|15000	655000|280000|50000|15000	671600	6	9300	1	711406|710906|710406|701006
595	7	18	660000|280000|50000|10000	655000|280000|50000|15000	655000|280000|50000|15000	671600	6	9460	1	711407|710907|710407|701007
596	7	19	660000|280000|50000|10000	655000|280000|50000|15000	655000|280000|50000|15000	671600	6	9630	1	711408|710908|710408|701008
597	7	20	660000|280000|50000|10000	655000|280000|50000|15000	655000|280000|50000|15000	671600	6	9800	1	711409|710909|710409|701009
598	7	21	660000|280000|50000|10000	655000|280000|50000|15000	655000|280000|50000|15000	671600	6	9970	1	711410|710910|710410|701010
599	8	12	660000|280000|50000|10000	655000|280000|50000|15000	655000|280000|50000|15000	671600	5	7270	1	711201|710701|710201|700401
600	8	13	660000|280000|50000|10000	655000|280000|50000|15000	655000|280000|50000|15000	671600	6	8620	1	711202|710702|710202|700402
601	8	14	660000|280000|50000|10000	655000|280000|50000|15000	655000|280000|50000|15000	671600	6	8790	1	711203|710703|710203|700403
602	8	15	660000|280000|50000|10000	655000|280000|50000|15000	655000|280000|50000|15000	671600	6	8960	1	711204|710704|710204|700404
603	8	16	660000|280000|50000|10000	655000|280000|50000|15000	655000|280000|50000|15000	671600	6	9130	1	711205|710705|710205|700405
604	8	17	660000|280000|50000|10000	655000|280000|50000|15000	655000|280000|50000|15000	671600	6	9300	1	711206|710706|710206|700406
605	8	18	660000|280000|50000|10000	655000|280000|50000|15000	655000|280000|50000|15000	671600	6	9460	1	711207|710707|710207|700407
606	8	19	660000|280000|50000|10000	655000|280000|50000|15000	655000|280000|50000|15000	671600	6	9630	1	711208|710708|710208|700408
607	8	20	660000|280000|50000|10000	655000|280000|50000|15000	655000|280000|50000|15000	671600	6	9800	1	711209|710709|710209|700409
608	8	21	660000|280000|50000|10000	655000|280000|50000|15000	655000|280000|50000|15000	671600	6	9970	1	711210|710710|710210|700410
609	9	12	660000|280000|50000|10000	655000|280000|50000|15000	655000|280000|50000|15000	671600	5	7270	1	711301|710801|710301|700701
610	9	13	660000|280000|50000|10000	655000|280000|50000|15000	655000|280000|50000|15000	671600	6	8620	1	711302|710802|710302|700702
611	9	14	660000|280000|50000|10000	655000|280000|50000|15000	655000|280000|50000|15000	671600	6	8790	1	711303|710803|710303|700703
612	9	15	660000|280000|50000|10000	655000|280000|50000|15000	655000|280000|50000|15000	671600	6	8960	1	711304|710804|710304|700704
613	9	16	660000|280000|50000|10000	655000|280000|50000|15000	655000|280000|50000|15000	671600	6	9130	1	711305|710805|710305|700705
614	9	17	660000|280000|50000|10000	655000|280000|50000|15000	655000|280000|50000|15000	671600	6	9300	1	711306|710806|710306|700706
615	9	18	660000|280000|50000|10000	655000|280000|50000|15000	655000|280000|50000|15000	671600	6	9460	1	711307|710807|710307|700707
616	9	19	660000|280000|50000|10000	655000|280000|50000|15000	655000|280000|50000|15000	671600	6	9630	1	711308|710808|710308|700708
617	9	20	660000|280000|50000|10000	655000|280000|50000|15000	655000|280000|50000|15000	671600	6	9800	1	711309|710809|710309|700709
618	9	21	660000|280000|50000|10000	655000|280000|50000|15000	655000|280000|50000|15000	671600	6	9970	1	711310|710810|710310|700710
619	10	12	660000|280000|50000|10000	655000|280000|50000|15000	655000|280000|50000|15000	671600	5	7270	1	711401|710901|710401|701101
620	10	13	660000|280000|50000|10000	655000|280000|50000|15000	655000|280000|50000|15000	671600	6	8620	1	711402|710902|710402|701102
621	10	14	660000|280000|50000|10000	655000|280000|50000|15000	655000|280000|50000|15000	671600	6	8790	1	711403|710903|710403|701103
622	10	15	660000|280000|50000|10000	655000|280000|50000|15000	655000|280000|50000|15000	671600	6	8960	1	711404|710904|710404|701104
623	10	16	660000|280000|50000|10000	655000|280000|50000|15000	655000|280000|50000|15000	671600	6	9130	1	711405|710905|710405|701105
624	10	17	660000|280000|50000|10000	655000|280000|50000|15000	655000|280000|50000|15000	671600	6	9300	1	711406|710906|710406|701106
625	10	18	660000|280000|50000|10000	655000|280000|50000|15000	655000|280000|50000|15000	671600	6	9460	1	711407|710907|710407|701107
626	10	19	660000|280000|50000|10000	655000|280000|50000|15000	655000|280000|50000|15000	671600	6	9630	1	711408|710908|710408|701108
627	10	20	660000|280000|50000|10000	655000|280000|50000|15000	655000|280000|50000|15000	671600	6	9800	1	711409|710909|710409|701109
628	10	21	660000|280000|50000|10000	655000|280000|50000|15000	655000|280000|50000|15000	671600	6	9970	1	711410|710910|710410|701110
629	11	12	660000|280000|50000|10000	655000|280000|50000|15000	655000|280000|50000|15000	671600	5	7270	1	711201|710701|710201|700501
630	11	13	660000|280000|50000|10000	655000|280000|50000|15000	655000|280000|50000|15000	671600	6	8620	1	711202|710702|710202|700502
631	11	14	660000|280000|50000|10000	655000|280000|50000|15000	655000|280000|50000|15000	671600	6	8790	1	711203|710703|710203|700503
632	11	15	660000|280000|50000|10000	655000|280000|50000|15000	655000|280000|50000|15000	671600	6	8960	1	711204|710704|710204|700504
633	11	16	660000|280000|50000|10000	655000|280000|50000|15000	655000|280000|50000|15000	671600	6	9130	1	711205|710705|710205|700505
634	11	17	660000|280000|50000|10000	655000|280000|50000|15000	655000|280000|50000|15000	671600	6	9300	1	711206|710706|710206|700506
635	11	18	660000|280000|50000|10000	655000|280000|50000|15000	655000|280000|50000|15000	671600	6	9460	1	711207|710707|710207|700507
636	11	19	660000|280000|50000|10000	655000|280000|50000|15000	655000|280000|50000|15000	671600	6	9630	1	711208|710708|710208|700508
637	11	20	660000|280000|50000|10000	655000|280000|50000|15000	655000|280000|50000|15000	671600	6	9800	1	711209|710709|710209|700509
638	11	21	660000|280000|50000|10000	655000|280000|50000|15000	655000|280000|50000|15000	671600	6	9970	1	711210|710710|710210|700510
639	12	12	660000|280000|50000|10000	655000|280000|50000|15000	655000|280000|50000|15000	671600	5	7270	1	711301|710801|710301|700801
640	12	13	660000|280000|50000|10000	655000|280000|50000|15000	655000|280000|50000|15000	671600	6	8620	1	711302|710802|710302|700802
641	12	14	660000|280000|50000|10000	655000|280000|50000|15000	655000|280000|50000|15000	671600	6	8790	1	711303|710803|710303|700803
642	12	15	660000|280000|50000|10000	655000|280000|50000|15000	655000|280000|50000|15000	671600	6	8960	1	711304|710804|710304|700804
643	12	16	660000|280000|50000|10000	655000|280000|50000|15000	655000|280000|50000|15000	671600	6	9130	1	711305|710805|710305|700805
644	12	17	660000|280000|50000|10000	655000|280000|50000|15000	655000|280000|50000|15000	671600	6	9300	1	711306|710806|710306|700806
645	12	18	660000|280000|50000|10000	655000|280000|50000|15000	655000|280000|50000|15000	671600	6	9460	1	711307|710807|710307|700807
646	12	19	660000|280000|50000|10000	655000|280000|50000|15000	655000|280000|50000|15000	671600	6	9630	1	711308|710808|710308|700808
647	12	20	660000|280000|50000|10000	655000|280000|50000|15000	655000|280000|50000|15000	671600	6	9800	1	711309|710809|710309|700809
648	12	21	660000|280000|50000|10000	655000|280000|50000|15000	655000|280000|50000|15000	671600	6	9970	1	711310|710810|710310|700810
649	13	12	660000|280000|50000|10000	655000|280000|50000|15000	655000|280000|50000|15000	671600	5	7270	1	711401|710901|710401|701201
650	13	13	660000|280000|50000|10000	655000|280000|50000|15000	655000|280000|50000|15000	671600	6	8620	1	711402|710902|710402|701202
651	13	14	660000|280000|50000|10000	655000|280000|50000|15000	655000|280000|50000|15000	671600	6	8790	1	711403|710903|710403|701203
652	13	15	660000|280000|50000|10000	655000|280000|50000|15000	655000|280000|50000|15000	671600	6	8960	1	711404|710904|710404|701204
653	13	16	660000|280000|50000|10000	655000|280000|50000|15000	655000|280000|50000|15000	671600	6	9130	1	711405|710905|710405|701205
654	13	17	660000|280000|50000|10000	655000|280000|50000|15000	655000|280000|50000|15000	671600	6	9300	1	711406|710906|710406|701206
655	13	18	660000|280000|50000|10000	655000|280000|50000|15000	655000|280000|50000|15000	671600	6	9460	1	711407|710907|710407|701207
656	13	19	660000|280000|50000|10000	655000|280000|50000|15000	655000|280000|50000|15000	671600	6	9630	1	711408|710908|710408|701208
657	13	20	660000|280000|50000|10000	655000|280000|50000|15000	655000|280000|50000|15000	671600	6	9800	1	711409|710909|710409|701209
658	13	21	660000|280000|50000|10000	655000|280000|50000|15000	655000|280000|50000|15000	671600	6	9970	1	711410|710910|710410|701210
659	14	12	720000|280000	580000|420000	580000|420000	671601	10	5590	0	711201|710701
660	14	13	720000|280000	580000|420000	580000|420000	671601	12	6630	0	711202|710702
661	14	14	720000|280000	580000|420000	580000|420000	671601	12	6760	0	711203|710703
662	14	15	720000|280000	580000|420000	580000|420000	671601	12	6890	0	711204|710704
663	14	16	720000|280000	580000|420000	580000|420000	671601	12	7020	0	711205|710705
664	14	17	720000|280000	580000|420000	580000|420000	671601	12	7150	0	711206|710706
665	14	18	720000|280000	580000|420000	580000|420000	671601	12	7280	0	711207|710707
666	14	19	720000|280000	580000|420000	580000|420000	671601	12	7410	0	711208|710708
667	14	20	720000|280000	580000|420000	580000|420000	671601	12	7540	0	711209|710709
668	14	21	720000|280000	580000|420000	580000|420000	671601	12	7670	0	711210|710710
669	15	12	720000|280000	580000|420000	580000|420000	671601	10	5590	0	711301|710801
670	15	13	720000|280000	580000|420000	580000|420000	671601	12	6630	0	711302|710802
671	15	14	720000|280000	580000|420000	580000|420000	671601	12	6760	0	711303|710803
672	15	15	720000|280000	580000|420000	580000|420000	671601	12	6890	0	711304|710804
673	15	16	720000|280000	580000|420000	580000|420000	671601	12	7020	0	711305|710805
674	15	17	720000|280000	580000|420000	580000|420000	671601	12	7150	0	711306|710806
675	15	18	720000|280000	580000|420000	580000|420000	671601	12	7280	0	711307|710807
676	15	19	720000|280000	580000|420000	580000|420000	671601	12	7410	0	711308|710808
677	15	20	720000|280000	580000|420000	580000|420000	671601	12	7540	0	711309|710809
678	15	21	720000|280000	580000|420000	580000|420000	671601	12	7670	0	711310|710810
679	16	12	720000|280000	580000|420000	580000|420000	671601	10	5590	0	711501|711001
680	16	13	720000|280000	580000|420000	580000|420000	671601	12	6630	0	711502|711002
681	16	14	720000|280000	580000|420000	580000|420000	671601	12	6760	0	711503|711003
682	16	15	720000|280000	580000|420000	580000|420000	671601	12	6890	0	711504|711004
683	16	16	720000|280000	580000|420000	580000|420000	671601	12	7020	0	711505|711005
684	16	17	720000|280000	580000|420000	580000|420000	671601	12	7150	0	711506|711006
685	16	18	720000|280000	580000|420000	580000|420000	671601	12	7280	0	711507|711007
686	16	19	720000|280000	580000|420000	580000|420000	671601	12	7410	0	711508|711008
687	16	20	720000|280000	580000|420000	580000|420000	671601	12	7540	0	711509|711009
688	16	21	720000|280000	580000|420000	580000|420000	671601	12	7670	0	711510|711010
689	17	12	720000|280000	580000|420000	580000|420000	671601	10	5590	0	711101|710601
690	17	13	720000|280000	580000|420000	580000|420000	671601	12	6630	0	711102|710602
691	17	14	720000|280000	580000|420000	580000|420000	671601	12	6760	0	711103|710603
692	17	15	720000|280000	580000|420000	580000|420000	671601	12	6890	0	711104|710604
693	17	16	720000|280000	580000|420000	580000|420000	671601	12	7020	0	711105|710605
694	17	17	720000|280000	580000|420000	580000|420000	671601	12	7150	0	711106|710606
695	17	18	720000|280000	580000|420000	580000|420000	671601	12	7280	0	711107|710607
696	17	19	720000|280000	580000|420000	580000|420000	671601	12	7410	0	711108|710608
697	17	20	720000|280000	580000|420000	580000|420000	671601	12	7540	0	711109|710609
698	17	21	720000|280000	580000|420000	580000|420000	671601	12	7670	0	711110|710610
699	18	12	720000|280000	580000|420000	580000|420000	671601	10	5590	0	711201|710701
700	18	13	720000|280000	580000|420000	580000|420000	671601	12	6630	0	711202|710702
701	18	14	720000|280000	580000|420000	580000|420000	671601	12	6760	0	711203|710703
702	18	15	720000|280000	580000|420000	580000|420000	671601	12	6890	0	711204|710704
703	18	16	720000|280000	580000|420000	580000|420000	671601	12	7020	0	711205|710705
704	18	17	720000|280000	580000|420000	580000|420000	671601	12	7150	0	711206|710706
705	18	18	720000|280000	580000|420000	580000|420000	671601	12	7280	0	711207|710707
706	18	19	720000|280000	580000|420000	580000|420000	671601	12	7410	0	711208|710708
707	18	20	720000|280000	580000|420000	580000|420000	671601	12	7540	0	711209|710709
708	18	21	720000|280000	580000|420000	580000|420000	671601	12	7670	0	711210|710710
709	19	12	720000|280000	580000|420000	580000|420000	671601	10	5590	0	711101|710601
710	19	13	720000|280000	580000|420000	580000|420000	671601	12	6630	0	711102|710602
711	19	14	720000|280000	580000|420000	580000|420000	671601	12	6760	0	711103|710603
712	19	15	720000|280000	580000|420000	580000|420000	671601	12	6890	0	711104|710604
713	19	16	720000|280000	580000|420000	580000|420000	671601	12	7020	0	711105|710605
714	19	17	720000|280000	580000|420000	580000|420000	671601	12	7150	0	711106|710606
715	19	18	720000|280000	580000|420000	580000|420000	671601	12	7280	0	711107|710607
716	19	19	720000|280000	580000|420000	580000|420000	671601	12	7410	0	711108|710608
717	19	20	720000|280000	580000|420000	580000|420000	671601	12	7540	0	711109|710609
718	19	21	720000|280000	580000|420000	580000|420000	671601	12	7670	0	711110|710610
719	20	12	720000|280000	580000|420000	580000|420000	671601	10	5590	0	711401|710901
720	20	13	720000|280000	580000|420000	580000|420000	671601	12	6630	0	711402|710902
721	20	14	720000|280000	580000|420000	580000|420000	671601	12	6760	0	711403|710903
722	20	15	720000|280000	580000|420000	580000|420000	671601	12	6890	0	711404|710904
723	20	16	720000|280000	580000|420000	580000|420000	671601	12	7020	0	711405|710905
724	20	17	720000|280000	580000|420000	580000|420000	671601	12	7150	0	711406|710906
725	20	18	720000|280000	580000|420000	580000|420000	671601	12	7280	0	711407|710907
726	20	19	720000|280000	580000|420000	580000|420000	671601	12	7410	0	711408|710908
727	20	20	720000|280000	580000|420000	580000|420000	671601	12	7540	0	711409|710909
728	20	21	720000|280000	580000|420000	580000|420000	671601	12	7670	0	711410|710910
729	21	12	720000|280000	580000|420000	580000|420000	671601	10	5590	0	711201|710701
730	21	13	720000|280000	580000|420000	580000|420000	671601	12	6630	0	711202|710702
731	21	14	720000|280000	580000|420000	580000|420000	671601	12	6760	0	711203|710703
732	21	15	720000|280000	580000|420000	580000|420000	671601	12	6890	0	711204|710704
733	21	16	720000|280000	580000|420000	580000|420000	671601	12	7020	0	711205|710705
734	21	17	720000|280000	580000|420000	580000|420000	671601	12	7150	0	711206|710706
735	21	18	720000|280000	580000|420000	580000|420000	671601	12	7280	0	711207|710707
736	21	19	720000|280000	580000|420000	580000|420000	671601	12	7410	0	711208|710708
737	21	20	720000|280000	580000|420000	580000|420000	671601	12	7540	0	711209|710709
738	21	21	720000|280000	580000|420000	580000|420000	671601	12	7670	0	711210|710710
739	22	12	720000|280000	580000|420000	580000|420000	671601	10	5590	0	711501|711001
740	22	13	720000|280000	580000|420000	580000|420000	671601	12	6630	0	711502|711002
741	22	14	720000|280000	580000|420000	580000|420000	671601	12	6760	0	711503|711003
742	22	15	720000|280000	580000|420000	580000|420000	671601	12	6890	0	711504|711004
743	22	16	720000|280000	580000|420000	580000|420000	671601	12	7020	0	711505|711005
744	22	17	720000|280000	580000|420000	580000|420000	671601	12	7150	0	711506|711006
745	22	18	720000|280000	580000|420000	580000|420000	671601	12	7280	0	711507|711007
746	22	19	720000|280000	580000|420000	580000|420000	671601	12	7410	0	711508|711008
747	22	20	720000|280000	580000|420000	580000|420000	671601	12	7540	0	711509|711009
748	22	21	720000|280000	580000|420000	580000|420000	671601	12	7670	0	711510|711010
749	23	12	720000|280000	580000|420000	580000|420000	671601	10	5590	0	711301|710801
750	23	13	720000|280000	580000|420000	580000|420000	671601	12	6630	0	711302|710802
751	23	14	720000|280000	580000|420000	580000|420000	671601	12	6760	0	711303|710803
752	23	15	720000|280000	580000|420000	580000|420000	671601	12	6890	0	711304|710804
753	23	16	720000|280000	580000|420000	580000|420000	671601	12	7020	0	711305|710805
754	23	17	720000|280000	580000|420000	580000|420000	671601	12	7150	0	711306|710806
755	23	18	720000|280000	580000|420000	580000|420000	671601	12	7280	0	711307|710807
756	23	19	720000|280000	580000|420000	580000|420000	671601	12	7410	0	711308|710808
757	23	20	720000|280000	580000|420000	580000|420000	671601	12	7540	0	711309|710809
758	23	21	720000|280000	580000|420000	580000|420000	671601	12	7670	0	711310|710810
759	24	12	720000|280000	580000|420000	580000|420000	671601	10	5590	0	711401|710901
760	24	13	720000|280000	580000|420000	580000|420000	671601	12	6630	0	711402|710902
761	24	14	720000|280000	580000|420000	580000|420000	671601	12	6760	0	711403|710903
762	24	15	720000|280000	580000|420000	580000|420000	671601	12	6890	0	711404|710904
763	24	16	720000|280000	580000|420000	580000|420000	671601	12	7020	0	711405|710905
764	24	17	720000|280000	580000|420000	580000|420000	671601	12	7150	0	711406|710906
765	24	18	720000|280000	580000|420000	580000|420000	671601	12	7280	0	711407|710907
766	24	19	720000|280000	580000|420000	580000|420000	671601	12	7410	0	711408|710908
767	24	20	720000|280000	580000|420000	580000|420000	671601	12	7540	0	711409|710909
768	24	21	720000|280000	580000|420000	580000|420000	671601	12	7670	0	711410|710910
769	25	12	720000|280000	580000|420000	580000|420000	671601	10	5590	0	711101|710601
770	25	13	720000|280000	580000|420000	580000|420000	671601	12	6630	0	711102|710602
771	25	14	720000|280000	580000|420000	580000|420000	671601	12	6760	0	711103|710603
772	25	15	720000|280000	580000|420000	580000|420000	671601	12	6890	0	711104|710604
773	25	16	720000|280000	580000|420000	580000|420000	671601	12	7020	0	711105|710605
774	25	17	720000|280000	580000|420000	580000|420000	671601	12	7150	0	711106|710606
775	25	18	720000|280000	580000|420000	580000|420000	671601	12	7280	0	711107|710607
776	25	19	720000|280000	580000|420000	580000|420000	671601	12	7410	0	711108|710608
777	25	20	720000|280000	580000|420000	580000|420000	671601	12	7540	0	711109|710609
778	25	21	720000|280000	580000|420000	580000|420000	671601	12	7670	0	711110|710610
779	26	12	720000|280000	580000|420000	580000|420000	671601	10	5590	0	711201|710701
780	26	13	720000|280000	580000|420000	580000|420000	671601	12	6630	0	711202|710702
781	26	14	720000|280000	580000|420000	580000|420000	671601	12	6760	0	711203|710703
782	26	15	720000|280000	580000|420000	580000|420000	671601	12	6890	0	711204|710704
783	26	16	720000|280000	580000|420000	580000|420000	671601	12	7020	0	711205|710705
784	26	17	720000|280000	580000|420000	580000|420000	671601	12	7150	0	711206|710706
785	26	18	720000|280000	580000|420000	580000|420000	671601	12	7280	0	711207|710707
786	26	19	720000|280000	580000|420000	580000|420000	671601	12	7410	0	711208|710708
787	26	20	720000|280000	580000|420000	580000|420000	671601	12	7540	0	711209|710709
788	26	21	720000|280000	580000|420000	580000|420000	671601	12	7670	0	711210|710710
789	27	12	720000|280000	580000|420000	580000|420000	671601	10	5590	0	711301|710801
790	27	13	720000|280000	580000|420000	580000|420000	671601	12	6630	0	711302|710802
791	27	14	720000|280000	580000|420000	580000|420000	671601	12	6760	0	711303|710803
792	27	15	720000|280000	580000|420000	580000|420000	671601	12	6890	0	711304|710804
793	27	16	720000|280000	580000|420000	580000|420000	671601	12	7020	0	711305|710805
794	27	17	720000|280000	580000|420000	580000|420000	671601	12	7150	0	711306|710806
795	27	18	720000|280000	580000|420000	580000|420000	671601	12	7280	0	711307|710807
796	27	19	720000|280000	580000|420000	580000|420000	671601	12	7410	0	711308|710808
797	27	20	720000|280000	580000|420000	580000|420000	671601	12	7540	0	711309|710809
798	27	21	720000|280000	580000|420000	580000|420000	671601	12	7670	0	711310|710810
799	28	12	720000|280000	580000|420000	580000|420000	671601	10	5590	0	711401|710901
800	28	13	720000|280000	580000|420000	580000|420000	671601	12	6630	0	711402|710902
801	28	14	720000|280000	580000|420000	580000|420000	671601	12	6760	0	711403|710903
802	28	15	720000|280000	580000|420000	580000|420000	671601	12	6890	0	711404|710904
803	28	16	720000|280000	580000|420000	580000|420000	671601	12	7020	0	711405|710905
804	28	17	720000|280000	580000|420000	580000|420000	671601	12	7150	0	711406|710906
805	28	18	720000|280000	580000|420000	580000|420000	671601	12	7280	0	711407|710907
806	28	19	720000|280000	580000|420000	580000|420000	671601	12	7410	0	711408|710908
807	28	20	720000|280000	580000|420000	580000|420000	671601	12	7540	0	711409|710909
808	28	21	720000|280000	580000|420000	580000|420000	671601	12	7670	0	711410|710910
809	29	12	720000|280000	580000|420000	580000|420000	671601	10	5590	0	711501|711001
810	29	13	720000|280000	580000|420000	580000|420000	671601	12	6630	0	711502|711002
811	29	14	720000|280000	580000|420000	580000|420000	671601	12	6760	0	711503|711003
812	29	15	720000|280000	580000|420000	580000|420000	671601	12	6890	0	711504|711004
813	29	16	720000|280000	580000|420000	580000|420000	671601	12	7020	0	711505|711005
814	29	17	720000|280000	580000|420000	580000|420000	671601	12	7150	0	711506|711006
815	29	18	720000|280000	580000|420000	580000|420000	671601	12	7280	0	711507|711007
816	29	19	720000|280000	580000|420000	580000|420000	671601	12	7410	0	711508|711008
817	29	20	720000|280000	580000|420000	580000|420000	671601	12	7540	0	711509|711009
818	29	21	720000|280000	580000|420000	580000|420000	671601	12	7670	0	711510|711010
819	30	12	720000|280000	580000|420000	580000|420000	671601	10	5590	0	711101|710601
820	30	13	720000|280000	580000|420000	580000|420000	671601	12	6630	0	711102|710602
821	30	14	720000|280000	580000|420000	580000|420000	671601	12	6760	0	711103|710603
822	30	15	720000|280000	580000|420000	580000|420000	671601	12	6890	0	711104|710604
823	30	16	720000|280000	580000|420000	580000|420000	671601	12	7020	0	711105|710605
824	30	17	720000|280000	580000|420000	580000|420000	671601	12	7150	0	711106|710606
825	30	18	720000|280000	580000|420000	580000|420000	671601	12	7280	0	711107|710607
826	30	19	720000|280000	580000|420000	580000|420000	671601	12	7410	0	711108|710608
827	30	20	720000|280000	580000|420000	580000|420000	671601	12	7540	0	711109|710609
828	30	21	720000|280000	580000|420000	580000|420000	671601	12	7670	0	711110|710610
829	31	12	1000000	1000000	1000000	671601	7	3910	0	711101
830	31	13	1000000	1000000	1000000	671601	8	4640	0	711102
831	31	14	1000000	1000000	1000000	671601	8	4730	0	711103
832	31	15	1000000	1000000	1000000	671601	8	4820	0	711104
833	31	16	1000000	1000000	1000000	671601	8	4910	0	711105
834	31	17	1000000	1000000	1000000	671601	8	5010	0	711106
835	31	18	1000000	1000000	1000000	671601	8	5100	0	711107
836	31	19	1000000	1000000	1000000	671601	8	5190	0	711108
837	31	20	1000000	1000000	1000000	671601	8	5280	0	711109
838	31	21	1000000	1000000	1000000	671601	8	5370	0	711110
839	32	12	1000000	1000000	1000000	671601	7	3910	0	711201
840	32	13	1000000	1000000	1000000	671601	8	4640	0	711202
841	32	14	1000000	1000000	1000000	671601	8	4730	0	711203
842	32	15	1000000	1000000	1000000	671601	8	4820	0	711204
843	32	16	1000000	1000000	1000000	671601	8	4910	0	711205
844	32	17	1000000	1000000	1000000	671601	8	5010	0	711206
845	32	18	1000000	1000000	1000000	671601	8	5100	0	711207
846	32	19	1000000	1000000	1000000	671601	8	5190	0	711208
847	32	20	1000000	1000000	1000000	671601	8	5280	0	711209
848	32	21	1000000	1000000	1000000	671601	8	5370	0	711210
849	33	12	1000000	1000000	1000000	671601	7	3910	0	711201
850	33	13	1000000	1000000	1000000	671601	8	4640	0	711202
851	33	14	1000000	1000000	1000000	671601	8	4730	0	711203
852	33	15	1000000	1000000	1000000	671601	8	4820	0	711204
853	33	16	1000000	1000000	1000000	671601	8	4910	0	711205
854	33	17	1000000	1000000	1000000	671601	8	5010	0	711206
855	33	18	1000000	1000000	1000000	671601	8	5100	0	711207
856	33	19	1000000	1000000	1000000	671601	8	5190	0	711208
857	33	20	1000000	1000000	1000000	671601	8	5280	0	711209
858	33	21	1000000	1000000	1000000	671601	8	5370	0	711210
859	34	12	1000000	1000000	1000000	671601	7	3910	0	711101
860	34	13	1000000	1000000	1000000	671601	8	4640	0	711102
861	34	14	1000000	1000000	1000000	671601	8	4730	0	711103
862	34	15	1000000	1000000	1000000	671601	8	4820	0	711104
863	34	16	1000000	1000000	1000000	671601	8	4910	0	711105
864	34	17	1000000	1000000	1000000	671601	8	5010	0	711106
865	34	18	1000000	1000000	1000000	671601	8	5100	0	711107
866	34	19	1000000	1000000	1000000	671601	8	5190	0	711108
867	34	20	1000000	1000000	1000000	671601	8	5280	0	711109
868	34	21	1000000	1000000	1000000	671601	8	5370	0	711110
869	35	12	1000000	1000000	1000000	671601	7	3910	0	711301
870	35	13	1000000	1000000	1000000	671601	8	4640	0	711302
871	35	14	1000000	1000000	1000000	671601	8	4730	0	711303
872	35	15	1000000	1000000	1000000	671601	8	4820	0	711304
873	35	16	1000000	1000000	1000000	671601	8	4910	0	711305
874	35	17	1000000	1000000	1000000	671601	8	5010	0	711306
875	35	18	1000000	1000000	1000000	671601	8	5100	0	711307
876	35	19	1000000	1000000	1000000	671601	8	5190	0	711308
877	35	20	1000000	1000000	1000000	671601	8	5280	0	711309
878	35	21	1000000	1000000	1000000	671601	8	5370	0	711310
879	36	12	1000000	1000000	1000000	671601	7	3910	0	711501
880	36	13	1000000	1000000	1000000	671601	8	4640	0	711502
881	36	14	1000000	1000000	1000000	671601	8	4730	0	711503
882	36	15	1000000	1000000	1000000	671601	8	4820	0	711504
883	36	16	1000000	1000000	1000000	671601	8	4910	0	711505
884	36	17	1000000	1000000	1000000	671601	8	5010	0	711506
885	36	18	1000000	1000000	1000000	671601	8	5100	0	711507
886	36	19	1000000	1000000	1000000	671601	8	5190	0	711508
887	36	20	1000000	1000000	1000000	671601	8	5280	0	711509
888	36	21	1000000	1000000	1000000	671601	8	5370	0	711510
889	37	12	1000000	1000000	1000000	671601	7	3910	0	711301
890	37	13	1000000	1000000	1000000	671601	8	4640	0	711302
891	37	14	1000000	1000000	1000000	671601	8	4730	0	711303
892	37	15	1000000	1000000	1000000	671601	8	4820	0	711304
893	37	16	1000000	1000000	1000000	671601	8	4910	0	711305
894	37	17	1000000	1000000	1000000	671601	8	5010	0	711306
895	37	18	1000000	1000000	1000000	671601	8	5100	0	711307
896	37	19	1000000	1000000	1000000	671601	8	5190	0	711308
897	37	20	1000000	1000000	1000000	671601	8	5280	0	711309
898	37	21	1000000	1000000	1000000	671601	8	5370	0	711310
899	38	12	1000000	1000000	1000000	671601	7	3910	0	711501
900	38	13	1000000	1000000	1000000	671601	8	4640	0	711502
901	38	14	1000000	1000000	1000000	671601	8	4730	0	711503
902	38	15	1000000	1000000	1000000	671601	8	4820	0	711504
903	38	16	1000000	1000000	1000000	671601	8	4910	0	711505
904	38	17	1000000	1000000	1000000	671601	8	5010	0	711506
905	38	18	1000000	1000000	1000000	671601	8	5100	0	711507
906	38	19	1000000	1000000	1000000	671601	8	5190	0	711508
907	38	20	1000000	1000000	1000000	671601	8	5280	0	711509
908	38	21	1000000	1000000	1000000	671601	8	5370	0	711510
909	39	12	1000000	1000000	1000000	671601	7	3910	0	711401
910	39	13	1000000	1000000	1000000	671601	8	4640	0	711402
911	39	14	1000000	1000000	1000000	671601	8	4730	0	711403
912	39	15	1000000	1000000	1000000	671601	8	4820	0	711404
913	39	16	1000000	1000000	1000000	671601	8	4910	0	711405
914	39	17	1000000	1000000	1000000	671601	8	5010	0	711406
915	39	18	1000000	1000000	1000000	671601	8	5100	0	711407
916	39	19	1000000	1000000	1000000	671601	8	5190	0	711408
917	39	20	1000000	1000000	1000000	671601	8	5280	0	711409
918	39	21	1000000	1000000	1000000	671601	8	5370	0	711410
919	40	12	1000000	1000000	1000000	671601	7	3910	0	711401
920	40	13	1000000	1000000	1000000	671601	8	4640	0	711402
921	40	14	1000000	1000000	1000000	671601	8	4730	0	711403
922	40	15	1000000	1000000	1000000	671601	8	4820	0	711404
923	40	16	1000000	1000000	1000000	671601	8	4910	0	711405
924	40	17	1000000	1000000	1000000	671601	8	5010	0	711406
925	40	18	1000000	1000000	1000000	671601	8	5100	0	711407
926	40	19	1000000	1000000	1000000	671601	8	5190	0	711408
927	40	20	1000000	1000000	1000000	671601	8	5280	0	711409
928	40	21	1000000	1000000	1000000	671601	8	5370	0	711410
929	41	12	1000000	1000000	1000000	671601	7	3910	0	711501
930	41	13	1000000	1000000	1000000	671601	8	4640	0	711502
931	41	14	1000000	1000000	1000000	671601	8	4730	0	711503
932	41	15	1000000	1000000	1000000	671601	8	4820	0	711504
933	41	16	1000000	1000000	1000000	671601	8	4910	0	711505
934	41	17	1000000	1000000	1000000	671601	8	5010	0	711506
935	41	18	1000000	1000000	1000000	671601	8	5100	0	711507
936	41	19	1000000	1000000	1000000	671601	8	5190	0	711508
937	41	20	1000000	1000000	1000000	671601	8	5280	0	711509
938	41	21	1000000	1000000	1000000	671601	8	5370	0	711510
939	42	12	1000000	1000000	1000000	671601	7	3910	0	711101
940	42	13	1000000	1000000	1000000	671601	8	4640	0	711102
941	42	14	1000000	1000000	1000000	671601	8	4730	0	711103
942	42	15	1000000	1000000	1000000	671601	8	4820	0	711104
943	42	16	1000000	1000000	1000000	671601	8	4910	0	711105
944	42	17	1000000	1000000	1000000	671601	8	5010	0	711106
945	42	18	1000000	1000000	1000000	671601	8	5100	0	711107
946	42	19	1000000	1000000	1000000	671601	8	5190	0	711108
947	42	20	1000000	1000000	1000000	671601	8	5280	0	711109
948	42	21	1000000	1000000	1000000	671601	8	5370	0	711110
949	43	12	1000000	1000000	1000000	671601	7	3910	0	711401
950	43	13	1000000	1000000	1000000	671601	8	4640	0	711402
951	43	14	1000000	1000000	1000000	671601	8	4730	0	711403
952	43	15	1000000	1000000	1000000	671601	8	4820	0	711404
953	43	16	1000000	1000000	1000000	671601	8	4910	0	711405
954	43	17	1000000	1000000	1000000	671601	8	5010	0	711406
955	43	18	1000000	1000000	1000000	671601	8	5100	0	711407
956	43	19	1000000	1000000	1000000	671601	8	5190	0	711408
957	43	20	1000000	1000000	1000000	671601	8	5280	0	711409
958	43	21	1000000	1000000	1000000	671601	8	5370	0	711410
959	44	12	1000000	1000000	1000000	671601	7	3910	0	711301
960	44	13	1000000	1000000	1000000	671601	8	4640	0	711302
961	44	14	1000000	1000000	1000000	671601	8	4730	0	711303
962	44	15	1000000	1000000	1000000	671601	8	4820	0	711304
963	44	16	1000000	1000000	1000000	671601	8	4910	0	711305
964	44	17	1000000	1000000	1000000	671601	8	5010	0	711306
965	44	18	1000000	1000000	1000000	671601	8	5100	0	711307
966	44	19	1000000	1000000	1000000	671601	8	5190	0	711308
967	44	20	1000000	1000000	1000000	671601	8	5280	0	711309
968	44	21	1000000	1000000	1000000	671601	8	5370	0	711310
969	45	12	1000000	1000000	1000000	671601	7	3910	0	711201
970	45	13	1000000	1000000	1000000	671601	8	4640	0	711202
971	45	14	1000000	1000000	1000000	671601	8	4730	0	711203
972	45	15	1000000	1000000	1000000	671601	8	4820	0	711204
973	45	16	1000000	1000000	1000000	671601	8	4910	0	711205
974	45	17	1000000	1000000	1000000	671601	8	5010	0	711206
975	45	18	1000000	1000000	1000000	671601	8	5100	0	711207
976	45	19	1000000	1000000	1000000	671601	8	5190	0	711208
977	45	20	1000000	1000000	1000000	671601	8	5280	0	711209
978	45	21	1000000	1000000	1000000	671601	8	5370	0	711210
979	46	12	1000000	1000000	1000000	671601	7	3910	0	711101
980	46	13	1000000	1000000	1000000	671601	8	4640	0	711102
981	46	14	1000000	1000000	1000000	671601	8	4730	0	711103
982	46	15	1000000	1000000	1000000	671601	8	4820	0	711104
983	46	16	1000000	1000000	1000000	671601	8	4910	0	711105
984	46	17	1000000	1000000	1000000	671601	8	5010	0	711106
985	46	18	1000000	1000000	1000000	671601	8	5100	0	711107
986	46	19	1000000	1000000	1000000	671601	8	5190	0	711108
987	46	20	1000000	1000000	1000000	671601	8	5280	0	711109
988	46	21	1000000	1000000	1000000	671601	8	5370	0	711110
989	47	12	1000000	1000000	1000000	671601	7	3910	0	711501
990	47	13	1000000	1000000	1000000	671601	8	4640	0	711502
991	47	14	1000000	1000000	1000000	671601	8	4730	0	711503
992	47	15	1000000	1000000	1000000	671601	8	4820	0	711504
993	47	16	1000000	1000000	1000000	671601	8	4910	0	711505
994	47	17	1000000	1000000	1000000	671601	8	5010	0	711506
995	47	18	1000000	1000000	1000000	671601	8	5100	0	711507
996	47	19	1000000	1000000	1000000	671601	8	5190	0	711508
997	47	20	1000000	1000000	1000000	671601	8	5280	0	711509
998	47	21	1000000	1000000	1000000	671601	8	5370	0	711510
999	48	12	1000000	1000000	1000000	671601	7	3910	0	711301
1000	48	13	1000000	1000000	1000000	671601	8	4640	0	711302
1001	48	14	1000000	1000000	1000000	671601	8	4730	0	711303
1002	48	15	1000000	1000000	1000000	671601	8	4820	0	711304
1003	48	16	1000000	1000000	1000000	671601	8	4910	0	711305
1004	48	17	1000000	1000000	1000000	671601	8	5010	0	711306
1005	48	18	1000000	1000000	1000000	671601	8	5100	0	711307
1006	48	19	1000000	1000000	1000000	671601	8	5190	0	711308
1007	48	20	1000000	1000000	1000000	671601	8	5280	0	711309
1008	48	21	1000000	1000000	1000000	671601	8	5370	0	711310
