nId	nHole	nEnhanceLevel	nNeedExp	nMaterialsNum	nDoublePro	nDoubleAddPro	nFiveFoldPro	nFiveAddPro	nSilver	nStar	nAttrNum	szAttribType1	tbnAttribValue1	szAttribType2	tbnAttribValue2	FightPower
1	9	1	300	2	200000	100000	100000	50000	2000	0	2	allsect_metaldamage_v	9|0|0	lifemax_q	7.2|0|0	300
2	9	2	300	2	200000	100000	100000	50000	2000	0	2	allsect_metaldamage_v	18|0|0	lifemax_q	14.4|0|0	600
3	9	3	300	2	200000	100000	100000	50000	2000	0	2	allsect_metaldamage_v	27|0|0	lifemax_q	21.6|0|0	900
4	9	4	300	2	200000	100000	100000	50000	2000	0	2	allsect_metaldamage_v	36|0|0	lifemax_q	28.8|0|0	1200
5	9	5	300	2	200000	100000	100000	50000	2000	0	2	allsect_metaldamage_v	45|0|0	lifemax_q	36|0|0	1500
6	9	6	300	2	200000	100000	100000	50000	2000	0	2	allsect_metaldamage_v	54|0|0	lifemax_q	43.2|0|0	1800
7	9	7	300	2	200000	100000	100000	50000	2000	0	2	allsect_metaldamage_v	63|0|0	lifemax_q	50.4|0|0	2100
8	9	8	300	2	200000	100000	100000	50000	2000	0	2	allsect_metaldamage_v	72|0|0	lifemax_q	57.6|0|0	2400
9	9	9	300	2	200000	100000	100000	50000	2000	0	2	allsect_metaldamage_v	81|0|0	lifemax_q	64.8|0|0	2700
10	9	10	300	2	200000	100000	100000	50000	2000	1	2	allsect_metaldamage_v	113|0|0	lifemax_q	90|0|0	3000
11	9	11	400	3	200000	100000	100000	50000	3000	1	2	allsect_metaldamage_v	124|0|0	lifemax_q	99|0|0	3400
12	9	12	400	3	200000	100000	100000	50000	3000	1	2	allsect_metaldamage_v	135|0|0	lifemax_q	107.9|0|0	3800
13	9	13	400	3	200000	100000	100000	50000	3000	1	2	allsect_metaldamage_v	146|0|0	lifemax_q	116.9|0|0	4200
14	9	14	400	3	200000	100000	100000	50000	3000	1	2	allsect_metaldamage_v	157|0|0	lifemax_q	125.8|0|0	4600
15	9	15	400	3	200000	100000	100000	50000	3000	1	2	allsect_metaldamage_v	169|0|0	lifemax_q	134.8|0|0	5000
16	9	16	400	3	200000	100000	100000	50000	3000	1	2	allsect_metaldamage_v	180|0|0	lifemax_q	143.8|0|0	5400
17	9	17	400	3	200000	100000	100000	50000	3000	1	2	allsect_metaldamage_v	191|0|0	lifemax_q	152.7|0|0	5800
18	9	18	400	3	200000	100000	100000	50000	3000	1	2	allsect_metaldamage_v	202|0|0	lifemax_q	161.7|0|0	6200
19	9	19	400	3	200000	100000	100000	50000	3000	1	2	allsect_metaldamage_v	213|0|0	lifemax_q	170.6|0|0	6600
20	9	20	400	3	200000	100000	100000	50000	3000	2	2	allsect_metaldamage_v	253|0|0	lifemax_q	202|0|0	7000
21	9	21	400	3	200000	100000	100000	50000	3000	2	2	allsect_metaldamage_v	263|0|0	lifemax_q	210.3|0|0	7400
22	9	22	400	3	200000	100000	100000	50000	3000	2	2	allsect_metaldamage_v	273|0|0	lifemax_q	218.6|0|0	7800
23	9	23	400	3	200000	100000	100000	50000	3000	2	2	allsect_metaldamage_v	284|0|0	lifemax_q	227|0|0	8200
24	9	24	400	3	200000	100000	100000	50000	3000	2	2	allsect_metaldamage_v	294|0|0	lifemax_q	235.3|0|0	8600
25	9	25	400	3	200000	100000	100000	50000	3000	2	2	allsect_metaldamage_v	305|0|0	lifemax_q	243.6|0|0	9000
26	9	26	400	3	200000	100000	100000	50000	3000	2	2	allsect_metaldamage_v	315|0|0	lifemax_q	251.9|0|0	9400
27	9	27	400	3	200000	100000	100000	50000	3000	2	2	allsect_metaldamage_v	325|0|0	lifemax_q	260.2|0|0	9800
28	9	28	400	3	200000	100000	100000	50000	3000	2	2	allsect_metaldamage_v	336|0|0	lifemax_q	268.6|0|0	10200
29	9	29	400	3	200000	100000	100000	50000	3000	2	2	allsect_metaldamage_v	346|0|0	lifemax_q	276.9|0|0	10600
30	9	30	400	3	200000	100000	100000	50000	3000	3	2	allsect_metaldamage_v	383|0|0	lifemax_q	306|0|0	11000
31	9	31	500	4	200000	100000	100000	50000	4000	3	2	allsect_metaldamage_v	395|0|0	lifemax_q	315.6|0|0	11500
32	9	32	500	4	200000	100000	100000	50000	4000	3	2	allsect_metaldamage_v	407|0|0	lifemax_q	325.2|0|0	12000
33	9	33	500	4	200000	100000	100000	50000	4000	3	2	allsect_metaldamage_v	419|0|0	lifemax_q	334.8|0|0	12500
34	9	34	500	4	200000	100000	100000	50000	4000	3	2	allsect_metaldamage_v	431|0|0	lifemax_q	344.4|0|0	13000
35	9	35	500	4	200000	100000	100000	50000	4000	3	2	allsect_metaldamage_v	443|0|0	lifemax_q	354|0|0	13500
36	9	36	500	4	200000	100000	100000	50000	4000	3	2	allsect_metaldamage_v	455|0|0	lifemax_q	363.6|0|0	14000
37	9	37	500	4	200000	100000	100000	50000	4000	3	2	allsect_metaldamage_v	467|0|0	lifemax_q	373.2|0|0	14500
38	9	38	500	4	200000	100000	100000	50000	4000	3	2	allsect_metaldamage_v	479|0|0	lifemax_q	382.8|0|0	15000
39	9	39	500	4	200000	100000	100000	50000	4000	3	2	allsect_metaldamage_v	491|0|0	lifemax_q	392.4|0|0	15500
40	9	40	500	4	200000	100000	100000	50000	4000	4	2	allsect_metaldamage_v	533|0|0	lifemax_q	426|0|0	16000
41	9	41	500	4	200000	100000	100000	50000	4000	4	2	allsect_metaldamage_v	544|0|0	lifemax_q	430.4|0|0	16500
42	9	42	500	4	200000	100000	100000	50000	4000	4	2	allsect_metaldamage_v	555|0|0	lifemax_q	434.8|0|0	17000
43	9	43	500	4	200000	100000	100000	50000	4000	4	2	allsect_metaldamage_v	566|0|0	lifemax_q	439.2|0|0	17500
44	9	44	500	4	200000	100000	100000	50000	4000	4	2	allsect_metaldamage_v	577|0|0	lifemax_q	443.6|0|0	18000
45	9	45	500	4	200000	100000	100000	50000	4000	4	2	allsect_metaldamage_v	588|0|0	lifemax_q	448|0|0	18500
46	9	46	500	4	200000	100000	100000	50000	4000	4	2	allsect_metaldamage_v	599|0|0	lifemax_q	452.4|0|0	19000
47	9	47	500	4	200000	100000	100000	50000	4000	4	2	allsect_metaldamage_v	610|0|0	lifemax_q	456.8|0|0	19500
48	9	48	500	4	200000	100000	100000	50000	4000	4	2	allsect_metaldamage_v	621|0|0	lifemax_q	461.2|0|0	20000
49	9	49	500	4	200000	100000	100000	50000	4000	4	2	allsect_metaldamage_v	632|0|0	lifemax_q	465.6|0|0	20500
50	9	50	500	4	200000	100000	100000	50000	4000	5	2	allsect_metaldamage_v	670|0|0	lifemax_q	481|0|0	21000
51	9	51	600	4	200000	100000	100000	50000	4000	5	2	allsect_metaldamage_v	682|0|0	lifemax_q	485.8|0|0	21600
52	9	52	600	4	200000	100000	100000	50000	4000	5	2	allsect_metaldamage_v	694|0|0	lifemax_q	490.6|0|0	22200
53	9	53	600	4	200000	100000	100000	50000	4000	5	2	allsect_metaldamage_v	706|0|0	lifemax_q	495.4|0|0	22800
54	9	54	600	4	200000	100000	100000	50000	4000	5	2	allsect_metaldamage_v	718|0|0	lifemax_q	500.2|0|0	23400
55	9	55	600	4	200000	100000	100000	50000	4000	5	2	allsect_metaldamage_v	730|0|0	lifemax_q	505|0|0	24000
56	9	56	600	4	200000	100000	100000	50000	4000	5	2	allsect_metaldamage_v	742|0|0	lifemax_q	509.8|0|0	24600
57	9	57	600	4	200000	100000	100000	50000	4000	5	2	allsect_metaldamage_v	754|0|0	lifemax_q	514.6|0|0	25200
58	9	58	600	4	200000	100000	100000	50000	4000	5	2	allsect_metaldamage_v	766|0|0	lifemax_q	519.4|0|0	25800
59	9	59	600	4	200000	100000	100000	50000	4000	5	2	allsect_metaldamage_v	778|0|0	lifemax_q	524.2|0|0	26400
60	9	60	600	4	200000	100000	100000	50000	4000	6	2	allsect_metaldamage_v	820|0|0	lifemax_q	541|0|0	27000
61	9	61	600	4	200000	100000	100000	50000	4000	6	2	allsect_metaldamage_v	831|0|0	lifemax_q	545.3|0|0	27600
62	9	62	600	4	200000	100000	100000	50000	4000	6	2	allsect_metaldamage_v	842|0|0	lifemax_q	549.7|0|0	28200
63	9	63	600	4	200000	100000	100000	50000	4000	6	2	allsect_metaldamage_v	852|0|0	lifemax_q	554|0|0	28800
64	9	64	600	4	200000	100000	100000	50000	4000	6	2	allsect_metaldamage_v	863|0|0	lifemax_q	558.4|0|0	29400
65	9	65	600	4	200000	100000	100000	50000	4000	6	2	allsect_metaldamage_v	874|0|0	lifemax_q	562.7|0|0	30000
66	9	66	600	4	200000	100000	100000	50000	4000	6	2	allsect_metaldamage_v	885|0|0	lifemax_q	567|0|0	30600
67	9	67	600	4	200000	100000	100000	50000	4000	6	2	allsect_metaldamage_v	896|0|0	lifemax_q	571.4|0|0	31200
68	9	68	600	4	200000	100000	100000	50000	4000	6	2	allsect_metaldamage_v	906|0|0	lifemax_q	575.7|0|0	31800
69	9	69	600	4	200000	100000	100000	50000	4000	6	2	allsect_metaldamage_v	917|0|0	lifemax_q	580|0|0	32400
70	9	70	600	4	200000	100000	100000	50000	4000	7	2	allsect_metaldamage_v	955|0|0	lifemax_q	595.1|0|0	33000
71	9	71	600	4	200000	100000	100000	50000	4000	7	2	allsect_metaldamage_v	965|0|0	lifemax_q	598.9|0|0	33600
72	9	72	600	4	200000	100000	100000	50000	4000	7	2	allsect_metaldamage_v	974|0|0	lifemax_q	602.7|0|0	34200
73	9	73	600	4	200000	100000	100000	50000	4000	7	2	allsect_metaldamage_v	984|0|0	lifemax_q	606.5|0|0	34800
74	9	74	600	4	200000	100000	100000	50000	4000	7	2	allsect_metaldamage_v	993|0|0	lifemax_q	610.3|0|0	35400
75	9	75	600	4	200000	100000	100000	50000	4000	7	2	allsect_metaldamage_v	1003|0|0	lifemax_q	614.1|0|0	36000
76	9	76	600	4	200000	100000	100000	50000	4000	7	2	allsect_metaldamage_v	1013|0|0	lifemax_q	618|0|0	36600
77	9	77	600	4	200000	100000	100000	50000	4000	7	2	allsect_metaldamage_v	1022|0|0	lifemax_q	621.8|0|0	37200
78	9	78	600	4	200000	100000	100000	50000	4000	7	2	allsect_metaldamage_v	1032|0|0	lifemax_q	625.6|0|0	37800
79	9	79	600	4	200000	100000	100000	50000	4000	7	2	allsect_metaldamage_v	1041|0|0	lifemax_q	629.4|0|0	38400
80	9	80	600	4	200000	100000	100000	50000	4000	8	2	allsect_metaldamage_v	1075|0|0	lifemax_q	642.8|0|0	39000
81	9	81	700	5	200000	100000	100000	50000	5000	8	2	allsect_metaldamage_v	1085|0|0	lifemax_q	646.7|0|0	39700
82	9	82	700	5	200000	100000	100000	50000	5000	8	2	allsect_metaldamage_v	1095|0|0	lifemax_q	650.6|0|0	40400
83	9	83	700	5	200000	100000	100000	50000	5000	8	2	allsect_metaldamage_v	1104|0|0	lifemax_q	654.5|0|0	41100
84	9	84	700	5	200000	100000	100000	50000	5000	8	2	allsect_metaldamage_v	1114|0|0	lifemax_q	658.5|0|0	41800
85	9	85	700	5	200000	100000	100000	50000	5000	8	2	allsect_metaldamage_v	1124|0|0	lifemax_q	662.4|0|0	42500
86	9	86	700	5	200000	100000	100000	50000	5000	8	2	allsect_metaldamage_v	1134|0|0	lifemax_q	666.3|0|0	43200
87	9	87	700	5	200000	100000	100000	50000	5000	8	2	allsect_metaldamage_v	1144|0|0	lifemax_q	670.2|0|0	43900
88	9	88	700	5	200000	100000	100000	50000	5000	8	2	allsect_metaldamage_v	1153|0|0	lifemax_q	674.1|0|0	44600
89	9	89	700	5	200000	100000	100000	50000	5000	8	2	allsect_metaldamage_v	1163|0|0	lifemax_q	678.1|0|0	45300
90	9	90	700	5	200000	100000	100000	50000	5000	9	2	allsect_metaldamage_v	1198|0|0	lifemax_q	691.8|0|0	46000
91	9	91	700	5	200000	100000	100000	50000	5000	9	2	allsect_metaldamage_v	1206|0|0	lifemax_q	695.2|0|0	46700
92	9	92	700	5	200000	100000	100000	50000	5000	9	2	allsect_metaldamage_v	1214|0|0	lifemax_q	698.6|0|0	47400
93	9	93	700	5	200000	100000	100000	50000	5000	9	2	allsect_metaldamage_v	1223|0|0	lifemax_q	702|0|0	48100
94	9	94	700	5	200000	100000	100000	50000	5000	9	2	allsect_metaldamage_v	1231|0|0	lifemax_q	705.4|0|0	48800
95	9	95	700	5	200000	100000	100000	50000	5000	9	2	allsect_metaldamage_v	1240|0|0	lifemax_q	708.8|0|0	49500
96	9	96	700	5	200000	100000	100000	50000	5000	9	2	allsect_metaldamage_v	1248|0|0	lifemax_q	712.2|0|0	50200
97	9	97	700	5	200000	100000	100000	50000	5000	9	2	allsect_metaldamage_v	1256|0|0	lifemax_q	715.6|0|0	50900
98	9	98	700	5	200000	100000	100000	50000	5000	9	2	allsect_metaldamage_v	1265|0|0	lifemax_q	719|0|0	51600
99	9	99	700	5	200000	100000	100000	50000	5000	9	2	allsect_metaldamage_v	1273|0|0	lifemax_q	722.3|0|0	52300
100	9	100	700	5	200000	100000	100000	50000	5000	10	2	allsect_metaldamage_v	1303|0|0	lifemax_q	734.1|0|0	53000
101	9	101	700	5	200000	100000	100000	50000	5000	10	2	allsect_metaldamage_v	1310|0|0	lifemax_q	736.9|0|0	53700
102	9	102	700	5	200000	100000	100000	50000	5000	10	2	allsect_metaldamage_v	1317|0|0	lifemax_q	739.7|0|0	54400
103	9	103	700	5	200000	100000	100000	50000	5000	10	2	allsect_metaldamage_v	1324|0|0	lifemax_q	742.5|0|0	55100
104	9	104	700	5	200000	100000	100000	50000	5000	10	2	allsect_metaldamage_v	1331|0|0	lifemax_q	745.3|0|0	55800
105	9	105	700	5	200000	100000	100000	50000	5000	10	2	allsect_metaldamage_v	1338|0|0	lifemax_q	748.1|0|0	56500
106	9	106	700	5	200000	100000	100000	50000	5000	10	2	allsect_metaldamage_v	1345|0|0	lifemax_q	750.9|0|0	57200
107	9	107	700	5	200000	100000	100000	50000	5000	10	2	allsect_metaldamage_v	1352|0|0	lifemax_q	753.7|0|0	57900
108	9	108	700	5	200000	100000	100000	50000	5000	10	2	allsect_metaldamage_v	1359|0|0	lifemax_q	756.5|0|0	58600
109	9	109	700	5	200000	100000	100000	50000	5000	10	2	allsect_metaldamage_v	1366|0|0	lifemax_q	759.3|0|0	59300
110	9	110	700	5	200000	100000	100000	50000	5000	11	2	allsect_metaldamage_v	1390|0|0	lifemax_q	769.1|0|0	60000
111	11	1	300	2	200000	100000	100000	50000	2000	0	2	allsect_waterdamage_v	9|0|0	vitality_v	9|0|0	300
112	11	2	300	2	200000	100000	100000	50000	2000	0	2	allsect_waterdamage_v	18|0|0	vitality_v	18|0|0	600
113	11	3	300	2	200000	100000	100000	50000	2000	0	2	allsect_waterdamage_v	27|0|0	vitality_v	27|0|0	900
114	11	4	300	2	200000	100000	100000	50000	2000	0	2	allsect_waterdamage_v	36|0|0	vitality_v	36|0|0	1200
115	11	5	300	2	200000	100000	100000	50000	2000	0	2	allsect_waterdamage_v	45|0|0	vitality_v	45|0|0	1500
116	11	6	300	2	200000	100000	100000	50000	2000	0	2	allsect_waterdamage_v	54|0|0	vitality_v	54|0|0	1800
117	11	7	300	2	200000	100000	100000	50000	2000	0	2	allsect_waterdamage_v	63|0|0	vitality_v	63|0|0	2100
118	11	8	300	2	200000	100000	100000	50000	2000	0	2	allsect_waterdamage_v	72|0|0	vitality_v	72|0|0	2400
119	11	9	300	2	200000	100000	100000	50000	2000	0	2	allsect_waterdamage_v	81|0|0	vitality_v	81|0|0	2700
120	11	10	300	2	200000	100000	100000	50000	2000	1	2	allsect_waterdamage_v	113|0|0	vitality_v	113|0|0	3000
121	11	11	400	3	200000	100000	100000	50000	3000	1	2	allsect_waterdamage_v	124|0|0	vitality_v	124|0|0	3400
122	11	12	400	3	200000	100000	100000	50000	3000	1	2	allsect_waterdamage_v	135|0|0	vitality_v	135|0|0	3800
123	11	13	400	3	200000	100000	100000	50000	3000	1	2	allsect_waterdamage_v	146|0|0	vitality_v	146|0|0	4200
124	11	14	400	3	200000	100000	100000	50000	3000	1	2	allsect_waterdamage_v	157|0|0	vitality_v	157|0|0	4600
125	11	15	400	3	200000	100000	100000	50000	3000	1	2	allsect_waterdamage_v	169|0|0	vitality_v	169|0|0	5000
126	11	16	400	3	200000	100000	100000	50000	3000	1	2	allsect_waterdamage_v	180|0|0	vitality_v	180|0|0	5400
127	11	17	400	3	200000	100000	100000	50000	3000	1	2	allsect_waterdamage_v	191|0|0	vitality_v	191|0|0	5800
128	11	18	400	3	200000	100000	100000	50000	3000	1	2	allsect_waterdamage_v	202|0|0	vitality_v	202|0|0	6200
129	11	19	400	3	200000	100000	100000	50000	3000	1	2	allsect_waterdamage_v	213|0|0	vitality_v	213|0|0	6600
130	11	20	400	3	200000	100000	100000	50000	3000	2	2	allsect_waterdamage_v	253|0|0	vitality_v	253|0|0	7000
131	11	21	400	3	200000	100000	100000	50000	3000	2	2	allsect_waterdamage_v	263|0|0	vitality_v	263|0|0	7400
132	11	22	400	3	200000	100000	100000	50000	3000	2	2	allsect_waterdamage_v	273|0|0	vitality_v	273|0|0	7800
133	11	23	400	3	200000	100000	100000	50000	3000	2	2	allsect_waterdamage_v	284|0|0	vitality_v	284|0|0	8200
134	11	24	400	3	200000	100000	100000	50000	3000	2	2	allsect_waterdamage_v	294|0|0	vitality_v	294|0|0	8600
135	11	25	400	3	200000	100000	100000	50000	3000	2	2	allsect_waterdamage_v	305|0|0	vitality_v	305|0|0	9000
136	11	26	400	3	200000	100000	100000	50000	3000	2	2	allsect_waterdamage_v	315|0|0	vitality_v	315|0|0	9400
137	11	27	400	3	200000	100000	100000	50000	3000	2	2	allsect_waterdamage_v	325|0|0	vitality_v	325|0|0	9800
138	11	28	400	3	200000	100000	100000	50000	3000	2	2	allsect_waterdamage_v	336|0|0	vitality_v	336|0|0	10200
139	11	29	400	3	200000	100000	100000	50000	3000	2	2	allsect_waterdamage_v	346|0|0	vitality_v	346|0|0	10600
140	11	30	400	3	200000	100000	100000	50000	3000	3	2	allsect_waterdamage_v	383|0|0	vitality_v	383|0|0	11000
141	11	31	500	4	200000	100000	100000	50000	4000	3	2	allsect_waterdamage_v	395|0|0	vitality_v	395|0|0	11500
142	11	32	500	4	200000	100000	100000	50000	4000	3	2	allsect_waterdamage_v	407|0|0	vitality_v	407|0|0	12000
143	11	33	500	4	200000	100000	100000	50000	4000	3	2	allsect_waterdamage_v	419|0|0	vitality_v	419|0|0	12500
144	11	34	500	4	200000	100000	100000	50000	4000	3	2	allsect_waterdamage_v	431|0|0	vitality_v	431|0|0	13000
145	11	35	500	4	200000	100000	100000	50000	4000	3	2	allsect_waterdamage_v	443|0|0	vitality_v	443|0|0	13500
146	11	36	500	4	200000	100000	100000	50000	4000	3	2	allsect_waterdamage_v	455|0|0	vitality_v	455|0|0	14000
147	11	37	500	4	200000	100000	100000	50000	4000	3	2	allsect_waterdamage_v	467|0|0	vitality_v	467|0|0	14500
148	11	38	500	4	200000	100000	100000	50000	4000	3	2	allsect_waterdamage_v	479|0|0	vitality_v	479|0|0	15000
149	11	39	500	4	200000	100000	100000	50000	4000	3	2	allsect_waterdamage_v	491|0|0	vitality_v	491|0|0	15500
150	11	40	500	4	200000	100000	100000	50000	4000	4	2	allsect_waterdamage_v	533|0|0	vitality_v	533|0|0	16000
151	11	41	500	4	200000	100000	100000	50000	4000	4	2	allsect_waterdamage_v	544|0|0	vitality_v	539|0|0	16500
152	11	42	500	4	200000	100000	100000	50000	4000	4	2	allsect_waterdamage_v	555|0|0	vitality_v	545|0|0	17000
153	11	43	500	4	200000	100000	100000	50000	4000	4	2	allsect_waterdamage_v	566|0|0	vitality_v	551|0|0	17500
154	11	44	500	4	200000	100000	100000	50000	4000	4	2	allsect_waterdamage_v	577|0|0	vitality_v	557|0|0	18000
155	11	45	500	4	200000	100000	100000	50000	4000	4	2	allsect_waterdamage_v	588|0|0	vitality_v	563|0|0	18500
156	11	46	500	4	200000	100000	100000	50000	4000	4	2	allsect_waterdamage_v	599|0|0	vitality_v	569|0|0	19000
157	11	47	500	4	200000	100000	100000	50000	4000	4	2	allsect_waterdamage_v	610|0|0	vitality_v	575|0|0	19500
158	11	48	500	4	200000	100000	100000	50000	4000	4	2	allsect_waterdamage_v	621|0|0	vitality_v	581|0|0	20000
159	11	49	500	4	200000	100000	100000	50000	4000	4	2	allsect_waterdamage_v	632|0|0	vitality_v	587|0|0	20500
160	11	50	500	4	200000	100000	100000	50000	4000	5	2	allsect_waterdamage_v	670|0|0	vitality_v	607|0|0	21000
161	11	51	600	4	200000	100000	100000	50000	4000	5	2	allsect_waterdamage_v	682|0|0	vitality_v	613|0|0	21600
162	11	52	600	4	200000	100000	100000	50000	4000	5	2	allsect_waterdamage_v	694|0|0	vitality_v	619|0|0	22200
163	11	53	600	4	200000	100000	100000	50000	4000	5	2	allsect_waterdamage_v	706|0|0	vitality_v	625|0|0	22800
164	11	54	600	4	200000	100000	100000	50000	4000	5	2	allsect_waterdamage_v	718|0|0	vitality_v	631|0|0	23400
165	11	55	600	4	200000	100000	100000	50000	4000	5	2	allsect_waterdamage_v	730|0|0	vitality_v	637|0|0	24000
166	11	56	600	4	200000	100000	100000	50000	4000	5	2	allsect_waterdamage_v	742|0|0	vitality_v	643|0|0	24600
167	11	57	600	4	200000	100000	100000	50000	4000	5	2	allsect_waterdamage_v	754|0|0	vitality_v	649|0|0	25200
168	11	58	600	4	200000	100000	100000	50000	4000	5	2	allsect_waterdamage_v	766|0|0	vitality_v	655|0|0	25800
169	11	59	600	4	200000	100000	100000	50000	4000	5	2	allsect_waterdamage_v	778|0|0	vitality_v	661|0|0	26400
170	11	60	600	4	200000	100000	100000	50000	4000	6	2	allsect_waterdamage_v	820|0|0	vitality_v	682|0|0	27000
171	11	61	600	4	200000	100000	100000	50000	4000	6	2	allsect_waterdamage_v	831|0|0	vitality_v	688|0|0	27600
172	11	62	600	4	200000	100000	100000	50000	4000	6	2	allsect_waterdamage_v	842|0|0	vitality_v	694|0|0	28200
173	11	63	600	4	200000	100000	100000	50000	4000	6	2	allsect_waterdamage_v	852|0|0	vitality_v	699|0|0	28800
174	11	64	600	4	200000	100000	100000	50000	4000	6	2	allsect_waterdamage_v	863|0|0	vitality_v	705|0|0	29400
175	11	65	600	4	200000	100000	100000	50000	4000	6	2	allsect_waterdamage_v	874|0|0	vitality_v	711|0|0	30000
176	11	66	600	4	200000	100000	100000	50000	4000	6	2	allsect_waterdamage_v	885|0|0	vitality_v	717|0|0	30600
177	11	67	600	4	200000	100000	100000	50000	4000	6	2	allsect_waterdamage_v	896|0|0	vitality_v	723|0|0	31200
178	11	68	600	4	200000	100000	100000	50000	4000	6	2	allsect_waterdamage_v	906|0|0	vitality_v	728|0|0	31800
179	11	69	600	4	200000	100000	100000	50000	4000	6	2	allsect_waterdamage_v	917|0|0	vitality_v	734|0|0	32400
180	11	70	600	4	200000	100000	100000	50000	4000	7	2	allsect_waterdamage_v	955|0|0	vitality_v	754|0|0	33000
181	11	71	600	4	200000	100000	100000	50000	4000	7	2	allsect_waterdamage_v	965|0|0	vitality_v	759|0|0	33600
182	11	72	600	4	200000	100000	100000	50000	4000	7	2	allsect_waterdamage_v	974|0|0	vitality_v	764|0|0	34200
183	11	73	600	4	200000	100000	100000	50000	4000	7	2	allsect_waterdamage_v	984|0|0	vitality_v	769|0|0	34800
184	11	74	600	4	200000	100000	100000	50000	4000	7	2	allsect_waterdamage_v	993|0|0	vitality_v	774|0|0	35400
185	11	75	600	4	200000	100000	100000	50000	4000	7	2	allsect_waterdamage_v	1003|0|0	vitality_v	779|0|0	36000
186	11	76	600	4	200000	100000	100000	50000	4000	7	2	allsect_waterdamage_v	1013|0|0	vitality_v	784|0|0	36600
187	11	77	600	4	200000	100000	100000	50000	4000	7	2	allsect_waterdamage_v	1022|0|0	vitality_v	789|0|0	37200
188	11	78	600	4	200000	100000	100000	50000	4000	7	2	allsect_waterdamage_v	1032|0|0	vitality_v	794|0|0	37800
189	11	79	600	4	200000	100000	100000	50000	4000	7	2	allsect_waterdamage_v	1041|0|0	vitality_v	799|0|0	38400
190	11	80	600	4	200000	100000	100000	50000	4000	8	2	allsect_waterdamage_v	1075|0|0	vitality_v	816|0|0	39000
191	11	81	700	5	200000	100000	100000	50000	5000	8	2	allsect_waterdamage_v	1085|0|0	vitality_v	821|0|0	39700
192	11	82	700	5	200000	100000	100000	50000	5000	8	2	allsect_waterdamage_v	1095|0|0	vitality_v	826|0|0	40400
193	11	83	700	5	200000	100000	100000	50000	5000	8	2	allsect_waterdamage_v	1104|0|0	vitality_v	831|0|0	41100
194	11	84	700	5	200000	100000	100000	50000	5000	8	2	allsect_waterdamage_v	1114|0|0	vitality_v	836|0|0	41800
195	11	85	700	5	200000	100000	100000	50000	5000	8	2	allsect_waterdamage_v	1124|0|0	vitality_v	841|0|0	42500
196	11	86	700	5	200000	100000	100000	50000	5000	8	2	allsect_waterdamage_v	1134|0|0	vitality_v	846|0|0	43200
197	11	87	700	5	200000	100000	100000	50000	5000	8	2	allsect_waterdamage_v	1144|0|0	vitality_v	851|0|0	43900
198	11	88	700	5	200000	100000	100000	50000	5000	8	2	allsect_waterdamage_v	1153|0|0	vitality_v	856|0|0	44600
199	11	89	700	5	200000	100000	100000	50000	5000	8	2	allsect_waterdamage_v	1163|0|0	vitality_v	861|0|0	45300
200	11	90	700	5	200000	100000	100000	50000	5000	9	2	allsect_waterdamage_v	1198|0|0	vitality_v	879|0|0	46000
201	11	91	700	5	200000	100000	100000	50000	5000	9	2	allsect_waterdamage_v	1206|0|0	vitality_v	883|0|0	46700
202	11	92	700	5	200000	100000	100000	50000	5000	9	2	allsect_waterdamage_v	1214|0|0	vitality_v	887|0|0	47400
203	11	93	700	5	200000	100000	100000	50000	5000	9	2	allsect_waterdamage_v	1223|0|0	vitality_v	892|0|0	48100
204	11	94	700	5	200000	100000	100000	50000	5000	9	2	allsect_waterdamage_v	1231|0|0	vitality_v	896|0|0	48800
205	11	95	700	5	200000	100000	100000	50000	5000	9	2	allsect_waterdamage_v	1240|0|0	vitality_v	901|0|0	49500
206	11	96	700	5	200000	100000	100000	50000	5000	9	2	allsect_waterdamage_v	1248|0|0	vitality_v	905|0|0	50200
207	11	97	700	5	200000	100000	100000	50000	5000	9	2	allsect_waterdamage_v	1256|0|0	vitality_v	909|0|0	50900
208	11	98	700	5	200000	100000	100000	50000	5000	9	2	allsect_waterdamage_v	1265|0|0	vitality_v	914|0|0	51600
209	11	99	700	5	200000	100000	100000	50000	5000	9	2	allsect_waterdamage_v	1273|0|0	vitality_v	918|0|0	52300
210	11	100	700	5	200000	100000	100000	50000	5000	10	2	allsect_waterdamage_v	1303|0|0	vitality_v	934|0|0	53000
211	11	101	700	5	200000	100000	100000	50000	5000	10	2	allsect_waterdamage_v	1310|0|0	vitality_v	938|0|0	53700
212	11	102	700	5	200000	100000	100000	50000	5000	10	2	allsect_waterdamage_v	1317|0|0	vitality_v	942|0|0	54400
213	11	103	700	5	200000	100000	100000	50000	5000	10	2	allsect_waterdamage_v	1324|0|0	vitality_v	946|0|0	55100
214	11	104	700	5	200000	100000	100000	50000	5000	10	2	allsect_waterdamage_v	1331|0|0	vitality_v	950|0|0	55800
215	11	105	700	5	200000	100000	100000	50000	5000	10	2	allsect_waterdamage_v	1338|0|0	vitality_v	954|0|0	56500
216	11	106	700	5	200000	100000	100000	50000	5000	10	2	allsect_waterdamage_v	1345|0|0	vitality_v	958|0|0	57200
217	11	107	700	5	200000	100000	100000	50000	5000	10	2	allsect_waterdamage_v	1352|0|0	vitality_v	962|0|0	57900
218	11	108	700	5	200000	100000	100000	50000	5000	10	2	allsect_waterdamage_v	1359|0|0	vitality_v	966|0|0	58600
219	11	109	700	5	200000	100000	100000	50000	5000	10	2	allsect_waterdamage_v	1366|0|0	vitality_v	970|0|0	59300
220	11	110	700	5	200000	100000	100000	50000	5000	11	2	allsect_waterdamage_v	1390|0|0	vitality_v	983|0|0	60000
221	10	1	300	2	200000	100000	100000	50000	2000	0	2	allsect_wooddamage_v	9|0|0	weaken_deadlystrike_damage_v	9|0|0	300
222	10	2	300	2	200000	100000	100000	50000	2000	0	2	allsect_wooddamage_v	18|0|0	weaken_deadlystrike_damage_v	18|0|0	600
223	10	3	300	2	200000	100000	100000	50000	2000	0	2	allsect_wooddamage_v	27|0|0	weaken_deadlystrike_damage_v	27|0|0	900
224	10	4	300	2	200000	100000	100000	50000	2000	0	2	allsect_wooddamage_v	36|0|0	weaken_deadlystrike_damage_v	36|0|0	1200
225	10	5	300	2	200000	100000	100000	50000	2000	0	2	allsect_wooddamage_v	45|0|0	weaken_deadlystrike_damage_v	45|0|0	1500
226	10	6	300	2	200000	100000	100000	50000	2000	0	2	allsect_wooddamage_v	54|0|0	weaken_deadlystrike_damage_v	54|0|0	1800
227	10	7	300	2	200000	100000	100000	50000	2000	0	2	allsect_wooddamage_v	63|0|0	weaken_deadlystrike_damage_v	63|0|0	2100
228	10	8	300	2	200000	100000	100000	50000	2000	0	2	allsect_wooddamage_v	72|0|0	weaken_deadlystrike_damage_v	72|0|0	2400
229	10	9	300	2	200000	100000	100000	50000	2000	0	2	allsect_wooddamage_v	81|0|0	weaken_deadlystrike_damage_v	81|0|0	2700
230	10	10	300	2	200000	100000	100000	50000	2000	1	2	allsect_wooddamage_v	113|0|0	weaken_deadlystrike_damage_v	113|0|0	3000
231	10	11	400	3	200000	100000	100000	50000	3000	1	2	allsect_wooddamage_v	124|0|0	weaken_deadlystrike_damage_v	124|0|0	3400
232	10	12	400	3	200000	100000	100000	50000	3000	1	2	allsect_wooddamage_v	135|0|0	weaken_deadlystrike_damage_v	135|0|0	3800
233	10	13	400	3	200000	100000	100000	50000	3000	1	2	allsect_wooddamage_v	146|0|0	weaken_deadlystrike_damage_v	146|0|0	4200
234	10	14	400	3	200000	100000	100000	50000	3000	1	2	allsect_wooddamage_v	157|0|0	weaken_deadlystrike_damage_v	157|0|0	4600
235	10	15	400	3	200000	100000	100000	50000	3000	1	2	allsect_wooddamage_v	169|0|0	weaken_deadlystrike_damage_v	169|0|0	5000
236	10	16	400	3	200000	100000	100000	50000	3000	1	2	allsect_wooddamage_v	180|0|0	weaken_deadlystrike_damage_v	180|0|0	5400
237	10	17	400	3	200000	100000	100000	50000	3000	1	2	allsect_wooddamage_v	191|0|0	weaken_deadlystrike_damage_v	191|0|0	5800
238	10	18	400	3	200000	100000	100000	50000	3000	1	2	allsect_wooddamage_v	202|0|0	weaken_deadlystrike_damage_v	202|0|0	6200
239	10	19	400	3	200000	100000	100000	50000	3000	1	2	allsect_wooddamage_v	213|0|0	weaken_deadlystrike_damage_v	213|0|0	6600
240	10	20	400	3	200000	100000	100000	50000	3000	2	2	allsect_wooddamage_v	253|0|0	weaken_deadlystrike_damage_v	253|0|0	7000
241	10	21	400	3	200000	100000	100000	50000	3000	2	2	allsect_wooddamage_v	263|0|0	weaken_deadlystrike_damage_v	263|0|0	7400
242	10	22	400	3	200000	100000	100000	50000	3000	2	2	allsect_wooddamage_v	273|0|0	weaken_deadlystrike_damage_v	273|0|0	7800
243	10	23	400	3	200000	100000	100000	50000	3000	2	2	allsect_wooddamage_v	284|0|0	weaken_deadlystrike_damage_v	284|0|0	8200
244	10	24	400	3	200000	100000	100000	50000	3000	2	2	allsect_wooddamage_v	294|0|0	weaken_deadlystrike_damage_v	294|0|0	8600
245	10	25	400	3	200000	100000	100000	50000	3000	2	2	allsect_wooddamage_v	305|0|0	weaken_deadlystrike_damage_v	305|0|0	9000
246	10	26	400	3	200000	100000	100000	50000	3000	2	2	allsect_wooddamage_v	315|0|0	weaken_deadlystrike_damage_v	315|0|0	9400
247	10	27	400	3	200000	100000	100000	50000	3000	2	2	allsect_wooddamage_v	325|0|0	weaken_deadlystrike_damage_v	325|0|0	9800
248	10	28	400	3	200000	100000	100000	50000	3000	2	2	allsect_wooddamage_v	336|0|0	weaken_deadlystrike_damage_v	336|0|0	10200
249	10	29	400	3	200000	100000	100000	50000	3000	2	2	allsect_wooddamage_v	346|0|0	weaken_deadlystrike_damage_v	346|0|0	10600
250	10	30	400	3	200000	100000	100000	50000	3000	3	2	allsect_wooddamage_v	383|0|0	weaken_deadlystrike_damage_v	383|0|0	11000
251	10	31	500	4	200000	100000	100000	50000	4000	3	2	allsect_wooddamage_v	395|0|0	weaken_deadlystrike_damage_v	395|0|0	11500
252	10	32	500	4	200000	100000	100000	50000	4000	3	2	allsect_wooddamage_v	407|0|0	weaken_deadlystrike_damage_v	407|0|0	12000
253	10	33	500	4	200000	100000	100000	50000	4000	3	2	allsect_wooddamage_v	419|0|0	weaken_deadlystrike_damage_v	419|0|0	12500
254	10	34	500	4	200000	100000	100000	50000	4000	3	2	allsect_wooddamage_v	431|0|0	weaken_deadlystrike_damage_v	431|0|0	13000
255	10	35	500	4	200000	100000	100000	50000	4000	3	2	allsect_wooddamage_v	443|0|0	weaken_deadlystrike_damage_v	443|0|0	13500
256	10	36	500	4	200000	100000	100000	50000	4000	3	2	allsect_wooddamage_v	455|0|0	weaken_deadlystrike_damage_v	455|0|0	14000
257	10	37	500	4	200000	100000	100000	50000	4000	3	2	allsect_wooddamage_v	467|0|0	weaken_deadlystrike_damage_v	467|0|0	14500
258	10	38	500	4	200000	100000	100000	50000	4000	3	2	allsect_wooddamage_v	479|0|0	weaken_deadlystrike_damage_v	479|0|0	15000
259	10	39	500	4	200000	100000	100000	50000	4000	3	2	allsect_wooddamage_v	491|0|0	weaken_deadlystrike_damage_v	491|0|0	15500
260	10	40	500	4	200000	100000	100000	50000	4000	4	2	allsect_wooddamage_v	533|0|0	weaken_deadlystrike_damage_v	533|0|0	16000
261	10	41	500	4	200000	100000	100000	50000	4000	4	2	allsect_wooddamage_v	544|0|0	weaken_deadlystrike_damage_v	544|0|0	16500
262	10	42	500	4	200000	100000	100000	50000	4000	4	2	allsect_wooddamage_v	555|0|0	weaken_deadlystrike_damage_v	555|0|0	17000
263	10	43	500	4	200000	100000	100000	50000	4000	4	2	allsect_wooddamage_v	566|0|0	weaken_deadlystrike_damage_v	566|0|0	17500
264	10	44	500	4	200000	100000	100000	50000	4000	4	2	allsect_wooddamage_v	577|0|0	weaken_deadlystrike_damage_v	577|0|0	18000
265	10	45	500	4	200000	100000	100000	50000	4000	4	2	allsect_wooddamage_v	588|0|0	weaken_deadlystrike_damage_v	588|0|0	18500
266	10	46	500	4	200000	100000	100000	50000	4000	4	2	allsect_wooddamage_v	599|0|0	weaken_deadlystrike_damage_v	599|0|0	19000
267	10	47	500	4	200000	100000	100000	50000	4000	4	2	allsect_wooddamage_v	610|0|0	weaken_deadlystrike_damage_v	610|0|0	19500
268	10	48	500	4	200000	100000	100000	50000	4000	4	2	allsect_wooddamage_v	621|0|0	weaken_deadlystrike_damage_v	621|0|0	20000
269	10	49	500	4	200000	100000	100000	50000	4000	4	2	allsect_wooddamage_v	632|0|0	weaken_deadlystrike_damage_v	632|0|0	20500
270	10	50	500	4	200000	100000	100000	50000	4000	5	2	allsect_wooddamage_v	670|0|0	weaken_deadlystrike_damage_v	670|0|0	21000
271	10	51	600	4	200000	100000	100000	50000	4000	5	2	allsect_wooddamage_v	682|0|0	weaken_deadlystrike_damage_v	682|0|0	21600
272	10	52	600	4	200000	100000	100000	50000	4000	5	2	allsect_wooddamage_v	694|0|0	weaken_deadlystrike_damage_v	694|0|0	22200
273	10	53	600	4	200000	100000	100000	50000	4000	5	2	allsect_wooddamage_v	706|0|0	weaken_deadlystrike_damage_v	706|0|0	22800
274	10	54	600	4	200000	100000	100000	50000	4000	5	2	allsect_wooddamage_v	718|0|0	weaken_deadlystrike_damage_v	718|0|0	23400
275	10	55	600	4	200000	100000	100000	50000	4000	5	2	allsect_wooddamage_v	730|0|0	weaken_deadlystrike_damage_v	730|0|0	24000
276	10	56	600	4	200000	100000	100000	50000	4000	5	2	allsect_wooddamage_v	742|0|0	weaken_deadlystrike_damage_v	742|0|0	24600
277	10	57	600	4	200000	100000	100000	50000	4000	5	2	allsect_wooddamage_v	754|0|0	weaken_deadlystrike_damage_v	754|0|0	25200
278	10	58	600	4	200000	100000	100000	50000	4000	5	2	allsect_wooddamage_v	766|0|0	weaken_deadlystrike_damage_v	766|0|0	25800
279	10	59	600	4	200000	100000	100000	50000	4000	5	2	allsect_wooddamage_v	778|0|0	weaken_deadlystrike_damage_v	778|0|0	26400
280	10	60	600	4	200000	100000	100000	50000	4000	6	2	allsect_wooddamage_v	820|0|0	weaken_deadlystrike_damage_v	820|0|0	27000
281	10	61	600	4	200000	100000	100000	50000	4000	6	2	allsect_wooddamage_v	831|0|0	weaken_deadlystrike_damage_v	831|0|0	27600
282	10	62	600	4	200000	100000	100000	50000	4000	6	2	allsect_wooddamage_v	842|0|0	weaken_deadlystrike_damage_v	842|0|0	28200
283	10	63	600	4	200000	100000	100000	50000	4000	6	2	allsect_wooddamage_v	852|0|0	weaken_deadlystrike_damage_v	852|0|0	28800
284	10	64	600	4	200000	100000	100000	50000	4000	6	2	allsect_wooddamage_v	863|0|0	weaken_deadlystrike_damage_v	863|0|0	29400
285	10	65	600	4	200000	100000	100000	50000	4000	6	2	allsect_wooddamage_v	874|0|0	weaken_deadlystrike_damage_v	874|0|0	30000
286	10	66	600	4	200000	100000	100000	50000	4000	6	2	allsect_wooddamage_v	885|0|0	weaken_deadlystrike_damage_v	885|0|0	30600
287	10	67	600	4	200000	100000	100000	50000	4000	6	2	allsect_wooddamage_v	896|0|0	weaken_deadlystrike_damage_v	896|0|0	31200
288	10	68	600	4	200000	100000	100000	50000	4000	6	2	allsect_wooddamage_v	906|0|0	weaken_deadlystrike_damage_v	906|0|0	31800
289	10	69	600	4	200000	100000	100000	50000	4000	6	2	allsect_wooddamage_v	917|0|0	weaken_deadlystrike_damage_v	917|0|0	32400
290	10	70	600	4	200000	100000	100000	50000	4000	7	2	allsect_wooddamage_v	955|0|0	weaken_deadlystrike_damage_v	955|0|0	33000
291	10	71	600	4	200000	100000	100000	50000	4000	7	2	allsect_wooddamage_v	965|0|0	weaken_deadlystrike_damage_v	965|0|0	33600
292	10	72	600	4	200000	100000	100000	50000	4000	7	2	allsect_wooddamage_v	974|0|0	weaken_deadlystrike_damage_v	974|0|0	34200
293	10	73	600	4	200000	100000	100000	50000	4000	7	2	allsect_wooddamage_v	984|0|0	weaken_deadlystrike_damage_v	984|0|0	34800
294	10	74	600	4	200000	100000	100000	50000	4000	7	2	allsect_wooddamage_v	993|0|0	weaken_deadlystrike_damage_v	993|0|0	35400
295	10	75	600	4	200000	100000	100000	50000	4000	7	2	allsect_wooddamage_v	1003|0|0	weaken_deadlystrike_damage_v	1003|0|0	36000
296	10	76	600	4	200000	100000	100000	50000	4000	7	2	allsect_wooddamage_v	1013|0|0	weaken_deadlystrike_damage_v	1013|0|0	36600
297	10	77	600	4	200000	100000	100000	50000	4000	7	2	allsect_wooddamage_v	1022|0|0	weaken_deadlystrike_damage_v	1022|0|0	37200
298	10	78	600	4	200000	100000	100000	50000	4000	7	2	allsect_wooddamage_v	1032|0|0	weaken_deadlystrike_damage_v	1032|0|0	37800
299	10	79	600	4	200000	100000	100000	50000	4000	7	2	allsect_wooddamage_v	1041|0|0	weaken_deadlystrike_damage_v	1041|0|0	38400
300	10	80	600	4	200000	100000	100000	50000	4000	8	2	allsect_wooddamage_v	1075|0|0	weaken_deadlystrike_damage_v	1075|0|0	39000
301	10	81	700	5	200000	100000	100000	50000	5000	8	2	allsect_wooddamage_v	1085|0|0	weaken_deadlystrike_damage_v	1085|0|0	39700
302	10	82	700	5	200000	100000	100000	50000	5000	8	2	allsect_wooddamage_v	1095|0|0	weaken_deadlystrike_damage_v	1095|0|0	40400
303	10	83	700	5	200000	100000	100000	50000	5000	8	2	allsect_wooddamage_v	1104|0|0	weaken_deadlystrike_damage_v	1104|0|0	41100
304	10	84	700	5	200000	100000	100000	50000	5000	8	2	allsect_wooddamage_v	1114|0|0	weaken_deadlystrike_damage_v	1114|0|0	41800
305	10	85	700	5	200000	100000	100000	50000	5000	8	2	allsect_wooddamage_v	1124|0|0	weaken_deadlystrike_damage_v	1124|0|0	42500
306	10	86	700	5	200000	100000	100000	50000	5000	8	2	allsect_wooddamage_v	1134|0|0	weaken_deadlystrike_damage_v	1134|0|0	43200
307	10	87	700	5	200000	100000	100000	50000	5000	8	2	allsect_wooddamage_v	1144|0|0	weaken_deadlystrike_damage_v	1144|0|0	43900
308	10	88	700	5	200000	100000	100000	50000	5000	8	2	allsect_wooddamage_v	1153|0|0	weaken_deadlystrike_damage_v	1153|0|0	44600
309	10	89	700	5	200000	100000	100000	50000	5000	8	2	allsect_wooddamage_v	1163|0|0	weaken_deadlystrike_damage_v	1163|0|0	45300
310	10	90	700	5	200000	100000	100000	50000	5000	9	2	allsect_wooddamage_v	1198|0|0	weaken_deadlystrike_damage_v	1198|0|0	46000
311	10	91	700	5	200000	100000	100000	50000	5000	9	2	allsect_wooddamage_v	1206|0|0	weaken_deadlystrike_damage_v	1206|0|0	46700
312	10	92	700	5	200000	100000	100000	50000	5000	9	2	allsect_wooddamage_v	1214|0|0	weaken_deadlystrike_damage_v	1214|0|0	47400
313	10	93	700	5	200000	100000	100000	50000	5000	9	2	allsect_wooddamage_v	1223|0|0	weaken_deadlystrike_damage_v	1223|0|0	48100
314	10	94	700	5	200000	100000	100000	50000	5000	9	2	allsect_wooddamage_v	1231|0|0	weaken_deadlystrike_damage_v	1231|0|0	48800
315	10	95	700	5	200000	100000	100000	50000	5000	9	2	allsect_wooddamage_v	1240|0|0	weaken_deadlystrike_damage_v	1240|0|0	49500
316	10	96	700	5	200000	100000	100000	50000	5000	9	2	allsect_wooddamage_v	1248|0|0	weaken_deadlystrike_damage_v	1248|0|0	50200
317	10	97	700	5	200000	100000	100000	50000	5000	9	2	allsect_wooddamage_v	1256|0|0	weaken_deadlystrike_damage_v	1256|0|0	50900
318	10	98	700	5	200000	100000	100000	50000	5000	9	2	allsect_wooddamage_v	1265|0|0	weaken_deadlystrike_damage_v	1265|0|0	51600
319	10	99	700	5	200000	100000	100000	50000	5000	9	2	allsect_wooddamage_v	1273|0|0	weaken_deadlystrike_damage_v	1273|0|0	52300
320	10	100	700	5	200000	100000	100000	50000	5000	10	2	allsect_wooddamage_v	1303|0|0	weaken_deadlystrike_damage_v	1303|0|0	53000
321	10	101	700	5	200000	100000	100000	50000	5000	10	2	allsect_wooddamage_v	1310|0|0	weaken_deadlystrike_damage_v	1310|0|0	53700
322	10	102	700	5	200000	100000	100000	50000	5000	10	2	allsect_wooddamage_v	1317|0|0	weaken_deadlystrike_damage_v	1317|0|0	54400
323	10	103	700	5	200000	100000	100000	50000	5000	10	2	allsect_wooddamage_v	1324|0|0	weaken_deadlystrike_damage_v	1324|0|0	55100
324	10	104	700	5	200000	100000	100000	50000	5000	10	2	allsect_wooddamage_v	1331|0|0	weaken_deadlystrike_damage_v	1331|0|0	55800
325	10	105	700	5	200000	100000	100000	50000	5000	10	2	allsect_wooddamage_v	1338|0|0	weaken_deadlystrike_damage_v	1338|0|0	56500
326	10	106	700	5	200000	100000	100000	50000	5000	10	2	allsect_wooddamage_v	1345|0|0	weaken_deadlystrike_damage_v	1345|0|0	57200
327	10	107	700	5	200000	100000	100000	50000	5000	10	2	allsect_wooddamage_v	1352|0|0	weaken_deadlystrike_damage_v	1352|0|0	57900
328	10	108	700	5	200000	100000	100000	50000	5000	10	2	allsect_wooddamage_v	1359|0|0	weaken_deadlystrike_damage_v	1359|0|0	58600
329	10	109	700	5	200000	100000	100000	50000	5000	10	2	allsect_wooddamage_v	1366|0|0	weaken_deadlystrike_damage_v	1366|0|0	59300
330	10	110	700	5	200000	100000	100000	50000	5000	11	2	allsect_wooddamage_v	1390|0|0	weaken_deadlystrike_damage_v	1390|0|0	60000
331	12	1	300	2	200000	100000	100000	50000	2000	0	2	allsect_firedamage_v	9|0|0	steallife_v	18|0|0	300
332	12	2	300	2	200000	100000	100000	50000	2000	0	2	allsect_firedamage_v	18|0|0	steallife_v	36|0|0	600
333	12	3	300	2	200000	100000	100000	50000	2000	0	2	allsect_firedamage_v	27|0|0	steallife_v	54|0|0	900
334	12	4	300	2	200000	100000	100000	50000	2000	0	2	allsect_firedamage_v	36|0|0	steallife_v	72|0|0	1200
335	12	5	300	2	200000	100000	100000	50000	2000	0	2	allsect_firedamage_v	45|0|0	steallife_v	90|0|0	1500
336	12	6	300	2	200000	100000	100000	50000	2000	0	2	allsect_firedamage_v	54|0|0	steallife_v	108|0|0	1800
337	12	7	300	2	200000	100000	100000	50000	2000	0	2	allsect_firedamage_v	63|0|0	steallife_v	126|0|0	2100
338	12	8	300	2	200000	100000	100000	50000	2000	0	2	allsect_firedamage_v	72|0|0	steallife_v	144|0|0	2400
339	12	9	300	2	200000	100000	100000	50000	2000	0	2	allsect_firedamage_v	81|0|0	steallife_v	162|0|0	2700
340	12	10	300	2	200000	100000	100000	50000	2000	1	2	allsect_firedamage_v	113|0|0	steallife_v	225|0|0	3000
341	12	11	400	3	200000	100000	100000	50000	3000	1	2	allsect_firedamage_v	124|0|0	steallife_v	247|0|0	3400
342	12	12	400	3	200000	100000	100000	50000	3000	1	2	allsect_firedamage_v	135|0|0	steallife_v	270|0|0	3800
343	12	13	400	3	200000	100000	100000	50000	3000	1	2	allsect_firedamage_v	146|0|0	steallife_v	292|0|0	4200
344	12	14	400	3	200000	100000	100000	50000	3000	1	2	allsect_firedamage_v	157|0|0	steallife_v	315|0|0	4600
345	12	15	400	3	200000	100000	100000	50000	3000	1	2	allsect_firedamage_v	169|0|0	steallife_v	337|0|0	5000
346	12	16	400	3	200000	100000	100000	50000	3000	1	2	allsect_firedamage_v	180|0|0	steallife_v	359|0|0	5400
347	12	17	400	3	200000	100000	100000	50000	3000	1	2	allsect_firedamage_v	191|0|0	steallife_v	382|0|0	5800
348	12	18	400	3	200000	100000	100000	50000	3000	1	2	allsect_firedamage_v	202|0|0	steallife_v	404|0|0	6200
349	12	19	400	3	200000	100000	100000	50000	3000	1	2	allsect_firedamage_v	213|0|0	steallife_v	427|0|0	6600
350	12	20	400	3	200000	100000	100000	50000	3000	2	2	allsect_firedamage_v	253|0|0	steallife_v	505|0|0	7000
351	12	21	400	3	200000	100000	100000	50000	3000	2	2	allsect_firedamage_v	263|0|0	steallife_v	526|0|0	7400
352	12	22	400	3	200000	100000	100000	50000	3000	2	2	allsect_firedamage_v	273|0|0	steallife_v	547|0|0	7800
353	12	23	400	3	200000	100000	100000	50000	3000	2	2	allsect_firedamage_v	284|0|0	steallife_v	567|0|0	8200
354	12	24	400	3	200000	100000	100000	50000	3000	2	2	allsect_firedamage_v	294|0|0	steallife_v	588|0|0	8600
355	12	25	400	3	200000	100000	100000	50000	3000	2	2	allsect_firedamage_v	305|0|0	steallife_v	609|0|0	9000
356	12	26	400	3	200000	100000	100000	50000	3000	2	2	allsect_firedamage_v	315|0|0	steallife_v	630|0|0	9400
357	12	27	400	3	200000	100000	100000	50000	3000	2	2	allsect_firedamage_v	325|0|0	steallife_v	651|0|0	9800
358	12	28	400	3	200000	100000	100000	50000	3000	2	2	allsect_firedamage_v	336|0|0	steallife_v	671|0|0	10200
359	12	29	400	3	200000	100000	100000	50000	3000	2	2	allsect_firedamage_v	346|0|0	steallife_v	692|0|0	10600
360	12	30	400	3	200000	100000	100000	50000	3000	3	2	allsect_firedamage_v	383|0|0	steallife_v	765|0|0	11000
361	12	31	500	4	200000	100000	100000	50000	4000	3	2	allsect_firedamage_v	395|0|0	steallife_v	789|0|0	11500
362	12	32	500	4	200000	100000	100000	50000	4000	3	2	allsect_firedamage_v	407|0|0	steallife_v	813|0|0	12000
363	12	33	500	4	200000	100000	100000	50000	4000	3	2	allsect_firedamage_v	419|0|0	steallife_v	837|0|0	12500
364	12	34	500	4	200000	100000	100000	50000	4000	3	2	allsect_firedamage_v	431|0|0	steallife_v	861|0|0	13000
365	12	35	500	4	200000	100000	100000	50000	4000	3	2	allsect_firedamage_v	443|0|0	steallife_v	885|0|0	13500
366	12	36	500	4	200000	100000	100000	50000	4000	3	2	allsect_firedamage_v	455|0|0	steallife_v	909|0|0	14000
367	12	37	500	4	200000	100000	100000	50000	4000	3	2	allsect_firedamage_v	467|0|0	steallife_v	933|0|0	14500
368	12	38	500	4	200000	100000	100000	50000	4000	3	2	allsect_firedamage_v	479|0|0	steallife_v	957|0|0	15000
369	12	39	500	4	200000	100000	100000	50000	4000	3	2	allsect_firedamage_v	491|0|0	steallife_v	981|0|0	15500
370	12	40	500	4	200000	100000	100000	50000	4000	4	2	allsect_firedamage_v	533|0|0	steallife_v	1065|0|0	16000
371	12	41	500	4	200000	100000	100000	50000	4000	4	2	allsect_firedamage_v	544|0|0	steallife_v	1087|0|0	16500
372	12	42	500	4	200000	100000	100000	50000	4000	4	2	allsect_firedamage_v	555|0|0	steallife_v	1109|0|0	17000
373	12	43	500	4	200000	100000	100000	50000	4000	4	2	allsect_firedamage_v	566|0|0	steallife_v	1131|0|0	17500
374	12	44	500	4	200000	100000	100000	50000	4000	4	2	allsect_firedamage_v	577|0|0	steallife_v	1153|0|0	18000
375	12	45	500	4	200000	100000	100000	50000	4000	4	2	allsect_firedamage_v	588|0|0	steallife_v	1175|0|0	18500
376	12	46	500	4	200000	100000	100000	50000	4000	4	2	allsect_firedamage_v	599|0|0	steallife_v	1197|0|0	19000
377	12	47	500	4	200000	100000	100000	50000	4000	4	2	allsect_firedamage_v	610|0|0	steallife_v	1219|0|0	19500
378	12	48	500	4	200000	100000	100000	50000	4000	4	2	allsect_firedamage_v	621|0|0	steallife_v	1241|0|0	20000
379	12	49	500	4	200000	100000	100000	50000	4000	4	2	allsect_firedamage_v	632|0|0	steallife_v	1263|0|0	20500
380	12	50	500	4	200000	100000	100000	50000	4000	5	2	allsect_firedamage_v	670|0|0	steallife_v	1340|0|0	21000
381	12	51	600	4	200000	100000	100000	50000	4000	5	2	allsect_firedamage_v	682|0|0	steallife_v	1364|0|0	21600
382	12	52	600	4	200000	100000	100000	50000	4000	5	2	allsect_firedamage_v	694|0|0	steallife_v	1388|0|0	22200
383	12	53	600	4	200000	100000	100000	50000	4000	5	2	allsect_firedamage_v	706|0|0	steallife_v	1412|0|0	22800
384	12	54	600	4	200000	100000	100000	50000	4000	5	2	allsect_firedamage_v	718|0|0	steallife_v	1436|0|0	23400
385	12	55	600	4	200000	100000	100000	50000	4000	5	2	allsect_firedamage_v	730|0|0	steallife_v	1460|0|0	24000
386	12	56	600	4	200000	100000	100000	50000	4000	5	2	allsect_firedamage_v	742|0|0	steallife_v	1484|0|0	24600
387	12	57	600	4	200000	100000	100000	50000	4000	5	2	allsect_firedamage_v	754|0|0	steallife_v	1508|0|0	25200
388	12	58	600	4	200000	100000	100000	50000	4000	5	2	allsect_firedamage_v	766|0|0	steallife_v	1532|0|0	25800
389	12	59	600	4	200000	100000	100000	50000	4000	5	2	allsect_firedamage_v	778|0|0	steallife_v	1556|0|0	26400
390	12	60	600	4	200000	100000	100000	50000	4000	6	2	allsect_firedamage_v	820|0|0	steallife_v	1640|0|0	27000
391	12	61	600	4	200000	100000	100000	50000	4000	6	2	allsect_firedamage_v	831|0|0	steallife_v	1662|0|0	27600
392	12	62	600	4	200000	100000	100000	50000	4000	6	2	allsect_firedamage_v	842|0|0	steallife_v	1683|0|0	28200
393	12	63	600	4	200000	100000	100000	50000	4000	6	2	allsect_firedamage_v	852|0|0	steallife_v	1705|0|0	28800
394	12	64	600	4	200000	100000	100000	50000	4000	6	2	allsect_firedamage_v	863|0|0	steallife_v	1726|0|0	29400
395	12	65	600	4	200000	100000	100000	50000	4000	6	2	allsect_firedamage_v	874|0|0	steallife_v	1748|0|0	30000
396	12	66	600	4	200000	100000	100000	50000	4000	6	2	allsect_firedamage_v	885|0|0	steallife_v	1770|0|0	30600
397	12	67	600	4	200000	100000	100000	50000	4000	6	2	allsect_firedamage_v	896|0|0	steallife_v	1791|0|0	31200
398	12	68	600	4	200000	100000	100000	50000	4000	6	2	allsect_firedamage_v	906|0|0	steallife_v	1813|0|0	31800
399	12	69	600	4	200000	100000	100000	50000	4000	6	2	allsect_firedamage_v	917|0|0	steallife_v	1834|0|0	32400
400	12	70	600	4	200000	100000	100000	50000	4000	7	2	allsect_firedamage_v	955|0|0	steallife_v	1910|0|0	33000
401	12	71	600	4	200000	100000	100000	50000	4000	7	2	allsect_firedamage_v	965|0|0	steallife_v	1929|0|0	33600
402	12	72	600	4	200000	100000	100000	50000	4000	7	2	allsect_firedamage_v	974|0|0	steallife_v	1948|0|0	34200
403	12	73	600	4	200000	100000	100000	50000	4000	7	2	allsect_firedamage_v	984|0|0	steallife_v	1968|0|0	34800
404	12	74	600	4	200000	100000	100000	50000	4000	7	2	allsect_firedamage_v	993|0|0	steallife_v	1987|0|0	35400
405	12	75	600	4	200000	100000	100000	50000	4000	7	2	allsect_firedamage_v	1003|0|0	steallife_v	2006|0|0	36000
406	12	76	600	4	200000	100000	100000	50000	4000	7	2	allsect_firedamage_v	1013|0|0	steallife_v	2025|0|0	36600
407	12	77	600	4	200000	100000	100000	50000	4000	7	2	allsect_firedamage_v	1022|0|0	steallife_v	2044|0|0	37200
408	12	78	600	4	200000	100000	100000	50000	4000	7	2	allsect_firedamage_v	1032|0|0	steallife_v	2064|0|0	37800
409	12	79	600	4	200000	100000	100000	50000	4000	7	2	allsect_firedamage_v	1041|0|0	steallife_v	2083|0|0	38400
410	12	80	600	4	200000	100000	100000	50000	4000	8	2	allsect_firedamage_v	1075|0|0	steallife_v	2150|0|0	39000
411	12	81	700	5	200000	100000	100000	50000	5000	8	2	allsect_firedamage_v	1085|0|0	steallife_v	2170|0|0	39700
412	12	82	700	5	200000	100000	100000	50000	5000	8	2	allsect_firedamage_v	1095|0|0	steallife_v	2189|0|0	40400
413	12	83	700	5	200000	100000	100000	50000	5000	8	2	allsect_firedamage_v	1104|0|0	steallife_v	2209|0|0	41100
414	12	84	700	5	200000	100000	100000	50000	5000	8	2	allsect_firedamage_v	1114|0|0	steallife_v	2228|0|0	41800
415	12	85	700	5	200000	100000	100000	50000	5000	8	2	allsect_firedamage_v	1124|0|0	steallife_v	2248|0|0	42500
416	12	86	700	5	200000	100000	100000	50000	5000	8	2	allsect_firedamage_v	1134|0|0	steallife_v	2268|0|0	43200
417	12	87	700	5	200000	100000	100000	50000	5000	8	2	allsect_firedamage_v	1144|0|0	steallife_v	2287|0|0	43900
418	12	88	700	5	200000	100000	100000	50000	5000	8	2	allsect_firedamage_v	1153|0|0	steallife_v	2307|0|0	44600
419	12	89	700	5	200000	100000	100000	50000	5000	8	2	allsect_firedamage_v	1163|0|0	steallife_v	2326|0|0	45300
420	12	90	700	5	200000	100000	100000	50000	5000	9	2	allsect_firedamage_v	1198|0|0	steallife_v	2395|0|0	46000
421	12	91	700	5	200000	100000	100000	50000	5000	9	2	allsect_firedamage_v	1206|0|0	steallife_v	2412|0|0	46700
422	12	92	700	5	200000	100000	100000	50000	5000	9	2	allsect_firedamage_v	1214|0|0	steallife_v	2429|0|0	47400
423	12	93	700	5	200000	100000	100000	50000	5000	9	2	allsect_firedamage_v	1223|0|0	steallife_v	2445|0|0	48100
424	12	94	700	5	200000	100000	100000	50000	5000	9	2	allsect_firedamage_v	1231|0|0	steallife_v	2462|0|0	48800
425	12	95	700	5	200000	100000	100000	50000	5000	9	2	allsect_firedamage_v	1240|0|0	steallife_v	2479|0|0	49500
426	12	96	700	5	200000	100000	100000	50000	5000	9	2	allsect_firedamage_v	1248|0|0	steallife_v	2496|0|0	50200
427	12	97	700	5	200000	100000	100000	50000	5000	9	2	allsect_firedamage_v	1256|0|0	steallife_v	2513|0|0	50900
428	12	98	700	5	200000	100000	100000	50000	5000	9	2	allsect_firedamage_v	1265|0|0	steallife_v	2529|0|0	51600
429	12	99	700	5	200000	100000	100000	50000	5000	9	2	allsect_firedamage_v	1273|0|0	steallife_v	2546|0|0	52300
430	12	100	700	5	200000	100000	100000	50000	5000	10	2	allsect_firedamage_v	1303|0|0	steallife_v	2605|0|0	53000
431	12	101	700	5	200000	100000	100000	50000	5000	10	2	allsect_firedamage_v	1310|0|0	steallife_v	2619|0|0	53700
432	12	102	700	5	200000	100000	100000	50000	5000	10	2	allsect_firedamage_v	1317|0|0	steallife_v	2633|0|0	54400
433	12	103	700	5	200000	100000	100000	50000	5000	10	2	allsect_firedamage_v	1324|0|0	steallife_v	2647|0|0	55100
434	12	104	700	5	200000	100000	100000	50000	5000	10	2	allsect_firedamage_v	1331|0|0	steallife_v	2661|0|0	55800
435	12	105	700	5	200000	100000	100000	50000	5000	10	2	allsect_firedamage_v	1338|0|0	steallife_v	2675|0|0	56500
436	12	106	700	5	200000	100000	100000	50000	5000	10	2	allsect_firedamage_v	1345|0|0	steallife_v	2689|0|0	57200
437	12	107	700	5	200000	100000	100000	50000	5000	10	2	allsect_firedamage_v	1352|0|0	steallife_v	2703|0|0	57900
438	12	108	700	5	200000	100000	100000	50000	5000	10	2	allsect_firedamage_v	1359|0|0	steallife_v	2717|0|0	58600
439	12	109	700	5	200000	100000	100000	50000	5000	10	2	allsect_firedamage_v	1366|0|0	steallife_v	2731|0|0	59300
440	12	110	700	5	200000	100000	100000	50000	5000	11	2	allsect_firedamage_v	1390|0|0	steallife_v	2780|0|0	60000
441	13	1	300	2	200000	100000	100000	50000	2000	0	2	allsect_earthdamage_v	9|0|0	energy_v	9|0|0	300
442	13	2	300	2	200000	100000	100000	50000	2000	0	2	allsect_earthdamage_v	18|0|0	energy_v	18|0|0	600
443	13	3	300	2	200000	100000	100000	50000	2000	0	2	allsect_earthdamage_v	27|0|0	energy_v	27|0|0	900
444	13	4	300	2	200000	100000	100000	50000	2000	0	2	allsect_earthdamage_v	36|0|0	energy_v	36|0|0	1200
445	13	5	300	2	200000	100000	100000	50000	2000	0	2	allsect_earthdamage_v	45|0|0	energy_v	45|0|0	1500
446	13	6	300	2	200000	100000	100000	50000	2000	0	2	allsect_earthdamage_v	54|0|0	energy_v	54|0|0	1800
447	13	7	300	2	200000	100000	100000	50000	2000	0	2	allsect_earthdamage_v	63|0|0	energy_v	63|0|0	2100
448	13	8	300	2	200000	100000	100000	50000	2000	0	2	allsect_earthdamage_v	72|0|0	energy_v	72|0|0	2400
449	13	9	300	2	200000	100000	100000	50000	2000	0	2	allsect_earthdamage_v	81|0|0	energy_v	81|0|0	2700
450	13	10	300	2	200000	100000	100000	50000	2000	1	2	allsect_earthdamage_v	113|0|0	energy_v	113|0|0	3000
451	13	11	400	3	200000	100000	100000	50000	3000	1	2	allsect_earthdamage_v	124|0|0	energy_v	124|0|0	3400
452	13	12	400	3	200000	100000	100000	50000	3000	1	2	allsect_earthdamage_v	135|0|0	energy_v	135|0|0	3800
453	13	13	400	3	200000	100000	100000	50000	3000	1	2	allsect_earthdamage_v	146|0|0	energy_v	146|0|0	4200
454	13	14	400	3	200000	100000	100000	50000	3000	1	2	allsect_earthdamage_v	157|0|0	energy_v	157|0|0	4600
455	13	15	400	3	200000	100000	100000	50000	3000	1	2	allsect_earthdamage_v	169|0|0	energy_v	169|0|0	5000
456	13	16	400	3	200000	100000	100000	50000	3000	1	2	allsect_earthdamage_v	180|0|0	energy_v	180|0|0	5400
457	13	17	400	3	200000	100000	100000	50000	3000	1	2	allsect_earthdamage_v	191|0|0	energy_v	191|0|0	5800
458	13	18	400	3	200000	100000	100000	50000	3000	1	2	allsect_earthdamage_v	202|0|0	energy_v	202|0|0	6200
459	13	19	400	3	200000	100000	100000	50000	3000	1	2	allsect_earthdamage_v	213|0|0	energy_v	213|0|0	6600
460	13	20	400	3	200000	100000	100000	50000	3000	2	2	allsect_earthdamage_v	253|0|0	energy_v	253|0|0	7000
461	13	21	400	3	200000	100000	100000	50000	3000	2	2	allsect_earthdamage_v	263|0|0	energy_v	263|0|0	7400
462	13	22	400	3	200000	100000	100000	50000	3000	2	2	allsect_earthdamage_v	273|0|0	energy_v	273|0|0	7800
463	13	23	400	3	200000	100000	100000	50000	3000	2	2	allsect_earthdamage_v	284|0|0	energy_v	284|0|0	8200
464	13	24	400	3	200000	100000	100000	50000	3000	2	2	allsect_earthdamage_v	294|0|0	energy_v	294|0|0	8600
465	13	25	400	3	200000	100000	100000	50000	3000	2	2	allsect_earthdamage_v	305|0|0	energy_v	305|0|0	9000
466	13	26	400	3	200000	100000	100000	50000	3000	2	2	allsect_earthdamage_v	315|0|0	energy_v	315|0|0	9400
467	13	27	400	3	200000	100000	100000	50000	3000	2	2	allsect_earthdamage_v	325|0|0	energy_v	325|0|0	9800
468	13	28	400	3	200000	100000	100000	50000	3000	2	2	allsect_earthdamage_v	336|0|0	energy_v	336|0|0	10200
469	13	29	400	3	200000	100000	100000	50000	3000	2	2	allsect_earthdamage_v	346|0|0	energy_v	346|0|0	10600
470	13	30	400	3	200000	100000	100000	50000	3000	3	2	allsect_earthdamage_v	383|0|0	energy_v	383|0|0	11000
471	13	31	500	4	200000	100000	100000	50000	4000	3	2	allsect_earthdamage_v	395|0|0	energy_v	395|0|0	11500
472	13	32	500	4	200000	100000	100000	50000	4000	3	2	allsect_earthdamage_v	407|0|0	energy_v	407|0|0	12000
473	13	33	500	4	200000	100000	100000	50000	4000	3	2	allsect_earthdamage_v	419|0|0	energy_v	419|0|0	12500
474	13	34	500	4	200000	100000	100000	50000	4000	3	2	allsect_earthdamage_v	431|0|0	energy_v	431|0|0	13000
475	13	35	500	4	200000	100000	100000	50000	4000	3	2	allsect_earthdamage_v	443|0|0	energy_v	443|0|0	13500
476	13	36	500	4	200000	100000	100000	50000	4000	3	2	allsect_earthdamage_v	455|0|0	energy_v	455|0|0	14000
477	13	37	500	4	200000	100000	100000	50000	4000	3	2	allsect_earthdamage_v	467|0|0	energy_v	467|0|0	14500
478	13	38	500	4	200000	100000	100000	50000	4000	3	2	allsect_earthdamage_v	479|0|0	energy_v	479|0|0	15000
479	13	39	500	4	200000	100000	100000	50000	4000	3	2	allsect_earthdamage_v	491|0|0	energy_v	491|0|0	15500
480	13	40	500	4	200000	100000	100000	50000	4000	4	2	allsect_earthdamage_v	533|0|0	energy_v	533|0|0	16000
481	13	41	500	4	200000	100000	100000	50000	4000	4	2	allsect_earthdamage_v	544|0|0	energy_v	544|0|0	16500
482	13	42	500	4	200000	100000	100000	50000	4000	4	2	allsect_earthdamage_v	555|0|0	energy_v	555|0|0	17000
483	13	43	500	4	200000	100000	100000	50000	4000	4	2	allsect_earthdamage_v	566|0|0	energy_v	566|0|0	17500
484	13	44	500	4	200000	100000	100000	50000	4000	4	2	allsect_earthdamage_v	577|0|0	energy_v	577|0|0	18000
485	13	45	500	4	200000	100000	100000	50000	4000	4	2	allsect_earthdamage_v	588|0|0	energy_v	588|0|0	18500
486	13	46	500	4	200000	100000	100000	50000	4000	4	2	allsect_earthdamage_v	599|0|0	energy_v	599|0|0	19000
487	13	47	500	4	200000	100000	100000	50000	4000	4	2	allsect_earthdamage_v	610|0|0	energy_v	610|0|0	19500
488	13	48	500	4	200000	100000	100000	50000	4000	4	2	allsect_earthdamage_v	621|0|0	energy_v	621|0|0	20000
489	13	49	500	4	200000	100000	100000	50000	4000	4	2	allsect_earthdamage_v	632|0|0	energy_v	632|0|0	20500
490	13	50	500	4	200000	100000	100000	50000	4000	5	2	allsect_earthdamage_v	670|0|0	energy_v	670|0|0	21000
491	13	51	600	4	200000	100000	100000	50000	4000	5	2	allsect_earthdamage_v	682|0|0	energy_v	682|0|0	21600
492	13	52	600	4	200000	100000	100000	50000	4000	5	2	allsect_earthdamage_v	694|0|0	energy_v	694|0|0	22200
493	13	53	600	4	200000	100000	100000	50000	4000	5	2	allsect_earthdamage_v	706|0|0	energy_v	706|0|0	22800
494	13	54	600	4	200000	100000	100000	50000	4000	5	2	allsect_earthdamage_v	718|0|0	energy_v	718|0|0	23400
495	13	55	600	4	200000	100000	100000	50000	4000	5	2	allsect_earthdamage_v	730|0|0	energy_v	730|0|0	24000
496	13	56	600	4	200000	100000	100000	50000	4000	5	2	allsect_earthdamage_v	742|0|0	energy_v	742|0|0	24600
497	13	57	600	4	200000	100000	100000	50000	4000	5	2	allsect_earthdamage_v	754|0|0	energy_v	754|0|0	25200
498	13	58	600	4	200000	100000	100000	50000	4000	5	2	allsect_earthdamage_v	766|0|0	energy_v	766|0|0	25800
499	13	59	600	4	200000	100000	100000	50000	4000	5	2	allsect_earthdamage_v	778|0|0	energy_v	778|0|0	26400
500	13	60	600	4	200000	100000	100000	50000	4000	6	2	allsect_earthdamage_v	820|0|0	energy_v	820|0|0	27000
501	13	61	600	4	200000	100000	100000	50000	4000	6	2	allsect_earthdamage_v	831|0|0	energy_v	831|0|0	27600
502	13	62	600	4	200000	100000	100000	50000	4000	6	2	allsect_earthdamage_v	842|0|0	energy_v	842|0|0	28200
503	13	63	600	4	200000	100000	100000	50000	4000	6	2	allsect_earthdamage_v	852|0|0	energy_v	852|0|0	28800
504	13	64	600	4	200000	100000	100000	50000	4000	6	2	allsect_earthdamage_v	863|0|0	energy_v	863|0|0	29400
505	13	65	600	4	200000	100000	100000	50000	4000	6	2	allsect_earthdamage_v	874|0|0	energy_v	874|0|0	30000
506	13	66	600	4	200000	100000	100000	50000	4000	6	2	allsect_earthdamage_v	885|0|0	energy_v	885|0|0	30600
507	13	67	600	4	200000	100000	100000	50000	4000	6	2	allsect_earthdamage_v	896|0|0	energy_v	896|0|0	31200
508	13	68	600	4	200000	100000	100000	50000	4000	6	2	allsect_earthdamage_v	906|0|0	energy_v	906|0|0	31800
509	13	69	600	4	200000	100000	100000	50000	4000	6	2	allsect_earthdamage_v	917|0|0	energy_v	917|0|0	32400
510	13	70	600	4	200000	100000	100000	50000	4000	7	2	allsect_earthdamage_v	955|0|0	energy_v	955|0|0	33000
511	13	71	600	4	200000	100000	100000	50000	4000	7	2	allsect_earthdamage_v	965|0|0	energy_v	965|0|0	33600
512	13	72	600	4	200000	100000	100000	50000	4000	7	2	allsect_earthdamage_v	974|0|0	energy_v	974|0|0	34200
513	13	73	600	4	200000	100000	100000	50000	4000	7	2	allsect_earthdamage_v	984|0|0	energy_v	984|0|0	34800
514	13	74	600	4	200000	100000	100000	50000	4000	7	2	allsect_earthdamage_v	993|0|0	energy_v	993|0|0	35400
515	13	75	600	4	200000	100000	100000	50000	4000	7	2	allsect_earthdamage_v	1003|0|0	energy_v	1003|0|0	36000
516	13	76	600	4	200000	100000	100000	50000	4000	7	2	allsect_earthdamage_v	1013|0|0	energy_v	1013|0|0	36600
517	13	77	600	4	200000	100000	100000	50000	4000	7	2	allsect_earthdamage_v	1022|0|0	energy_v	1022|0|0	37200
518	13	78	600	4	200000	100000	100000	50000	4000	7	2	allsect_earthdamage_v	1032|0|0	energy_v	1032|0|0	37800
519	13	79	600	4	200000	100000	100000	50000	4000	7	2	allsect_earthdamage_v	1041|0|0	energy_v	1041|0|0	38400
520	13	80	600	4	200000	100000	100000	50000	4000	8	2	allsect_earthdamage_v	1075|0|0	energy_v	1075|0|0	39000
521	13	81	700	5	200000	100000	100000	50000	5000	8	2	allsect_earthdamage_v	1085|0|0	energy_v	1085|0|0	39700
522	13	82	700	5	200000	100000	100000	50000	5000	8	2	allsect_earthdamage_v	1095|0|0	energy_v	1095|0|0	40400
523	13	83	700	5	200000	100000	100000	50000	5000	8	2	allsect_earthdamage_v	1104|0|0	energy_v	1104|0|0	41100
524	13	84	700	5	200000	100000	100000	50000	5000	8	2	allsect_earthdamage_v	1114|0|0	energy_v	1114|0|0	41800
525	13	85	700	5	200000	100000	100000	50000	5000	8	2	allsect_earthdamage_v	1124|0|0	energy_v	1124|0|0	42500
526	13	86	700	5	200000	100000	100000	50000	5000	8	2	allsect_earthdamage_v	1134|0|0	energy_v	1134|0|0	43200
527	13	87	700	5	200000	100000	100000	50000	5000	8	2	allsect_earthdamage_v	1144|0|0	energy_v	1144|0|0	43900
528	13	88	700	5	200000	100000	100000	50000	5000	8	2	allsect_earthdamage_v	1153|0|0	energy_v	1153|0|0	44600
529	13	89	700	5	200000	100000	100000	50000	5000	8	2	allsect_earthdamage_v	1163|0|0	energy_v	1163|0|0	45300
530	13	90	700	5	200000	100000	100000	50000	5000	9	2	allsect_earthdamage_v	1198|0|0	energy_v	1198|0|0	46000
531	13	91	700	5	200000	100000	100000	50000	5000	9	2	allsect_earthdamage_v	1206|0|0	energy_v	1206|0|0	46700
532	13	92	700	5	200000	100000	100000	50000	5000	9	2	allsect_earthdamage_v	1214|0|0	energy_v	1214|0|0	47400
533	13	93	700	5	200000	100000	100000	50000	5000	9	2	allsect_earthdamage_v	1223|0|0	energy_v	1223|0|0	48100
534	13	94	700	5	200000	100000	100000	50000	5000	9	2	allsect_earthdamage_v	1231|0|0	energy_v	1231|0|0	48800
535	13	95	700	5	200000	100000	100000	50000	5000	9	2	allsect_earthdamage_v	1240|0|0	energy_v	1240|0|0	49500
536	13	96	700	5	200000	100000	100000	50000	5000	9	2	allsect_earthdamage_v	1248|0|0	energy_v	1248|0|0	50200
537	13	97	700	5	200000	100000	100000	50000	5000	9	2	allsect_earthdamage_v	1256|0|0	energy_v	1256|0|0	50900
538	13	98	700	5	200000	100000	100000	50000	5000	9	2	allsect_earthdamage_v	1265|0|0	energy_v	1265|0|0	51600
539	13	99	700	5	200000	100000	100000	50000	5000	9	2	allsect_earthdamage_v	1273|0|0	energy_v	1273|0|0	52300
540	13	100	700	5	200000	100000	100000	50000	5000	10	2	allsect_earthdamage_v	1303|0|0	energy_v	1303|0|0	53000
541	13	101	700	5	200000	100000	100000	50000	5000	10	2	allsect_earthdamage_v	1310|0|0	energy_v	1310|0|0	53700
542	13	102	700	5	200000	100000	100000	50000	5000	10	2	allsect_earthdamage_v	1317|0|0	energy_v	1317|0|0	54400
543	13	103	700	5	200000	100000	100000	50000	5000	10	2	allsect_earthdamage_v	1324|0|0	energy_v	1324|0|0	55100
544	13	104	700	5	200000	100000	100000	50000	5000	10	2	allsect_earthdamage_v	1331|0|0	energy_v	1331|0|0	55800
545	13	105	700	5	200000	100000	100000	50000	5000	10	2	allsect_earthdamage_v	1338|0|0	energy_v	1338|0|0	56500
546	13	106	700	5	200000	100000	100000	50000	5000	10	2	allsect_earthdamage_v	1345|0|0	energy_v	1345|0|0	57200
547	13	107	700	5	200000	100000	100000	50000	5000	10	2	allsect_earthdamage_v	1352|0|0	energy_v	1352|0|0	57900
548	13	108	700	5	200000	100000	100000	50000	5000	10	2	allsect_earthdamage_v	1359|0|0	energy_v	1359|0|0	58600
549	13	109	700	5	200000	100000	100000	50000	5000	10	2	allsect_earthdamage_v	1366|0|0	energy_v	1366|0|0	59300
550	13	110	700	5	200000	100000	100000	50000	5000	11	2	allsect_earthdamage_v	1390|0|0	energy_v	1390|0|0	60000
551	9	111	700	5	200000	100000	100000	50000	5000	11	2	allsect_metaldamage_v	1397|0|0	lifemax_q	771.3|0|0	60700
552	9	112	700	5	200000	100000	100000	50000	5000	11	2	allsect_metaldamage_v	1404|0|0	lifemax_q	773.5|0|0	61400
553	9	113	700	5	200000	100000	100000	50000	5000	11	2	allsect_metaldamage_v	1411|0|0	lifemax_q	775.7|0|0	62100
554	9	114	700	5	200000	100000	100000	50000	5000	11	2	allsect_metaldamage_v	1418|0|0	lifemax_q	777.9|0|0	62800
555	9	115	700	5	200000	100000	100000	50000	5000	11	2	allsect_metaldamage_v	1425|0|0	lifemax_q	780.1|0|0	63500
556	9	116	700	5	200000	100000	100000	50000	5000	11	2	allsect_metaldamage_v	1432|0|0	lifemax_q	782.3|0|0	64200
557	9	117	700	5	200000	100000	100000	50000	5000	11	2	allsect_metaldamage_v	1439|0|0	lifemax_q	784.5|0|0	64900
558	9	118	700	5	200000	100000	100000	50000	5000	11	2	allsect_metaldamage_v	1446|0|0	lifemax_q	786.7|0|0	65600
559	9	119	700	5	200000	100000	100000	50000	5000	11	2	allsect_metaldamage_v	1453|0|0	lifemax_q	788.9|0|0	66300
560	9	120	700	5	200000	100000	100000	50000	5000	12	2	allsect_metaldamage_v	1478|0|0	lifemax_q	796.7|0|0	67000
561	9	121	700	5	200000	100000	100000	50000	5000	12	2	allsect_metaldamage_v	1485|0|0	lifemax_q	798.9|0|0	67700
562	9	122	700	5	200000	100000	100000	50000	5000	12	2	allsect_metaldamage_v	1492|0|0	lifemax_q	801.1|0|0	68400
563	9	123	700	5	200000	100000	100000	50000	5000	12	2	allsect_metaldamage_v	1499|0|0	lifemax_q	803.3|0|0	69100
564	9	124	700	5	200000	100000	100000	50000	5000	12	2	allsect_metaldamage_v	1506|0|0	lifemax_q	805.5|0|0	69800
565	9	125	700	5	200000	100000	100000	50000	5000	12	2	allsect_metaldamage_v	1513|0|0	lifemax_q	807.7|0|0	70500
566	9	126	700	5	200000	100000	100000	50000	5000	12	2	allsect_metaldamage_v	1520|0|0	lifemax_q	809.9|0|0	71200
567	9	127	700	5	200000	100000	100000	50000	5000	12	2	allsect_metaldamage_v	1527|0|0	lifemax_q	812.1|0|0	71900
568	9	128	700	5	200000	100000	100000	50000	5000	12	2	allsect_metaldamage_v	1534|0|0	lifemax_q	814.3|0|0	72600
569	9	129	700	5	200000	100000	100000	50000	5000	12	2	allsect_metaldamage_v	1541|0|0	lifemax_q	816.5|0|0	73300
570	9	130	700	5	200000	100000	100000	50000	5000	13	2	allsect_metaldamage_v	1565|0|0	lifemax_q	824.3|0|0	74000
571	9	131	700	5	200000	100000	100000	50000	5000	13	2	allsect_metaldamage_v	1572|0|0	lifemax_q	826.5|0|0	74700
572	9	132	700	5	200000	100000	100000	50000	5000	13	2	allsect_metaldamage_v	1579|0|0	lifemax_q	828.7|0|0	75400
573	9	133	700	5	200000	100000	100000	50000	5000	13	2	allsect_metaldamage_v	1586|0|0	lifemax_q	830.9|0|0	76100
574	9	134	700	5	200000	100000	100000	50000	5000	13	2	allsect_metaldamage_v	1593|0|0	lifemax_q	833.1|0|0	76800
575	9	135	700	5	200000	100000	100000	50000	5000	13	2	allsect_metaldamage_v	1600|0|0	lifemax_q	835.3|0|0	77500
576	9	136	700	5	200000	100000	100000	50000	5000	13	2	allsect_metaldamage_v	1607|0|0	lifemax_q	837.5|0|0	78200
577	9	137	700	5	200000	100000	100000	50000	5000	13	2	allsect_metaldamage_v	1614|0|0	lifemax_q	839.7|0|0	78900
578	9	138	700	5	200000	100000	100000	50000	5000	13	2	allsect_metaldamage_v	1621|0|0	lifemax_q	841.9|0|0	79600
579	9	139	700	5	200000	100000	100000	50000	5000	13	2	allsect_metaldamage_v	1628|0|0	lifemax_q	844.1|0|0	80300
580	9	140	700	5	200000	100000	100000	50000	5000	14	2	allsect_metaldamage_v	1653|0|0	lifemax_q	851.9|0|0	81000
581	9	141	700	5	200000	100000	100000	50000	5000	14	2	allsect_metaldamage_v	1660|0|0	lifemax_q	854.1|0|0	81700
582	9	142	700	5	200000	100000	100000	50000	5000	14	2	allsect_metaldamage_v	1667|0|0	lifemax_q	856.3|0|0	82400
583	9	143	700	5	200000	100000	100000	50000	5000	14	2	allsect_metaldamage_v	1674|0|0	lifemax_q	858.5|0|0	83100
584	9	144	700	5	200000	100000	100000	50000	5000	14	2	allsect_metaldamage_v	1681|0|0	lifemax_q	860.7|0|0	83800
585	9	145	700	5	200000	100000	100000	50000	5000	14	2	allsect_metaldamage_v	1688|0|0	lifemax_q	862.9|0|0	84500
586	9	146	700	5	200000	100000	100000	50000	5000	14	2	allsect_metaldamage_v	1695|0|0	lifemax_q	865.1|0|0	85200
587	9	147	700	5	200000	100000	100000	50000	5000	14	2	allsect_metaldamage_v	1702|0|0	lifemax_q	867.3|0|0	85900
588	9	148	700	5	200000	100000	100000	50000	5000	14	2	allsect_metaldamage_v	1709|0|0	lifemax_q	869.5|0|0	86600
589	9	149	700	5	200000	100000	100000	50000	5000	14	2	allsect_metaldamage_v	1716|0|0	lifemax_q	871.7|0|0	87300
590	9	150	700	5	200000	100000	100000	50000	5000	15	2	allsect_metaldamage_v	1740|0|0	lifemax_q	879.5|0|0	88000
591	9	151	700	5	200000	100000	100000	50000	5000	15	2	allsect_metaldamage_v	1747|0|0	lifemax_q	881.7|0|0	88700
592	9	152	700	5	200000	100000	100000	50000	5000	15	2	allsect_metaldamage_v	1754|0|0	lifemax_q	883.9|0|0	89400
593	9	153	700	5	200000	100000	100000	50000	5000	15	2	allsect_metaldamage_v	1761|0|0	lifemax_q	886.1|0|0	90100
594	9	154	700	5	200000	100000	100000	50000	5000	15	2	allsect_metaldamage_v	1768|0|0	lifemax_q	888.3|0|0	90800
595	9	155	700	5	200000	100000	100000	50000	5000	15	2	allsect_metaldamage_v	1775|0|0	lifemax_q	890.5|0|0	91500
596	9	156	700	5	200000	100000	100000	50000	5000	15	2	allsect_metaldamage_v	1782|0|0	lifemax_q	892.7|0|0	92200
597	9	157	700	5	200000	100000	100000	50000	5000	15	2	allsect_metaldamage_v	1789|0|0	lifemax_q	894.9|0|0	92900
598	9	158	700	5	200000	100000	100000	50000	5000	15	2	allsect_metaldamage_v	1796|0|0	lifemax_q	897.1|0|0	93600
599	9	159	700	5	200000	100000	100000	50000	5000	15	2	allsect_metaldamage_v	1803|0|0	lifemax_q	899.3|0|0	94300
600	9	160	700	5	200000	100000	100000	50000	5000	16	2	allsect_metaldamage_v	1828|0|0	lifemax_q	907.1|0|0	95000
601	11	111	700	5	200000	100000	100000	50000	5000	11	2	allsect_waterdamage_v	1397|0|0	vitality_v	1397|0|0	60700
602	11	112	700	5	200000	100000	100000	50000	5000	11	2	allsect_waterdamage_v	1404|0|0	vitality_v	1404|0|0	61400
603	11	113	700	5	200000	100000	100000	50000	5000	11	2	allsect_waterdamage_v	1411|0|0	vitality_v	1411|0|0	62100
604	11	114	700	5	200000	100000	100000	50000	5000	11	2	allsect_waterdamage_v	1418|0|0	vitality_v	1418|0|0	62800
605	11	115	700	5	200000	100000	100000	50000	5000	11	2	allsect_waterdamage_v	1425|0|0	vitality_v	1425|0|0	63500
606	11	116	700	5	200000	100000	100000	50000	5000	11	2	allsect_waterdamage_v	1432|0|0	vitality_v	1432|0|0	64200
607	11	117	700	5	200000	100000	100000	50000	5000	11	2	allsect_waterdamage_v	1439|0|0	vitality_v	1439|0|0	64900
608	11	118	700	5	200000	100000	100000	50000	5000	11	2	allsect_waterdamage_v	1446|0|0	vitality_v	1446|0|0	65600
609	11	119	700	5	200000	100000	100000	50000	5000	11	2	allsect_waterdamage_v	1453|0|0	vitality_v	1453|0|0	66300
610	11	120	700	5	200000	100000	100000	50000	5000	12	2	allsect_waterdamage_v	1478|0|0	vitality_v	1478|0|0	67000
611	11	121	700	5	200000	100000	100000	50000	5000	12	2	allsect_waterdamage_v	1485|0|0	vitality_v	1485|0|0	67700
612	11	122	700	5	200000	100000	100000	50000	5000	12	2	allsect_waterdamage_v	1492|0|0	vitality_v	1492|0|0	68400
613	11	123	700	5	200000	100000	100000	50000	5000	12	2	allsect_waterdamage_v	1499|0|0	vitality_v	1499|0|0	69100
614	11	124	700	5	200000	100000	100000	50000	5000	12	2	allsect_waterdamage_v	1506|0|0	vitality_v	1506|0|0	69800
615	11	125	700	5	200000	100000	100000	50000	5000	12	2	allsect_waterdamage_v	1513|0|0	vitality_v	1513|0|0	70500
616	11	126	700	5	200000	100000	100000	50000	5000	12	2	allsect_waterdamage_v	1520|0|0	vitality_v	1520|0|0	71200
617	11	127	700	5	200000	100000	100000	50000	5000	12	2	allsect_waterdamage_v	1527|0|0	vitality_v	1527|0|0	71900
618	11	128	700	5	200000	100000	100000	50000	5000	12	2	allsect_waterdamage_v	1534|0|0	vitality_v	1534|0|0	72600
619	11	129	700	5	200000	100000	100000	50000	5000	12	2	allsect_waterdamage_v	1541|0|0	vitality_v	1541|0|0	73300
620	11	130	700	5	200000	100000	100000	50000	5000	13	2	allsect_waterdamage_v	1565|0|0	vitality_v	1565|0|0	74000
621	11	131	700	5	200000	100000	100000	50000	5000	13	2	allsect_waterdamage_v	1572|0|0	vitality_v	1572|0|0	74700
622	11	132	700	5	200000	100000	100000	50000	5000	13	2	allsect_waterdamage_v	1579|0|0	vitality_v	1579|0|0	75400
623	11	133	700	5	200000	100000	100000	50000	5000	13	2	allsect_waterdamage_v	1586|0|0	vitality_v	1586|0|0	76100
624	11	134	700	5	200000	100000	100000	50000	5000	13	2	allsect_waterdamage_v	1593|0|0	vitality_v	1593|0|0	76800
625	11	135	700	5	200000	100000	100000	50000	5000	13	2	allsect_waterdamage_v	1600|0|0	vitality_v	1600|0|0	77500
626	11	136	700	5	200000	100000	100000	50000	5000	13	2	allsect_waterdamage_v	1607|0|0	vitality_v	1607|0|0	78200
627	11	137	700	5	200000	100000	100000	50000	5000	13	2	allsect_waterdamage_v	1614|0|0	vitality_v	1614|0|0	78900
628	11	138	700	5	200000	100000	100000	50000	5000	13	2	allsect_waterdamage_v	1621|0|0	vitality_v	1621|0|0	79600
629	11	139	700	5	200000	100000	100000	50000	5000	13	2	allsect_waterdamage_v	1628|0|0	vitality_v	1628|0|0	80300
630	11	140	700	5	200000	100000	100000	50000	5000	14	2	allsect_waterdamage_v	1653|0|0	vitality_v	1653|0|0	81000
631	11	141	700	5	200000	100000	100000	50000	5000	14	2	allsect_waterdamage_v	1660|0|0	vitality_v	1660|0|0	81700
632	11	142	700	5	200000	100000	100000	50000	5000	14	2	allsect_waterdamage_v	1667|0|0	vitality_v	1667|0|0	82400
633	11	143	700	5	200000	100000	100000	50000	5000	14	2	allsect_waterdamage_v	1674|0|0	vitality_v	1674|0|0	83100
634	11	144	700	5	200000	100000	100000	50000	5000	14	2	allsect_waterdamage_v	1681|0|0	vitality_v	1681|0|0	83800
635	11	145	700	5	200000	100000	100000	50000	5000	14	2	allsect_waterdamage_v	1688|0|0	vitality_v	1688|0|0	84500
636	11	146	700	5	200000	100000	100000	50000	5000	14	2	allsect_waterdamage_v	1695|0|0	vitality_v	1695|0|0	85200
637	11	147	700	5	200000	100000	100000	50000	5000	14	2	allsect_waterdamage_v	1702|0|0	vitality_v	1702|0|0	85900
638	11	148	700	5	200000	100000	100000	50000	5000	14	2	allsect_waterdamage_v	1709|0|0	vitality_v	1709|0|0	86600
639	11	149	700	5	200000	100000	100000	50000	5000	14	2	allsect_waterdamage_v	1716|0|0	vitality_v	1716|0|0	87300
640	11	150	700	5	200000	100000	100000	50000	5000	15	2	allsect_waterdamage_v	1740|0|0	vitality_v	1740|0|0	88000
641	11	151	700	5	200000	100000	100000	50000	5000	15	2	allsect_waterdamage_v	1747|0|0	vitality_v	1747|0|0	88700
642	11	152	700	5	200000	100000	100000	50000	5000	15	2	allsect_waterdamage_v	1754|0|0	vitality_v	1754|0|0	89400
643	11	153	700	5	200000	100000	100000	50000	5000	15	2	allsect_waterdamage_v	1761|0|0	vitality_v	1761|0|0	90100
644	11	154	700	5	200000	100000	100000	50000	5000	15	2	allsect_waterdamage_v	1768|0|0	vitality_v	1768|0|0	90800
645	11	155	700	5	200000	100000	100000	50000	5000	15	2	allsect_waterdamage_v	1775|0|0	vitality_v	1775|0|0	91500
646	11	156	700	5	200000	100000	100000	50000	5000	15	2	allsect_waterdamage_v	1782|0|0	vitality_v	1782|0|0	92200
647	11	157	700	5	200000	100000	100000	50000	5000	15	2	allsect_waterdamage_v	1789|0|0	vitality_v	1789|0|0	92900
648	11	158	700	5	200000	100000	100000	50000	5000	15	2	allsect_waterdamage_v	1796|0|0	vitality_v	1796|0|0	93600
649	11	159	700	5	200000	100000	100000	50000	5000	15	2	allsect_waterdamage_v	1803|0|0	vitality_v	1803|0|0	94300
650	11	160	700	5	200000	100000	100000	50000	5000	16	2	allsect_waterdamage_v	1828|0|0	vitality_v	1828|0|0	95000
651	10	111	700	5	200000	100000	100000	50000	5000	11	2	allsect_wooddamage_v	1397|0|0	weaken_deadlystrike_damage_v	1397|0|0	60700
652	10	112	700	5	200000	100000	100000	50000	5000	11	2	allsect_wooddamage_v	1404|0|0	weaken_deadlystrike_damage_v	1404|0|0	61400
653	10	113	700	5	200000	100000	100000	50000	5000	11	2	allsect_wooddamage_v	1411|0|0	weaken_deadlystrike_damage_v	1411|0|0	62100
654	10	114	700	5	200000	100000	100000	50000	5000	11	2	allsect_wooddamage_v	1418|0|0	weaken_deadlystrike_damage_v	1418|0|0	62800
655	10	115	700	5	200000	100000	100000	50000	5000	11	2	allsect_wooddamage_v	1425|0|0	weaken_deadlystrike_damage_v	1425|0|0	63500
656	10	116	700	5	200000	100000	100000	50000	5000	11	2	allsect_wooddamage_v	1432|0|0	weaken_deadlystrike_damage_v	1432|0|0	64200
657	10	117	700	5	200000	100000	100000	50000	5000	11	2	allsect_wooddamage_v	1439|0|0	weaken_deadlystrike_damage_v	1439|0|0	64900
658	10	118	700	5	200000	100000	100000	50000	5000	11	2	allsect_wooddamage_v	1446|0|0	weaken_deadlystrike_damage_v	1446|0|0	65600
659	10	119	700	5	200000	100000	100000	50000	5000	11	2	allsect_wooddamage_v	1453|0|0	weaken_deadlystrike_damage_v	1453|0|0	66300
660	10	120	700	5	200000	100000	100000	50000	5000	12	2	allsect_wooddamage_v	1478|0|0	weaken_deadlystrike_damage_v	1478|0|0	67000
661	10	121	700	5	200000	100000	100000	50000	5000	12	2	allsect_wooddamage_v	1485|0|0	weaken_deadlystrike_damage_v	1485|0|0	67700
662	10	122	700	5	200000	100000	100000	50000	5000	12	2	allsect_wooddamage_v	1492|0|0	weaken_deadlystrike_damage_v	1492|0|0	68400
663	10	123	700	5	200000	100000	100000	50000	5000	12	2	allsect_wooddamage_v	1499|0|0	weaken_deadlystrike_damage_v	1499|0|0	69100
664	10	124	700	5	200000	100000	100000	50000	5000	12	2	allsect_wooddamage_v	1506|0|0	weaken_deadlystrike_damage_v	1506|0|0	69800
665	10	125	700	5	200000	100000	100000	50000	5000	12	2	allsect_wooddamage_v	1513|0|0	weaken_deadlystrike_damage_v	1513|0|0	70500
666	10	126	700	5	200000	100000	100000	50000	5000	12	2	allsect_wooddamage_v	1520|0|0	weaken_deadlystrike_damage_v	1520|0|0	71200
667	10	127	700	5	200000	100000	100000	50000	5000	12	2	allsect_wooddamage_v	1527|0|0	weaken_deadlystrike_damage_v	1527|0|0	71900
668	10	128	700	5	200000	100000	100000	50000	5000	12	2	allsect_wooddamage_v	1534|0|0	weaken_deadlystrike_damage_v	1534|0|0	72600
669	10	129	700	5	200000	100000	100000	50000	5000	12	2	allsect_wooddamage_v	1541|0|0	weaken_deadlystrike_damage_v	1541|0|0	73300
670	10	130	700	5	200000	100000	100000	50000	5000	13	2	allsect_wooddamage_v	1565|0|0	weaken_deadlystrike_damage_v	1565|0|0	74000
671	10	131	700	5	200000	100000	100000	50000	5000	13	2	allsect_wooddamage_v	1572|0|0	weaken_deadlystrike_damage_v	1572|0|0	74700
672	10	132	700	5	200000	100000	100000	50000	5000	13	2	allsect_wooddamage_v	1579|0|0	weaken_deadlystrike_damage_v	1579|0|0	75400
673	10	133	700	5	200000	100000	100000	50000	5000	13	2	allsect_wooddamage_v	1586|0|0	weaken_deadlystrike_damage_v	1586|0|0	76100
674	10	134	700	5	200000	100000	100000	50000	5000	13	2	allsect_wooddamage_v	1593|0|0	weaken_deadlystrike_damage_v	1593|0|0	76800
675	10	135	700	5	200000	100000	100000	50000	5000	13	2	allsect_wooddamage_v	1600|0|0	weaken_deadlystrike_damage_v	1600|0|0	77500
676	10	136	700	5	200000	100000	100000	50000	5000	13	2	allsect_wooddamage_v	1607|0|0	weaken_deadlystrike_damage_v	1607|0|0	78200
677	10	137	700	5	200000	100000	100000	50000	5000	13	2	allsect_wooddamage_v	1614|0|0	weaken_deadlystrike_damage_v	1614|0|0	78900
678	10	138	700	5	200000	100000	100000	50000	5000	13	2	allsect_wooddamage_v	1621|0|0	weaken_deadlystrike_damage_v	1621|0|0	79600
679	10	139	700	5	200000	100000	100000	50000	5000	13	2	allsect_wooddamage_v	1628|0|0	weaken_deadlystrike_damage_v	1628|0|0	80300
680	10	140	700	5	200000	100000	100000	50000	5000	14	2	allsect_wooddamage_v	1653|0|0	weaken_deadlystrike_damage_v	1653|0|0	81000
681	10	141	700	5	200000	100000	100000	50000	5000	14	2	allsect_wooddamage_v	1660|0|0	weaken_deadlystrike_damage_v	1660|0|0	81700
682	10	142	700	5	200000	100000	100000	50000	5000	14	2	allsect_wooddamage_v	1667|0|0	weaken_deadlystrike_damage_v	1667|0|0	82400
683	10	143	700	5	200000	100000	100000	50000	5000	14	2	allsect_wooddamage_v	1674|0|0	weaken_deadlystrike_damage_v	1674|0|0	83100
684	10	144	700	5	200000	100000	100000	50000	5000	14	2	allsect_wooddamage_v	1681|0|0	weaken_deadlystrike_damage_v	1681|0|0	83800
685	10	145	700	5	200000	100000	100000	50000	5000	14	2	allsect_wooddamage_v	1688|0|0	weaken_deadlystrike_damage_v	1688|0|0	84500
686	10	146	700	5	200000	100000	100000	50000	5000	14	2	allsect_wooddamage_v	1695|0|0	weaken_deadlystrike_damage_v	1695|0|0	85200
687	10	147	700	5	200000	100000	100000	50000	5000	14	2	allsect_wooddamage_v	1702|0|0	weaken_deadlystrike_damage_v	1702|0|0	85900
688	10	148	700	5	200000	100000	100000	50000	5000	14	2	allsect_wooddamage_v	1709|0|0	weaken_deadlystrike_damage_v	1709|0|0	86600
689	10	149	700	5	200000	100000	100000	50000	5000	14	2	allsect_wooddamage_v	1716|0|0	weaken_deadlystrike_damage_v	1716|0|0	87300
690	10	150	700	5	200000	100000	100000	50000	5000	15	2	allsect_wooddamage_v	1740|0|0	weaken_deadlystrike_damage_v	1740|0|0	88000
691	10	151	700	5	200000	100000	100000	50000	5000	15	2	allsect_wooddamage_v	1747|0|0	weaken_deadlystrike_damage_v	1747|0|0	88700
692	10	152	700	5	200000	100000	100000	50000	5000	15	2	allsect_wooddamage_v	1754|0|0	weaken_deadlystrike_damage_v	1754|0|0	89400
693	10	153	700	5	200000	100000	100000	50000	5000	15	2	allsect_wooddamage_v	1761|0|0	weaken_deadlystrike_damage_v	1761|0|0	90100
694	10	154	700	5	200000	100000	100000	50000	5000	15	2	allsect_wooddamage_v	1768|0|0	weaken_deadlystrike_damage_v	1768|0|0	90800
695	10	155	700	5	200000	100000	100000	50000	5000	15	2	allsect_wooddamage_v	1775|0|0	weaken_deadlystrike_damage_v	1775|0|0	91500
696	10	156	700	5	200000	100000	100000	50000	5000	15	2	allsect_wooddamage_v	1782|0|0	weaken_deadlystrike_damage_v	1782|0|0	92200
697	10	157	700	5	200000	100000	100000	50000	5000	15	2	allsect_wooddamage_v	1789|0|0	weaken_deadlystrike_damage_v	1789|0|0	92900
698	10	158	700	5	200000	100000	100000	50000	5000	15	2	allsect_wooddamage_v	1796|0|0	weaken_deadlystrike_damage_v	1796|0|0	93600
699	10	159	700	5	200000	100000	100000	50000	5000	15	2	allsect_wooddamage_v	1803|0|0	weaken_deadlystrike_damage_v	1803|0|0	94300
700	10	160	700	5	200000	100000	100000	50000	5000	16	2	allsect_wooddamage_v	1828|0|0	weaken_deadlystrike_damage_v	1828|0|0	95000
701	12	111	700	5	200000	100000	100000	50000	5000	11	2	allsect_firedamage_v	1397|0|0	steallife_v	2794|0|0	60700
702	12	112	700	5	200000	100000	100000	50000	5000	11	2	allsect_firedamage_v	1404|0|0	steallife_v	2808|0|0	61400
703	12	113	700	5	200000	100000	100000	50000	5000	11	2	allsect_firedamage_v	1411|0|0	steallife_v	2822|0|0	62100
704	12	114	700	5	200000	100000	100000	50000	5000	11	2	allsect_firedamage_v	1418|0|0	steallife_v	2836|0|0	62800
705	12	115	700	5	200000	100000	100000	50000	5000	11	2	allsect_firedamage_v	1425|0|0	steallife_v	2850|0|0	63500
706	12	116	700	5	200000	100000	100000	50000	5000	11	2	allsect_firedamage_v	1432|0|0	steallife_v	2864|0|0	64200
707	12	117	700	5	200000	100000	100000	50000	5000	11	2	allsect_firedamage_v	1439|0|0	steallife_v	2878|0|0	64900
708	12	118	700	5	200000	100000	100000	50000	5000	11	2	allsect_firedamage_v	1446|0|0	steallife_v	2892|0|0	65600
709	12	119	700	5	200000	100000	100000	50000	5000	11	2	allsect_firedamage_v	1453|0|0	steallife_v	2906|0|0	66300
710	12	120	700	5	200000	100000	100000	50000	5000	12	2	allsect_firedamage_v	1478|0|0	steallife_v	2955|0|0	67000
711	12	121	700	5	200000	100000	100000	50000	5000	12	2	allsect_firedamage_v	1485|0|0	steallife_v	2969|0|0	67700
712	12	122	700	5	200000	100000	100000	50000	5000	12	2	allsect_firedamage_v	1492|0|0	steallife_v	2983|0|0	68400
713	12	123	700	5	200000	100000	100000	50000	5000	12	2	allsect_firedamage_v	1499|0|0	steallife_v	2997|0|0	69100
714	12	124	700	5	200000	100000	100000	50000	5000	12	2	allsect_firedamage_v	1506|0|0	steallife_v	3011|0|0	69800
715	12	125	700	5	200000	100000	100000	50000	5000	12	2	allsect_firedamage_v	1513|0|0	steallife_v	3025|0|0	70500
716	12	126	700	5	200000	100000	100000	50000	5000	12	2	allsect_firedamage_v	1520|0|0	steallife_v	3039|0|0	71200
717	12	127	700	5	200000	100000	100000	50000	5000	12	2	allsect_firedamage_v	1527|0|0	steallife_v	3053|0|0	71900
718	12	128	700	5	200000	100000	100000	50000	5000	12	2	allsect_firedamage_v	1534|0|0	steallife_v	3067|0|0	72600
719	12	129	700	5	200000	100000	100000	50000	5000	12	2	allsect_firedamage_v	1541|0|0	steallife_v	3081|0|0	73300
720	12	130	700	5	200000	100000	100000	50000	5000	13	2	allsect_firedamage_v	1565|0|0	steallife_v	3130|0|0	74000
721	12	131	700	5	200000	100000	100000	50000	5000	13	2	allsect_firedamage_v	1572|0|0	steallife_v	3144|0|0	74700
722	12	132	700	5	200000	100000	100000	50000	5000	13	2	allsect_firedamage_v	1579|0|0	steallife_v	3158|0|0	75400
723	12	133	700	5	200000	100000	100000	50000	5000	13	2	allsect_firedamage_v	1586|0|0	steallife_v	3172|0|0	76100
724	12	134	700	5	200000	100000	100000	50000	5000	13	2	allsect_firedamage_v	1593|0|0	steallife_v	3186|0|0	76800
725	12	135	700	5	200000	100000	100000	50000	5000	13	2	allsect_firedamage_v	1600|0|0	steallife_v	3200|0|0	77500
726	12	136	700	5	200000	100000	100000	50000	5000	13	2	allsect_firedamage_v	1607|0|0	steallife_v	3214|0|0	78200
727	12	137	700	5	200000	100000	100000	50000	5000	13	2	allsect_firedamage_v	1614|0|0	steallife_v	3228|0|0	78900
728	12	138	700	5	200000	100000	100000	50000	5000	13	2	allsect_firedamage_v	1621|0|0	steallife_v	3242|0|0	79600
729	12	139	700	5	200000	100000	100000	50000	5000	13	2	allsect_firedamage_v	1628|0|0	steallife_v	3256|0|0	80300
730	12	140	700	5	200000	100000	100000	50000	5000	14	2	allsect_firedamage_v	1653|0|0	steallife_v	3305|0|0	81000
731	12	141	700	5	200000	100000	100000	50000	5000	14	2	allsect_firedamage_v	1660|0|0	steallife_v	3319|0|0	81700
732	12	142	700	5	200000	100000	100000	50000	5000	14	2	allsect_firedamage_v	1667|0|0	steallife_v	3333|0|0	82400
733	12	143	700	5	200000	100000	100000	50000	5000	14	2	allsect_firedamage_v	1674|0|0	steallife_v	3347|0|0	83100
734	12	144	700	5	200000	100000	100000	50000	5000	14	2	allsect_firedamage_v	1681|0|0	steallife_v	3361|0|0	83800
735	12	145	700	5	200000	100000	100000	50000	5000	14	2	allsect_firedamage_v	1688|0|0	steallife_v	3375|0|0	84500
736	12	146	700	5	200000	100000	100000	50000	5000	14	2	allsect_firedamage_v	1695|0|0	steallife_v	3389|0|0	85200
737	12	147	700	5	200000	100000	100000	50000	5000	14	2	allsect_firedamage_v	1702|0|0	steallife_v	3403|0|0	85900
738	12	148	700	5	200000	100000	100000	50000	5000	14	2	allsect_firedamage_v	1709|0|0	steallife_v	3417|0|0	86600
739	12	149	700	5	200000	100000	100000	50000	5000	14	2	allsect_firedamage_v	1716|0|0	steallife_v	3431|0|0	87300
740	12	150	700	5	200000	100000	100000	50000	5000	15	2	allsect_firedamage_v	1740|0|0	steallife_v	3480|0|0	88000
741	12	151	700	5	200000	100000	100000	50000	5000	15	2	allsect_firedamage_v	1747|0|0	steallife_v	3494|0|0	88700
742	12	152	700	5	200000	100000	100000	50000	5000	15	2	allsect_firedamage_v	1754|0|0	steallife_v	3508|0|0	89400
743	12	153	700	5	200000	100000	100000	50000	5000	15	2	allsect_firedamage_v	1761|0|0	steallife_v	3522|0|0	90100
744	12	154	700	5	200000	100000	100000	50000	5000	15	2	allsect_firedamage_v	1768|0|0	steallife_v	3536|0|0	90800
745	12	155	700	5	200000	100000	100000	50000	5000	15	2	allsect_firedamage_v	1775|0|0	steallife_v	3550|0|0	91500
746	12	156	700	5	200000	100000	100000	50000	5000	15	2	allsect_firedamage_v	1782|0|0	steallife_v	3564|0|0	92200
747	12	157	700	5	200000	100000	100000	50000	5000	15	2	allsect_firedamage_v	1789|0|0	steallife_v	3578|0|0	92900
748	12	158	700	5	200000	100000	100000	50000	5000	15	2	allsect_firedamage_v	1796|0|0	steallife_v	3592|0|0	93600
749	12	159	700	5	200000	100000	100000	50000	5000	15	2	allsect_firedamage_v	1803|0|0	steallife_v	3606|0|0	94300
750	12	160	700	5	200000	100000	100000	50000	5000	16	2	allsect_firedamage_v	1828|0|0	steallife_v	3655|0|0	95000
751	13	111	700	5	200000	100000	100000	50000	5000	11	2	allsect_earthdamage_v	1397|0|0	energy_v	1397|0|0	60700
752	13	112	700	5	200000	100000	100000	50000	5000	11	2	allsect_earthdamage_v	1404|0|0	energy_v	1404|0|0	61400
753	13	113	700	5	200000	100000	100000	50000	5000	11	2	allsect_earthdamage_v	1411|0|0	energy_v	1411|0|0	62100
754	13	114	700	5	200000	100000	100000	50000	5000	11	2	allsect_earthdamage_v	1418|0|0	energy_v	1418|0|0	62800
755	13	115	700	5	200000	100000	100000	50000	5000	11	2	allsect_earthdamage_v	1425|0|0	energy_v	1425|0|0	63500
756	13	116	700	5	200000	100000	100000	50000	5000	11	2	allsect_earthdamage_v	1432|0|0	energy_v	1432|0|0	64200
757	13	117	700	5	200000	100000	100000	50000	5000	11	2	allsect_earthdamage_v	1439|0|0	energy_v	1439|0|0	64900
758	13	118	700	5	200000	100000	100000	50000	5000	11	2	allsect_earthdamage_v	1446|0|0	energy_v	1446|0|0	65600
759	13	119	700	5	200000	100000	100000	50000	5000	11	2	allsect_earthdamage_v	1453|0|0	energy_v	1453|0|0	66300
760	13	120	700	5	200000	100000	100000	50000	5000	12	2	allsect_earthdamage_v	1478|0|0	energy_v	1478|0|0	67000
761	13	121	700	5	200000	100000	100000	50000	5000	12	2	allsect_earthdamage_v	1485|0|0	energy_v	1485|0|0	67700
762	13	122	700	5	200000	100000	100000	50000	5000	12	2	allsect_earthdamage_v	1492|0|0	energy_v	1492|0|0	68400
763	13	123	700	5	200000	100000	100000	50000	5000	12	2	allsect_earthdamage_v	1499|0|0	energy_v	1499|0|0	69100
764	13	124	700	5	200000	100000	100000	50000	5000	12	2	allsect_earthdamage_v	1506|0|0	energy_v	1506|0|0	69800
765	13	125	700	5	200000	100000	100000	50000	5000	12	2	allsect_earthdamage_v	1513|0|0	energy_v	1513|0|0	70500
766	13	126	700	5	200000	100000	100000	50000	5000	12	2	allsect_earthdamage_v	1520|0|0	energy_v	1520|0|0	71200
767	13	127	700	5	200000	100000	100000	50000	5000	12	2	allsect_earthdamage_v	1527|0|0	energy_v	1527|0|0	71900
768	13	128	700	5	200000	100000	100000	50000	5000	12	2	allsect_earthdamage_v	1534|0|0	energy_v	1534|0|0	72600
769	13	129	700	5	200000	100000	100000	50000	5000	12	2	allsect_earthdamage_v	1541|0|0	energy_v	1541|0|0	73300
770	13	130	700	5	200000	100000	100000	50000	5000	13	2	allsect_earthdamage_v	1565|0|0	energy_v	1565|0|0	74000
771	13	131	700	5	200000	100000	100000	50000	5000	13	2	allsect_earthdamage_v	1572|0|0	energy_v	1572|0|0	74700
772	13	132	700	5	200000	100000	100000	50000	5000	13	2	allsect_earthdamage_v	1579|0|0	energy_v	1579|0|0	75400
773	13	133	700	5	200000	100000	100000	50000	5000	13	2	allsect_earthdamage_v	1586|0|0	energy_v	1586|0|0	76100
774	13	134	700	5	200000	100000	100000	50000	5000	13	2	allsect_earthdamage_v	1593|0|0	energy_v	1593|0|0	76800
775	13	135	700	5	200000	100000	100000	50000	5000	13	2	allsect_earthdamage_v	1600|0|0	energy_v	1600|0|0	77500
776	13	136	700	5	200000	100000	100000	50000	5000	13	2	allsect_earthdamage_v	1607|0|0	energy_v	1607|0|0	78200
777	13	137	700	5	200000	100000	100000	50000	5000	13	2	allsect_earthdamage_v	1614|0|0	energy_v	1614|0|0	78900
778	13	138	700	5	200000	100000	100000	50000	5000	13	2	allsect_earthdamage_v	1621|0|0	energy_v	1621|0|0	79600
779	13	139	700	5	200000	100000	100000	50000	5000	13	2	allsect_earthdamage_v	1628|0|0	energy_v	1628|0|0	80300
780	13	140	700	5	200000	100000	100000	50000	5000	14	2	allsect_earthdamage_v	1653|0|0	energy_v	1653|0|0	81000
781	13	141	700	5	200000	100000	100000	50000	5000	14	2	allsect_earthdamage_v	1660|0|0	energy_v	1660|0|0	81700
782	13	142	700	5	200000	100000	100000	50000	5000	14	2	allsect_earthdamage_v	1667|0|0	energy_v	1667|0|0	82400
783	13	143	700	5	200000	100000	100000	50000	5000	14	2	allsect_earthdamage_v	1674|0|0	energy_v	1674|0|0	83100
784	13	144	700	5	200000	100000	100000	50000	5000	14	2	allsect_earthdamage_v	1681|0|0	energy_v	1681|0|0	83800
785	13	145	700	5	200000	100000	100000	50000	5000	14	2	allsect_earthdamage_v	1688|0|0	energy_v	1688|0|0	84500
786	13	146	700	5	200000	100000	100000	50000	5000	14	2	allsect_earthdamage_v	1695|0|0	energy_v	1695|0|0	85200
787	13	147	700	5	200000	100000	100000	50000	5000	14	2	allsect_earthdamage_v	1702|0|0	energy_v	1702|0|0	85900
788	13	148	700	5	200000	100000	100000	50000	5000	14	2	allsect_earthdamage_v	1709|0|0	energy_v	1709|0|0	86600
789	13	149	700	5	200000	100000	100000	50000	5000	14	2	allsect_earthdamage_v	1716|0|0	energy_v	1716|0|0	87300
790	13	150	700	5	200000	100000	100000	50000	5000	15	2	allsect_earthdamage_v	1740|0|0	energy_v	1740|0|0	88000
791	13	151	700	5	200000	100000	100000	50000	5000	15	2	allsect_earthdamage_v	1747|0|0	energy_v	1747|0|0	88700
792	13	152	700	5	200000	100000	100000	50000	5000	15	2	allsect_earthdamage_v	1754|0|0	energy_v	1754|0|0	89400
793	13	153	700	5	200000	100000	100000	50000	5000	15	2	allsect_earthdamage_v	1761|0|0	energy_v	1761|0|0	90100
794	13	154	700	5	200000	100000	100000	50000	5000	15	2	allsect_earthdamage_v	1768|0|0	energy_v	1768|0|0	90800
795	13	155	700	5	200000	100000	100000	50000	5000	15	2	allsect_earthdamage_v	1775|0|0	energy_v	1775|0|0	91500
796	13	156	700	5	200000	100000	100000	50000	5000	15	2	allsect_earthdamage_v	1782|0|0	energy_v	1782|0|0	92200
797	13	157	700	5	200000	100000	100000	50000	5000	15	2	allsect_earthdamage_v	1789|0|0	energy_v	1789|0|0	92900
798	13	158	700	5	200000	100000	100000	50000	5000	15	2	allsect_earthdamage_v	1796|0|0	energy_v	1796|0|0	93600
799	13	159	700	5	200000	100000	100000	50000	5000	15	2	allsect_earthdamage_v	1803|0|0	energy_v	1803|0|0	94300
800	13	160	700	5	200000	100000	100000	50000	5000	16	2	allsect_earthdamage_v	1828|0|0	energy_v	1828|0|0	95000
