nGroupId	nIntensify	tbnSeries	nNeedExp	nNeedPreStar	nMaterialsNum	nDoublePro	nDoubleAddPro	nFiveFoldPro	nFiveAddPro	nSilver	nAttrNum	szAttribType1	tbnAttribValue1	szAttribType2	tbnAttribValue2	FightPower	szName
1	0	9|11	0	0	0	0	0	0	0	0	1	basic_damage_v	17|0|17			200	<i18n=29462>
1	1	9|11	200	0	2	200000	100000	100000	50000	2000	1	basic_damage_v	29|0|29			400	<i18n=29462>
1	2	9|11	200	0	2	200000	100000	100000	50000	2000	1	basic_damage_v	41|0|41			600	<i18n=29462>
1	3	9|11	200	0	2	200000	100000	100000	50000	2000	1	basic_damage_v	53|0|53			800	<i18n=29462>
1	4	9|11	200	0	2	200000	100000	100000	50000	2000	1	basic_damage_v	65|0|65			1000	<i18n=29462>
1	5	9|11	200	0	2	200000	100000	100000	50000	2000	1	basic_damage_v	77|0|77			1200	<i18n=29462>
1	6	9|11	200	0	2	200000	100000	100000	50000	2000	1	basic_damage_v	89|0|89			1400	<i18n=29462>
1	7	9|11	200	0	2	200000	100000	100000	50000	2000	1	basic_damage_v	101|0|101			1600	<i18n=29462>
1	8	9|11	200	0	2	200000	100000	100000	50000	2000	1	basic_damage_v	113|0|113			1800	<i18n=29462>
1	9	9|11	200	0	2	200000	100000	100000	50000	2000	1	basic_damage_v	125|0|125			2000	<i18n=29462>
1	10	9|11	200	0	2	200000	100000	100000	50000	2000	1	basic_damage_v	167|0|167			2200	<i18n=29462>
1	11	9|11	200	1	2	200000	100000	100000	50000	2000	1	basic_damage_v	178|0|178			2400	<i18n=29462>
1	12	9|11	200	1	2	200000	100000	100000	50000	2000	1	basic_damage_v	189|0|189			2600	<i18n=29462>
1	13	9|11	200	1	2	200000	100000	100000	50000	2000	1	basic_damage_v	201|0|201			2800	<i18n=29462>
1	14	9|11	200	1	2	200000	100000	100000	50000	2000	1	basic_damage_v	212|0|212			3000	<i18n=29462>
1	15	9|11	200	1	2	200000	100000	100000	50000	2000	1	basic_damage_v	223|0|223			3200	<i18n=29462>
1	16	9|11	200	1	2	200000	100000	100000	50000	2000	1	basic_damage_v	234|0|234			3400	<i18n=29462>
1	17	9|11	200	1	2	200000	100000	100000	50000	2000	1	basic_damage_v	245|0|245			3600	<i18n=29462>
1	18	9|11	200	1	2	200000	100000	100000	50000	2000	1	basic_damage_v	257|0|257			3800	<i18n=29462>
1	19	9|11	200	1	2	200000	100000	100000	50000	2000	1	basic_damage_v	268|0|268			4000	<i18n=29462>
1	20	9|11	200	1	2	200000	100000	100000	50000	2000	1	basic_damage_v	307|0|307			4200	<i18n=29462>
1	21	9|11	300	2	2	200000	100000	100000	50000	2000	1	basic_damage_v	323|0|323			4500	<i18n=29462>
1	22	9|11	300	2	2	200000	100000	100000	50000	2000	1	basic_damage_v	338|0|338			4800	<i18n=29462>
1	23	9|11	300	2	2	200000	100000	100000	50000	2000	1	basic_damage_v	354|0|354			5100	<i18n=29462>
1	24	9|11	300	2	2	200000	100000	100000	50000	2000	1	basic_damage_v	369|0|369			5400	<i18n=29462>
1	25	9|11	300	2	2	200000	100000	100000	50000	2000	1	basic_damage_v	385|0|385			5700	<i18n=29462>
1	26	9|11	300	2	2	200000	100000	100000	50000	2000	1	basic_damage_v	401|0|401			6000	<i18n=29462>
1	27	9|11	300	2	2	200000	100000	100000	50000	2000	1	basic_damage_v	416|0|416			6300	<i18n=29462>
1	28	9|11	300	2	2	200000	100000	100000	50000	2000	1	basic_damage_v	432|0|432			6600	<i18n=29462>
1	29	9|11	300	2	2	200000	100000	100000	50000	2000	1	basic_damage_v	447|0|447			6900	<i18n=29462>
1	30	9|11	300	2	2	200000	100000	100000	50000	2000	1	basic_damage_v	502|0|502			7200	<i18n=29462>
1	31	9|11	300	3	2	200000	100000	100000	50000	2000	1	basic_damage_v	516|0|516			7500	<i18n=29462>
1	32	9|11	300	3	2	200000	100000	100000	50000	2000	1	basic_damage_v	531|0|531			7800	<i18n=29462>
1	33	9|11	300	3	2	200000	100000	100000	50000	2000	1	basic_damage_v	545|0|545			8100	<i18n=29462>
1	34	9|11	300	3	2	200000	100000	100000	50000	2000	1	basic_damage_v	560|0|560			8400	<i18n=29462>
1	35	9|11	300	3	2	200000	100000	100000	50000	2000	1	basic_damage_v	574|0|574			8700	<i18n=29462>
1	36	9|11	300	3	2	200000	100000	100000	50000	2000	1	basic_damage_v	588|0|588			9000	<i18n=29462>
1	37	9|11	300	3	2	200000	100000	100000	50000	2000	1	basic_damage_v	603|0|603			9300	<i18n=29462>
1	38	9|11	300	3	2	200000	100000	100000	50000	2000	1	basic_damage_v	617|0|617			9600	<i18n=29462>
1	39	9|11	300	3	2	200000	100000	100000	50000	2000	1	basic_damage_v	632|0|632			9900	<i18n=29462>
1	40	9|11	300	3	2	200000	100000	100000	50000	2000	1	basic_damage_v	682|0|682			10200	<i18n=29462>
1	41	9|11	300	4	2	200000	100000	100000	50000	2000	1	basic_damage_v	695|0|695			10500	<i18n=29462>
1	42	9|11	300	4	2	200000	100000	100000	50000	2000	1	basic_damage_v	708|0|708			10800	<i18n=29462>
1	43	9|11	300	4	2	200000	100000	100000	50000	2000	1	basic_damage_v	722|0|722			11100	<i18n=29462>
1	44	9|11	300	4	2	200000	100000	100000	50000	2000	1	basic_damage_v	735|0|735			11400	<i18n=29462>
1	45	9|11	300	4	2	200000	100000	100000	50000	2000	1	basic_damage_v	748|0|748			11700	<i18n=29462>
1	46	9|11	300	4	2	200000	100000	100000	50000	2000	1	basic_damage_v	761|0|761			12000	<i18n=29462>
1	47	9|11	300	4	2	200000	100000	100000	50000	2000	1	basic_damage_v	774|0|774			12300	<i18n=29462>
1	48	9|11	300	4	2	200000	100000	100000	50000	2000	1	basic_damage_v	788|0|788			12600	<i18n=29462>
1	49	9|11	300	4	2	200000	100000	100000	50000	2000	1	basic_damage_v	801|0|801			12900	<i18n=29462>
1	50	9|11	300	4	2	200000	100000	100000	50000	2000	1	basic_damage_v	847|0|847			13200	<i18n=29462>
1	51	9|11	400	5	3	200000	100000	100000	50000	3000	1	basic_damage_v	863|0|863			13600	<i18n=29462>
1	52	9|11	400	5	3	200000	100000	100000	50000	3000	1	basic_damage_v	879|0|879			14000	<i18n=29462>
1	53	9|11	400	5	3	200000	100000	100000	50000	3000	1	basic_damage_v	895|0|895			14400	<i18n=29462>
1	54	9|11	400	5	3	200000	100000	100000	50000	3000	1	basic_damage_v	911|0|911			14800	<i18n=29462>
1	55	9|11	400	5	3	200000	100000	100000	50000	3000	1	basic_damage_v	927|0|927			15200	<i18n=29462>
1	56	9|11	400	5	3	200000	100000	100000	50000	3000	1	basic_damage_v	943|0|943			15600	<i18n=29462>
1	57	9|11	400	5	3	200000	100000	100000	50000	3000	1	basic_damage_v	959|0|959			16000	<i18n=29462>
1	58	9|11	400	5	3	200000	100000	100000	50000	3000	1	basic_damage_v	975|0|975			16400	<i18n=29462>
1	59	9|11	400	5	3	200000	100000	100000	50000	3000	1	basic_damage_v	991|0|991			16800	<i18n=29462>
1	60	9|11	400	5	3	200000	100000	100000	50000	3000	1	basic_damage_v	1047|0|1047			17200	<i18n=29462>
1	61	9|11	400	6	3	200000	100000	100000	50000	3000	1	basic_damage_v	1061|0|1061			17600	<i18n=29462>
1	62	9|11	400	6	3	200000	100000	100000	50000	3000	1	basic_damage_v	1076|0|1076			18000	<i18n=29462>
1	63	9|11	400	6	3	200000	100000	100000	50000	3000	1	basic_damage_v	1090|0|1090			18400	<i18n=29462>
1	64	9|11	400	6	3	200000	100000	100000	50000	3000	1	basic_damage_v	1105|0|1105			18800	<i18n=29462>
1	65	9|11	400	6	3	200000	100000	100000	50000	3000	1	basic_damage_v	1119|0|1119			19200	<i18n=29462>
1	66	9|11	400	6	3	200000	100000	100000	50000	3000	1	basic_damage_v	1133|0|1133			19600	<i18n=29462>
1	67	9|11	400	6	3	200000	100000	100000	50000	3000	1	basic_damage_v	1148|0|1148			20000	<i18n=29462>
1	68	9|11	400	6	3	200000	100000	100000	50000	3000	1	basic_damage_v	1162|0|1162			20400	<i18n=29462>
1	69	9|11	400	6	3	200000	100000	100000	50000	3000	1	basic_damage_v	1177|0|1177			20800	<i18n=29462>
1	70	9|11	400	6	3	200000	100000	100000	50000	3000	1	basic_damage_v	1227|0|1227			21200	<i18n=29462>
1	71	9|11	400	7	3	200000	100000	100000	50000	3000	1	basic_damage_v	1240|0|1240			21600	<i18n=29462>
1	72	9|11	400	7	3	200000	100000	100000	50000	3000	1	basic_damage_v	1253|0|1253			22000	<i18n=29462>
1	73	9|11	400	7	3	200000	100000	100000	50000	3000	1	basic_damage_v	1265|0|1265			22400	<i18n=29462>
1	74	9|11	400	7	3	200000	100000	100000	50000	3000	1	basic_damage_v	1278|0|1278			22800	<i18n=29462>
1	75	9|11	400	7	3	200000	100000	100000	50000	3000	1	basic_damage_v	1291|0|1291			23200	<i18n=29462>
1	76	9|11	400	7	3	200000	100000	100000	50000	3000	1	basic_damage_v	1304|0|1304			23600	<i18n=29462>
1	77	9|11	400	7	3	200000	100000	100000	50000	3000	1	basic_damage_v	1317|0|1317			24000	<i18n=29462>
1	78	9|11	400	7	3	200000	100000	100000	50000	3000	1	basic_damage_v	1329|0|1329			24400	<i18n=29462>
1	79	9|11	400	7	3	200000	100000	100000	50000	3000	1	basic_damage_v	1342|0|1342			24800	<i18n=29462>
1	80	9|11	400	7	3	200000	100000	100000	50000	3000	1	basic_damage_v	1387|0|1387			25200	<i18n=29462>
1	81	9|11	400	8	3	200000	100000	100000	50000	3000	1	basic_damage_v	1398|0|1398			25600	<i18n=29462>
1	82	9|11	400	8	3	200000	100000	100000	50000	3000	1	basic_damage_v	1409|0|1409			26000	<i18n=29462>
1	83	9|11	400	8	3	200000	100000	100000	50000	3000	1	basic_damage_v	1421|0|1421			26400	<i18n=29462>
1	84	9|11	400	8	3	200000	100000	100000	50000	3000	1	basic_damage_v	1432|0|1432			26800	<i18n=29462>
1	85	9|11	400	8	3	200000	100000	100000	50000	3000	1	basic_damage_v	1443|0|1443			27200	<i18n=29462>
1	86	9|11	400	8	3	200000	100000	100000	50000	3000	1	basic_damage_v	1454|0|1454			27600	<i18n=29462>
1	87	9|11	400	8	3	200000	100000	100000	50000	3000	1	basic_damage_v	1465|0|1465			28000	<i18n=29462>
1	88	9|11	400	8	3	200000	100000	100000	50000	3000	1	basic_damage_v	1477|0|1477			28400	<i18n=29462>
1	89	9|11	400	8	3	200000	100000	100000	50000	3000	1	basic_damage_v	1488|0|1488			28800	<i18n=29462>
1	90	9|11	400	8	3	200000	100000	100000	50000	3000	1	basic_damage_v	1527|0|1527			29200	<i18n=29462>
1	91	9|11	400	9	3	200000	100000	100000	50000	3000	1	basic_damage_v	1537|0|1537			29600	<i18n=29462>
1	92	9|11	400	9	3	200000	100000	100000	50000	3000	1	basic_damage_v	1546|0|1546			30000	<i18n=29462>
1	93	9|11	400	9	3	200000	100000	100000	50000	3000	1	basic_damage_v	1556|0|1556			30400	<i18n=29462>
1	94	9|11	400	9	3	200000	100000	100000	50000	3000	1	basic_damage_v	1565|0|1565			30800	<i18n=29462>
1	95	9|11	400	9	3	200000	100000	100000	50000	3000	1	basic_damage_v	1575|0|1575			31200	<i18n=29462>
1	96	9|11	400	9	3	200000	100000	100000	50000	3000	1	basic_damage_v	1585|0|1585			31600	<i18n=29462>
1	97	9|11	400	9	3	200000	100000	100000	50000	3000	1	basic_damage_v	1594|0|1594			32000	<i18n=29462>
1	98	9|11	400	9	3	200000	100000	100000	50000	3000	1	basic_damage_v	1604|0|1604			32400	<i18n=29462>
1	99	9|11	400	9	3	200000	100000	100000	50000	3000	1	basic_damage_v	1613|0|1613			32800	<i18n=29462>
1	100	9|11	400	9	3	200000	100000	100000	50000	3000	1	basic_damage_v	1647|0|1647			33200	<i18n=29462>
1	101	9|11	400	10	3	200000	100000	100000	50000	3000	1	basic_damage_v	1655|0|1655			33600	<i18n=29462>
1	102	9|11	400	10	3	200000	100000	100000	50000	3000	1	basic_damage_v	1663|0|1663			34000	<i18n=29462>
1	103	9|11	400	10	3	200000	100000	100000	50000	3000	1	basic_damage_v	1671|0|1671			34400	<i18n=29462>
1	104	9|11	400	10	3	200000	100000	100000	50000	3000	1	basic_damage_v	1679|0|1679			34800	<i18n=29462>
1	105	9|11	400	10	3	200000	100000	100000	50000	3000	1	basic_damage_v	1687|0|1687			35200	<i18n=29462>
1	106	9|11	400	10	3	200000	100000	100000	50000	3000	1	basic_damage_v	1695|0|1695			35600	<i18n=29462>
1	107	9|11	400	10	3	200000	100000	100000	50000	3000	1	basic_damage_v	1703|0|1703			36000	<i18n=29462>
1	108	9|11	400	10	3	200000	100000	100000	50000	3000	1	basic_damage_v	1711|0|1711			36400	<i18n=29462>
1	109	9|11	400	10	3	200000	100000	100000	50000	3000	1	basic_damage_v	1719|0|1719			36800	<i18n=29462>
1	110	9|11	400	10	3	200000	100000	100000	50000	3000	1	basic_damage_v	1747|0|1747			37200	<i18n=29462>
2	0	11|10	0	0	0						1	lifemax_v	348|0|0			200	<i18n=29662>
2	1	11|10	200	0	2	200000	100000	100000	50000	2000	1	lifemax_v	588|0|0			400	<i18n=29662>
2	2	11|10	200	0	2	200000	100000	100000	50000	2000	1	lifemax_v	828|0|0			600	<i18n=29662>
2	3	11|10	200	0	2	200000	100000	100000	50000	2000	1	lifemax_v	1068|0|0			800	<i18n=29662>
2	4	11|10	200	0	2	200000	100000	100000	50000	2000	1	lifemax_v	1308|0|0			1000	<i18n=29662>
2	5	11|10	200	0	2	200000	100000	100000	50000	2000	1	lifemax_v	1548|0|0			1200	<i18n=29662>
2	6	11|10	200	0	2	200000	100000	100000	50000	2000	1	lifemax_v	1788|0|0			1400	<i18n=29662>
2	7	11|10	200	0	2	200000	100000	100000	50000	2000	1	lifemax_v	2028|0|0			1600	<i18n=29662>
2	8	11|10	200	0	2	200000	100000	100000	50000	2000	1	lifemax_v	2268|0|0			1800	<i18n=29662>
2	9	11|10	200	0	2	200000	100000	100000	50000	2000	1	lifemax_v	2508|0|0			2000	<i18n=29662>
2	10	11|10	200	0	2	200000	100000	100000	50000	2000	1	lifemax_v	3348|0|0			2200	<i18n=29662>
2	11	11|10	200	1	2	200000	100000	100000	50000	2000	1	lifemax_v	3572|0|0			2400	<i18n=29662>
2	12	11|10	200	1	2	200000	100000	100000	50000	2000	1	lifemax_v	3796|0|0			2600	<i18n=29662>
2	13	11|10	200	1	2	200000	100000	100000	50000	2000	1	lifemax_v	4020|0|0			2800	<i18n=29662>
2	14	11|10	200	1	2	200000	100000	100000	50000	2000	1	lifemax_v	4244|0|0			3000	<i18n=29662>
2	15	11|10	200	1	2	200000	100000	100000	50000	2000	1	lifemax_v	4468|0|0			3200	<i18n=29662>
2	16	11|10	200	1	2	200000	100000	100000	50000	2000	1	lifemax_v	4692|0|0			3400	<i18n=29662>
2	17	11|10	200	1	2	200000	100000	100000	50000	2000	1	lifemax_v	4916|0|0			3600	<i18n=29662>
2	18	11|10	200	1	2	200000	100000	100000	50000	2000	1	lifemax_v	5140|0|0			3800	<i18n=29662>
2	19	11|10	200	1	2	200000	100000	100000	50000	2000	1	lifemax_v	5364|0|0			4000	<i18n=29662>
2	20	11|10	200	1	2	200000	100000	100000	50000	2000	1	lifemax_v	6148|0|0			4200	<i18n=29662>
2	21	11|10	300	2	2	200000	100000	100000	50000	2000	1	lifemax_v	6460|0|0			4500	<i18n=29662>
2	22	11|10	300	2	2	200000	100000	100000	50000	2000	1	lifemax_v	6772|0|0			4800	<i18n=29662>
2	23	11|10	300	2	2	200000	100000	100000	50000	2000	1	lifemax_v	7084|0|0			5100	<i18n=29662>
2	24	11|10	300	2	2	200000	100000	100000	50000	2000	1	lifemax_v	7396|0|0			5400	<i18n=29662>
2	25	11|10	300	2	2	200000	100000	100000	50000	2000	1	lifemax_v	7708|0|0			5700	<i18n=29662>
2	26	11|10	300	2	2	200000	100000	100000	50000	2000	1	lifemax_v	8020|0|0			6000	<i18n=29662>
2	27	11|10	300	2	2	200000	100000	100000	50000	2000	1	lifemax_v	8332|0|0			6300	<i18n=29662>
2	28	11|10	300	2	2	200000	100000	100000	50000	2000	1	lifemax_v	8644|0|0			6600	<i18n=29662>
2	29	11|10	300	2	2	200000	100000	100000	50000	2000	1	lifemax_v	8956|0|0			6900	<i18n=29662>
2	30	11|10	300	2	2	200000	100000	100000	50000	2000	1	lifemax_v	10048|0|0			7200	<i18n=29662>
2	31	11|10	300	3	2	200000	100000	100000	50000	2000	1	lifemax_v	10336|0|0			7500	<i18n=29662>
2	32	11|10	300	3	2	200000	100000	100000	50000	2000	1	lifemax_v	10624|0|0			7800	<i18n=29662>
2	33	11|10	300	3	2	200000	100000	100000	50000	2000	1	lifemax_v	10912|0|0			8100	<i18n=29662>
2	34	11|10	300	3	2	200000	100000	100000	50000	2000	1	lifemax_v	11200|0|0			8400	<i18n=29662>
2	35	11|10	300	3	2	200000	100000	100000	50000	2000	1	lifemax_v	11488|0|0			8700	<i18n=29662>
2	36	11|10	300	3	2	200000	100000	100000	50000	2000	1	lifemax_v	11776|0|0			9000	<i18n=29662>
2	37	11|10	300	3	2	200000	100000	100000	50000	2000	1	lifemax_v	12064|0|0			9300	<i18n=29662>
2	38	11|10	300	3	2	200000	100000	100000	50000	2000	1	lifemax_v	12352|0|0			9600	<i18n=29662>
2	39	11|10	300	3	2	200000	100000	100000	50000	2000	1	lifemax_v	12640|0|0			9900	<i18n=29662>
2	40	11|10	300	3	2	200000	100000	100000	50000	2000	1	lifemax_v	13648|0|0			10200	<i18n=29662>
2	41	11|10	300	4	2	200000	100000	100000	50000	2000	1	lifemax_v	13912|0|0			10500	<i18n=29662>
2	42	11|10	300	4	2	200000	100000	100000	50000	2000	1	lifemax_v	14176|0|0			10800	<i18n=29662>
2	43	11|10	300	4	2	200000	100000	100000	50000	2000	1	lifemax_v	14440|0|0			11100	<i18n=29662>
2	44	11|10	300	4	2	200000	100000	100000	50000	2000	1	lifemax_v	14704|0|0			11400	<i18n=29662>
2	45	11|10	300	4	2	200000	100000	100000	50000	2000	1	lifemax_v	14968|0|0			11700	<i18n=29662>
2	46	11|10	300	4	2	200000	100000	100000	50000	2000	1	lifemax_v	15232|0|0			12000	<i18n=29662>
2	47	11|10	300	4	2	200000	100000	100000	50000	2000	1	lifemax_v	15496|0|0			12300	<i18n=29662>
2	48	11|10	300	4	2	200000	100000	100000	50000	2000	1	lifemax_v	15760|0|0			12600	<i18n=29662>
2	49	11|10	300	4	2	200000	100000	100000	50000	2000	1	lifemax_v	16024|0|0			12900	<i18n=29662>
2	50	11|10	300	4	2	200000	100000	100000	50000	2000	1	lifemax_v	16948|0|0			13200	<i18n=29662>
2	51	11|10	400	5	3	200000	100000	100000	50000	3000	1	lifemax_v	17268|0|0			13600	<i18n=29662>
2	52	11|10	400	5	3	200000	100000	100000	50000	3000	1	lifemax_v	17588|0|0			14000	<i18n=29662>
2	53	11|10	400	5	3	200000	100000	100000	50000	3000	1	lifemax_v	17908|0|0			14400	<i18n=29662>
2	54	11|10	400	5	3	200000	100000	100000	50000	3000	1	lifemax_v	18228|0|0			14800	<i18n=29662>
2	55	11|10	400	5	3	200000	100000	100000	50000	3000	1	lifemax_v	18548|0|0			15200	<i18n=29662>
2	56	11|10	400	5	3	200000	100000	100000	50000	3000	1	lifemax_v	18868|0|0			15600	<i18n=29662>
2	57	11|10	400	5	3	200000	100000	100000	50000	3000	1	lifemax_v	19188|0|0			16000	<i18n=29662>
2	58	11|10	400	5	3	200000	100000	100000	50000	3000	1	lifemax_v	19508|0|0			16400	<i18n=29662>
2	59	11|10	400	5	3	200000	100000	100000	50000	3000	1	lifemax_v	19828|0|0			16800	<i18n=29662>
2	60	11|10	400	5	3	200000	100000	100000	50000	3000	1	lifemax_v	20948|0|0			17200	<i18n=29662>
2	61	11|10	400	6	3	200000	100000	100000	50000	3000	1	lifemax_v	21236|0|0			17600	<i18n=29662>
2	62	11|10	400	6	3	200000	100000	100000	50000	3000	1	lifemax_v	21524|0|0			18000	<i18n=29662>
2	63	11|10	400	6	3	200000	100000	100000	50000	3000	1	lifemax_v	21812|0|0			18400	<i18n=29662>
2	64	11|10	400	6	3	200000	100000	100000	50000	3000	1	lifemax_v	22100|0|0			18800	<i18n=29662>
2	65	11|10	400	6	3	200000	100000	100000	50000	3000	1	lifemax_v	22388|0|0			19200	<i18n=29662>
2	66	11|10	400	6	3	200000	100000	100000	50000	3000	1	lifemax_v	22676|0|0			19600	<i18n=29662>
2	67	11|10	400	6	3	200000	100000	100000	50000	3000	1	lifemax_v	22964|0|0			20000	<i18n=29662>
2	68	11|10	400	6	3	200000	100000	100000	50000	3000	1	lifemax_v	23252|0|0			20400	<i18n=29662>
2	69	11|10	400	6	3	200000	100000	100000	50000	3000	1	lifemax_v	23540|0|0			20800	<i18n=29662>
2	70	11|10	400	6	3	200000	100000	100000	50000	3000	1	lifemax_v	24548|0|0			21200	<i18n=29662>
2	71	11|10	400	7	3	200000	100000	100000	50000	3000	1	lifemax_v	24804|0|0			21600	<i18n=29662>
2	72	11|10	400	7	3	200000	100000	100000	50000	3000	1	lifemax_v	25060|0|0			22000	<i18n=29662>
2	73	11|10	400	7	3	200000	100000	100000	50000	3000	1	lifemax_v	25316|0|0			22400	<i18n=29662>
2	74	11|10	400	7	3	200000	100000	100000	50000	3000	1	lifemax_v	25572|0|0			22800	<i18n=29662>
2	75	11|10	400	7	3	200000	100000	100000	50000	3000	1	lifemax_v	25828|0|0			23200	<i18n=29662>
2	76	11|10	400	7	3	200000	100000	100000	50000	3000	1	lifemax_v	26084|0|0			23600	<i18n=29662>
2	77	11|10	400	7	3	200000	100000	100000	50000	3000	1	lifemax_v	26340|0|0			24000	<i18n=29662>
2	78	11|10	400	7	3	200000	100000	100000	50000	3000	1	lifemax_v	26596|0|0			24400	<i18n=29662>
2	79	11|10	400	7	3	200000	100000	100000	50000	3000	1	lifemax_v	26852|0|0			24800	<i18n=29662>
2	80	11|10	400	7	3	200000	100000	100000	50000	3000	1	lifemax_v	27748|0|0			25200	<i18n=29662>
2	81	11|10	400	8	3	200000	100000	100000	50000	3000	1	lifemax_v	27972|0|0			25600	<i18n=29662>
2	82	11|10	400	8	3	200000	100000	100000	50000	3000	1	lifemax_v	28196|0|0			26000	<i18n=29662>
2	83	11|10	400	8	3	200000	100000	100000	50000	3000	1	lifemax_v	28420|0|0			26400	<i18n=29662>
2	84	11|10	400	8	3	200000	100000	100000	50000	3000	1	lifemax_v	28644|0|0			26800	<i18n=29662>
2	85	11|10	400	8	3	200000	100000	100000	50000	3000	1	lifemax_v	28868|0|0			27200	<i18n=29662>
2	86	11|10	400	8	3	200000	100000	100000	50000	3000	1	lifemax_v	29092|0|0			27600	<i18n=29662>
2	87	11|10	400	8	3	200000	100000	100000	50000	3000	1	lifemax_v	29316|0|0			28000	<i18n=29662>
2	88	11|10	400	8	3	200000	100000	100000	50000	3000	1	lifemax_v	29540|0|0			28400	<i18n=29662>
2	89	11|10	400	8	3	200000	100000	100000	50000	3000	1	lifemax_v	29764|0|0			28800	<i18n=29662>
2	90	11|10	400	8	3	200000	100000	100000	50000	3000	1	lifemax_v	30548|0|0			29200	<i18n=29662>
2	91	11|10	400	9	3	200000	100000	100000	50000	3000	1	lifemax_v	30740|0|0			29600	<i18n=29662>
2	92	11|10	400	9	3	200000	100000	100000	50000	3000	1	lifemax_v	30932|0|0			30000	<i18n=29662>
2	93	11|10	400	9	3	200000	100000	100000	50000	3000	1	lifemax_v	31124|0|0			30400	<i18n=29662>
2	94	11|10	400	9	3	200000	100000	100000	50000	3000	1	lifemax_v	31316|0|0			30800	<i18n=29662>
2	95	11|10	400	9	3	200000	100000	100000	50000	3000	1	lifemax_v	31508|0|0			31200	<i18n=29662>
2	96	11|10	400	9	3	200000	100000	100000	50000	3000	1	lifemax_v	31700|0|0			31600	<i18n=29662>
2	97	11|10	400	9	3	200000	100000	100000	50000	3000	1	lifemax_v	31892|0|0			32000	<i18n=29662>
2	98	11|10	400	9	3	200000	100000	100000	50000	3000	1	lifemax_v	32084|0|0			32400	<i18n=29662>
2	99	11|10	400	9	3	200000	100000	100000	50000	3000	1	lifemax_v	32276|0|0			32800	<i18n=29662>
2	100	11|10	400	9	3	200000	100000	100000	50000	3000	1	lifemax_v	32948|0|0			33200	<i18n=29662>
2	101	11|10	400	10	3	200000	100000	100000	50000	3000	1	lifemax_v	33108|0|0			33600	<i18n=29662>
2	102	11|10	400	10	3	200000	100000	100000	50000	3000	1	lifemax_v	33268|0|0			34000	<i18n=29662>
2	103	11|10	400	10	3	200000	100000	100000	50000	3000	1	lifemax_v	33428|0|0			34400	<i18n=29662>
2	104	11|10	400	10	3	200000	100000	100000	50000	3000	1	lifemax_v	33588|0|0			34800	<i18n=29662>
2	105	11|10	400	10	3	200000	100000	100000	50000	3000	1	lifemax_v	33748|0|0			35200	<i18n=29662>
2	106	11|10	400	10	3	200000	100000	100000	50000	3000	1	lifemax_v	33908|0|0			35600	<i18n=29662>
2	107	11|10	400	10	3	200000	100000	100000	50000	3000	1	lifemax_v	34068|0|0			36000	<i18n=29662>
2	108	11|10	400	10	3	200000	100000	100000	50000	3000	1	lifemax_v	34228|0|0			36400	<i18n=29662>
2	109	11|10	400	10	3	200000	100000	100000	50000	3000	1	lifemax_v	34388|0|0			36800	<i18n=29662>
2	110	11|10	400	10	3	200000	100000	100000	50000	3000	1	lifemax_v	34948|0|0			37200	<i18n=29662>
3	0	10|12	0	0	0						1	weaken_deadlystrike_v	17|0|0			200	<i18n=29658>
3	1	10|12	200	0	2	200000	100000	100000	50000	2000	1	weaken_deadlystrike_v	29|0|0			400	<i18n=29658>
3	2	10|12	200	0	2	200000	100000	100000	50000	2000	1	weaken_deadlystrike_v	41|0|0			600	<i18n=29658>
3	3	10|12	200	0	2	200000	100000	100000	50000	2000	1	weaken_deadlystrike_v	53|0|0			800	<i18n=29658>
3	4	10|12	200	0	2	200000	100000	100000	50000	2000	1	weaken_deadlystrike_v	65|0|0			1000	<i18n=29658>
3	5	10|12	200	0	2	200000	100000	100000	50000	2000	1	weaken_deadlystrike_v	77|0|0			1200	<i18n=29658>
3	6	10|12	200	0	2	200000	100000	100000	50000	2000	1	weaken_deadlystrike_v	89|0|0			1400	<i18n=29658>
3	7	10|12	200	0	2	200000	100000	100000	50000	2000	1	weaken_deadlystrike_v	101|0|0			1600	<i18n=29658>
3	8	10|12	200	0	2	200000	100000	100000	50000	2000	1	weaken_deadlystrike_v	113|0|0			1800	<i18n=29658>
3	9	10|12	200	0	2	200000	100000	100000	50000	2000	1	weaken_deadlystrike_v	125|0|0			2000	<i18n=29658>
3	10	10|12	200	0	2	200000	100000	100000	50000	2000	1	weaken_deadlystrike_v	167|0|0			2200	<i18n=29658>
3	11	10|12	200	1	2	200000	100000	100000	50000	2000	1	weaken_deadlystrike_v	178|0|0			2400	<i18n=29658>
3	12	10|12	200	1	2	200000	100000	100000	50000	2000	1	weaken_deadlystrike_v	189|0|0			2600	<i18n=29658>
3	13	10|12	200	1	2	200000	100000	100000	50000	2000	1	weaken_deadlystrike_v	201|0|0			2800	<i18n=29658>
3	14	10|12	200	1	2	200000	100000	100000	50000	2000	1	weaken_deadlystrike_v	212|0|0			3000	<i18n=29658>
3	15	10|12	200	1	2	200000	100000	100000	50000	2000	1	weaken_deadlystrike_v	223|0|0			3200	<i18n=29658>
3	16	10|12	200	1	2	200000	100000	100000	50000	2000	1	weaken_deadlystrike_v	234|0|0			3400	<i18n=29658>
3	17	10|12	200	1	2	200000	100000	100000	50000	2000	1	weaken_deadlystrike_v	245|0|0			3600	<i18n=29658>
3	18	10|12	200	1	2	200000	100000	100000	50000	2000	1	weaken_deadlystrike_v	257|0|0			3800	<i18n=29658>
3	19	10|12	200	1	2	200000	100000	100000	50000	2000	1	weaken_deadlystrike_v	268|0|0			4000	<i18n=29658>
3	20	10|12	200	1	2	200000	100000	100000	50000	2000	1	weaken_deadlystrike_v	307|0|0			4200	<i18n=29658>
3	21	10|12	300	2	2	200000	100000	100000	50000	2000	1	weaken_deadlystrike_v	323|0|0			4500	<i18n=29658>
3	22	10|12	300	2	2	200000	100000	100000	50000	2000	1	weaken_deadlystrike_v	338|0|0			4800	<i18n=29658>
3	23	10|12	300	2	2	200000	100000	100000	50000	2000	1	weaken_deadlystrike_v	354|0|0			5100	<i18n=29658>
3	24	10|12	300	2	2	200000	100000	100000	50000	2000	1	weaken_deadlystrike_v	369|0|0			5400	<i18n=29658>
3	25	10|12	300	2	2	200000	100000	100000	50000	2000	1	weaken_deadlystrike_v	385|0|0			5700	<i18n=29658>
3	26	10|12	300	2	2	200000	100000	100000	50000	2000	1	weaken_deadlystrike_v	401|0|0			6000	<i18n=29658>
3	27	10|12	300	2	2	200000	100000	100000	50000	2000	1	weaken_deadlystrike_v	416|0|0			6300	<i18n=29658>
3	28	10|12	300	2	2	200000	100000	100000	50000	2000	1	weaken_deadlystrike_v	432|0|0			6600	<i18n=29658>
3	29	10|12	300	2	2	200000	100000	100000	50000	2000	1	weaken_deadlystrike_v	447|0|0			6900	<i18n=29658>
3	30	10|12	300	2	2	200000	100000	100000	50000	2000	1	weaken_deadlystrike_v	502|0|0			7200	<i18n=29658>
3	31	10|12	300	3	2	200000	100000	100000	50000	2000	1	weaken_deadlystrike_v	516|0|0			7500	<i18n=29658>
3	32	10|12	300	3	2	200000	100000	100000	50000	2000	1	weaken_deadlystrike_v	531|0|0			7800	<i18n=29658>
3	33	10|12	300	3	2	200000	100000	100000	50000	2000	1	weaken_deadlystrike_v	545|0|0			8100	<i18n=29658>
3	34	10|12	300	3	2	200000	100000	100000	50000	2000	1	weaken_deadlystrike_v	560|0|0			8400	<i18n=29658>
3	35	10|12	300	3	2	200000	100000	100000	50000	2000	1	weaken_deadlystrike_v	574|0|0			8700	<i18n=29658>
3	36	10|12	300	3	2	200000	100000	100000	50000	2000	1	weaken_deadlystrike_v	588|0|0			9000	<i18n=29658>
3	37	10|12	300	3	2	200000	100000	100000	50000	2000	1	weaken_deadlystrike_v	603|0|0			9300	<i18n=29658>
3	38	10|12	300	3	2	200000	100000	100000	50000	2000	1	weaken_deadlystrike_v	617|0|0			9600	<i18n=29658>
3	39	10|12	300	3	2	200000	100000	100000	50000	2000	1	weaken_deadlystrike_v	632|0|0			9900	<i18n=29658>
3	40	10|12	300	3	2	200000	100000	100000	50000	2000	1	weaken_deadlystrike_v	682|0|0			10200	<i18n=29658>
3	41	10|12	300	4	2	200000	100000	100000	50000	2000	1	weaken_deadlystrike_v	695|0|0			10500	<i18n=29658>
3	42	10|12	300	4	2	200000	100000	100000	50000	2000	1	weaken_deadlystrike_v	708|0|0			10800	<i18n=29658>
3	43	10|12	300	4	2	200000	100000	100000	50000	2000	1	weaken_deadlystrike_v	722|0|0			11100	<i18n=29658>
3	44	10|12	300	4	2	200000	100000	100000	50000	2000	1	weaken_deadlystrike_v	735|0|0			11400	<i18n=29658>
3	45	10|12	300	4	2	200000	100000	100000	50000	2000	1	weaken_deadlystrike_v	748|0|0			11700	<i18n=29658>
3	46	10|12	300	4	2	200000	100000	100000	50000	2000	1	weaken_deadlystrike_v	761|0|0			12000	<i18n=29658>
3	47	10|12	300	4	2	200000	100000	100000	50000	2000	1	weaken_deadlystrike_v	774|0|0			12300	<i18n=29658>
3	48	10|12	300	4	2	200000	100000	100000	50000	2000	1	weaken_deadlystrike_v	788|0|0			12600	<i18n=29658>
3	49	10|12	300	4	2	200000	100000	100000	50000	2000	1	weaken_deadlystrike_v	801|0|0			12900	<i18n=29658>
3	50	10|12	300	4	2	200000	100000	100000	50000	2000	1	weaken_deadlystrike_v	847|0|0			13200	<i18n=29658>
3	51	10|12	400	5	3	200000	100000	100000	50000	3000	1	weaken_deadlystrike_v	863|0|0			13600	<i18n=29658>
3	52	10|12	400	5	3	200000	100000	100000	50000	3000	1	weaken_deadlystrike_v	879|0|0			14000	<i18n=29658>
3	53	10|12	400	5	3	200000	100000	100000	50000	3000	1	weaken_deadlystrike_v	895|0|0			14400	<i18n=29658>
3	54	10|12	400	5	3	200000	100000	100000	50000	3000	1	weaken_deadlystrike_v	911|0|0			14800	<i18n=29658>
3	55	10|12	400	5	3	200000	100000	100000	50000	3000	1	weaken_deadlystrike_v	927|0|0			15200	<i18n=29658>
3	56	10|12	400	5	3	200000	100000	100000	50000	3000	1	weaken_deadlystrike_v	943|0|0			15600	<i18n=29658>
3	57	10|12	400	5	3	200000	100000	100000	50000	3000	1	weaken_deadlystrike_v	959|0|0			16000	<i18n=29658>
3	58	10|12	400	5	3	200000	100000	100000	50000	3000	1	weaken_deadlystrike_v	975|0|0			16400	<i18n=29658>
3	59	10|12	400	5	3	200000	100000	100000	50000	3000	1	weaken_deadlystrike_v	991|0|0			16800	<i18n=29658>
3	60	10|12	400	5	3	200000	100000	100000	50000	3000	1	weaken_deadlystrike_v	1047|0|0			17200	<i18n=29658>
3	61	10|12	400	6	3	200000	100000	100000	50000	3000	1	weaken_deadlystrike_v	1061|0|0			17600	<i18n=29658>
3	62	10|12	400	6	3	200000	100000	100000	50000	3000	1	weaken_deadlystrike_v	1076|0|0			18000	<i18n=29658>
3	63	10|12	400	6	3	200000	100000	100000	50000	3000	1	weaken_deadlystrike_v	1090|0|0			18400	<i18n=29658>
3	64	10|12	400	6	3	200000	100000	100000	50000	3000	1	weaken_deadlystrike_v	1105|0|0			18800	<i18n=29658>
3	65	10|12	400	6	3	200000	100000	100000	50000	3000	1	weaken_deadlystrike_v	1119|0|0			19200	<i18n=29658>
3	66	10|12	400	6	3	200000	100000	100000	50000	3000	1	weaken_deadlystrike_v	1133|0|0			19600	<i18n=29658>
3	67	10|12	400	6	3	200000	100000	100000	50000	3000	1	weaken_deadlystrike_v	1148|0|0			20000	<i18n=29658>
3	68	10|12	400	6	3	200000	100000	100000	50000	3000	1	weaken_deadlystrike_v	1162|0|0			20400	<i18n=29658>
3	69	10|12	400	6	3	200000	100000	100000	50000	3000	1	weaken_deadlystrike_v	1177|0|0			20800	<i18n=29658>
3	70	10|12	400	6	3	200000	100000	100000	50000	3000	1	weaken_deadlystrike_v	1227|0|0			21200	<i18n=29658>
3	71	10|12	400	7	3	200000	100000	100000	50000	3000	1	weaken_deadlystrike_v	1240|0|0			21600	<i18n=29658>
3	72	10|12	400	7	3	200000	100000	100000	50000	3000	1	weaken_deadlystrike_v	1253|0|0			22000	<i18n=29658>
3	73	10|12	400	7	3	200000	100000	100000	50000	3000	1	weaken_deadlystrike_v	1265|0|0			22400	<i18n=29658>
3	74	10|12	400	7	3	200000	100000	100000	50000	3000	1	weaken_deadlystrike_v	1278|0|0			22800	<i18n=29658>
3	75	10|12	400	7	3	200000	100000	100000	50000	3000	1	weaken_deadlystrike_v	1291|0|0			23200	<i18n=29658>
3	76	10|12	400	7	3	200000	100000	100000	50000	3000	1	weaken_deadlystrike_v	1304|0|0			23600	<i18n=29658>
3	77	10|12	400	7	3	200000	100000	100000	50000	3000	1	weaken_deadlystrike_v	1317|0|0			24000	<i18n=29658>
3	78	10|12	400	7	3	200000	100000	100000	50000	3000	1	weaken_deadlystrike_v	1329|0|0			24400	<i18n=29658>
3	79	10|12	400	7	3	200000	100000	100000	50000	3000	1	weaken_deadlystrike_v	1342|0|0			24800	<i18n=29658>
3	80	10|12	400	7	3	200000	100000	100000	50000	3000	1	weaken_deadlystrike_v	1387|0|0			25200	<i18n=29658>
3	81	10|12	400	8	3	200000	100000	100000	50000	3000	1	weaken_deadlystrike_v	1398|0|0			25600	<i18n=29658>
3	82	10|12	400	8	3	200000	100000	100000	50000	3000	1	weaken_deadlystrike_v	1409|0|0			26000	<i18n=29658>
3	83	10|12	400	8	3	200000	100000	100000	50000	3000	1	weaken_deadlystrike_v	1421|0|0			26400	<i18n=29658>
3	84	10|12	400	8	3	200000	100000	100000	50000	3000	1	weaken_deadlystrike_v	1432|0|0			26800	<i18n=29658>
3	85	10|12	400	8	3	200000	100000	100000	50000	3000	1	weaken_deadlystrike_v	1443|0|0			27200	<i18n=29658>
3	86	10|12	400	8	3	200000	100000	100000	50000	3000	1	weaken_deadlystrike_v	1454|0|0			27600	<i18n=29658>
3	87	10|12	400	8	3	200000	100000	100000	50000	3000	1	weaken_deadlystrike_v	1465|0|0			28000	<i18n=29658>
3	88	10|12	400	8	3	200000	100000	100000	50000	3000	1	weaken_deadlystrike_v	1477|0|0			28400	<i18n=29658>
3	89	10|12	400	8	3	200000	100000	100000	50000	3000	1	weaken_deadlystrike_v	1488|0|0			28800	<i18n=29658>
3	90	10|12	400	8	3	200000	100000	100000	50000	3000	1	weaken_deadlystrike_v	1527|0|0			29200	<i18n=29658>
3	91	10|12	400	9	3	200000	100000	100000	50000	3000	1	weaken_deadlystrike_v	1537|0|0			29600	<i18n=29658>
3	92	10|12	400	9	3	200000	100000	100000	50000	3000	1	weaken_deadlystrike_v	1546|0|0			30000	<i18n=29658>
3	93	10|12	400	9	3	200000	100000	100000	50000	3000	1	weaken_deadlystrike_v	1556|0|0			30400	<i18n=29658>
3	94	10|12	400	9	3	200000	100000	100000	50000	3000	1	weaken_deadlystrike_v	1565|0|0			30800	<i18n=29658>
3	95	10|12	400	9	3	200000	100000	100000	50000	3000	1	weaken_deadlystrike_v	1575|0|0			31200	<i18n=29658>
3	96	10|12	400	9	3	200000	100000	100000	50000	3000	1	weaken_deadlystrike_v	1585|0|0			31600	<i18n=29658>
3	97	10|12	400	9	3	200000	100000	100000	50000	3000	1	weaken_deadlystrike_v	1594|0|0			32000	<i18n=29658>
3	98	10|12	400	9	3	200000	100000	100000	50000	3000	1	weaken_deadlystrike_v	1604|0|0			32400	<i18n=29658>
3	99	10|12	400	9	3	200000	100000	100000	50000	3000	1	weaken_deadlystrike_v	1613|0|0			32800	<i18n=29658>
3	100	10|12	400	9	3	200000	100000	100000	50000	3000	1	weaken_deadlystrike_v	1647|0|0			33200	<i18n=29658>
3	101	10|12	400	10	3	200000	100000	100000	50000	3000	1	weaken_deadlystrike_v	1655|0|0			33600	<i18n=29658>
3	102	10|12	400	10	3	200000	100000	100000	50000	3000	1	weaken_deadlystrike_v	1663|0|0			34000	<i18n=29658>
3	103	10|12	400	10	3	200000	100000	100000	50000	3000	1	weaken_deadlystrike_v	1671|0|0			34400	<i18n=29658>
3	104	10|12	400	10	3	200000	100000	100000	50000	3000	1	weaken_deadlystrike_v	1679|0|0			34800	<i18n=29658>
3	105	10|12	400	10	3	200000	100000	100000	50000	3000	1	weaken_deadlystrike_v	1687|0|0			35200	<i18n=29658>
3	106	10|12	400	10	3	200000	100000	100000	50000	3000	1	weaken_deadlystrike_v	1695|0|0			35600	<i18n=29658>
3	107	10|12	400	10	3	200000	100000	100000	50000	3000	1	weaken_deadlystrike_v	1703|0|0			36000	<i18n=29658>
3	108	10|12	400	10	3	200000	100000	100000	50000	3000	1	weaken_deadlystrike_v	1711|0|0			36400	<i18n=29658>
3	109	10|12	400	10	3	200000	100000	100000	50000	3000	1	weaken_deadlystrike_v	1719|0|0			36800	<i18n=29658>
3	110	10|12	400	10	3	200000	100000	100000	50000	3000	1	weaken_deadlystrike_v	1747|0|0			37200	<i18n=29658>
4	0	12|13	0	0	0						1	all_series_resist_v	17|0|0			200	<i18n=29657>
4	1	12|13	200	0	2	200000	100000	100000	50000	2000	1	all_series_resist_v	29|0|0			400	<i18n=29657>
4	2	12|13	200	0	2	200000	100000	100000	50000	2000	1	all_series_resist_v	41|0|0			600	<i18n=29657>
4	3	12|13	200	0	2	200000	100000	100000	50000	2000	1	all_series_resist_v	53|0|0			800	<i18n=29657>
4	4	12|13	200	0	2	200000	100000	100000	50000	2000	1	all_series_resist_v	65|0|0			1000	<i18n=29657>
4	5	12|13	200	0	2	200000	100000	100000	50000	2000	1	all_series_resist_v	77|0|0			1200	<i18n=29657>
4	6	12|13	200	0	2	200000	100000	100000	50000	2000	1	all_series_resist_v	89|0|0			1400	<i18n=29657>
4	7	12|13	200	0	2	200000	100000	100000	50000	2000	1	all_series_resist_v	101|0|0			1600	<i18n=29657>
4	8	12|13	200	0	2	200000	100000	100000	50000	2000	1	all_series_resist_v	113|0|0			1800	<i18n=29657>
4	9	12|13	200	0	2	200000	100000	100000	50000	2000	1	all_series_resist_v	125|0|0			2000	<i18n=29657>
4	10	12|13	200	0	2	200000	100000	100000	50000	2000	1	all_series_resist_v	167|0|0			2200	<i18n=29657>
4	11	12|13	200	1	2	200000	100000	100000	50000	2000	1	all_series_resist_v	178|0|0			2400	<i18n=29657>
4	12	12|13	200	1	2	200000	100000	100000	50000	2000	1	all_series_resist_v	189|0|0			2600	<i18n=29657>
4	13	12|13	200	1	2	200000	100000	100000	50000	2000	1	all_series_resist_v	201|0|0			2800	<i18n=29657>
4	14	12|13	200	1	2	200000	100000	100000	50000	2000	1	all_series_resist_v	212|0|0			3000	<i18n=29657>
4	15	12|13	200	1	2	200000	100000	100000	50000	2000	1	all_series_resist_v	223|0|0			3200	<i18n=29657>
4	16	12|13	200	1	2	200000	100000	100000	50000	2000	1	all_series_resist_v	234|0|0			3400	<i18n=29657>
4	17	12|13	200	1	2	200000	100000	100000	50000	2000	1	all_series_resist_v	245|0|0			3600	<i18n=29657>
4	18	12|13	200	1	2	200000	100000	100000	50000	2000	1	all_series_resist_v	257|0|0			3800	<i18n=29657>
4	19	12|13	200	1	2	200000	100000	100000	50000	2000	1	all_series_resist_v	268|0|0			4000	<i18n=29657>
4	20	12|13	200	1	2	200000	100000	100000	50000	2000	1	all_series_resist_v	307|0|0			4200	<i18n=29657>
4	21	12|13	300	2	2	200000	100000	100000	50000	2000	1	all_series_resist_v	323|0|0			4500	<i18n=29657>
4	22	12|13	300	2	2	200000	100000	100000	50000	2000	1	all_series_resist_v	338|0|0			4800	<i18n=29657>
4	23	12|13	300	2	2	200000	100000	100000	50000	2000	1	all_series_resist_v	354|0|0			5100	<i18n=29657>
4	24	12|13	300	2	2	200000	100000	100000	50000	2000	1	all_series_resist_v	369|0|0			5400	<i18n=29657>
4	25	12|13	300	2	2	200000	100000	100000	50000	2000	1	all_series_resist_v	385|0|0			5700	<i18n=29657>
4	26	12|13	300	2	2	200000	100000	100000	50000	2000	1	all_series_resist_v	401|0|0			6000	<i18n=29657>
4	27	12|13	300	2	2	200000	100000	100000	50000	2000	1	all_series_resist_v	416|0|0			6300	<i18n=29657>
4	28	12|13	300	2	2	200000	100000	100000	50000	2000	1	all_series_resist_v	432|0|0			6600	<i18n=29657>
4	29	12|13	300	2	2	200000	100000	100000	50000	2000	1	all_series_resist_v	447|0|0			6900	<i18n=29657>
4	30	12|13	300	2	2	200000	100000	100000	50000	2000	1	all_series_resist_v	502|0|0			7200	<i18n=29657>
4	31	12|13	300	3	2	200000	100000	100000	50000	2000	1	all_series_resist_v	516|0|0			7500	<i18n=29657>
4	32	12|13	300	3	2	200000	100000	100000	50000	2000	1	all_series_resist_v	531|0|0			7800	<i18n=29657>
4	33	12|13	300	3	2	200000	100000	100000	50000	2000	1	all_series_resist_v	545|0|0			8100	<i18n=29657>
4	34	12|13	300	3	2	200000	100000	100000	50000	2000	1	all_series_resist_v	560|0|0			8400	<i18n=29657>
4	35	12|13	300	3	2	200000	100000	100000	50000	2000	1	all_series_resist_v	574|0|0			8700	<i18n=29657>
4	36	12|13	300	3	2	200000	100000	100000	50000	2000	1	all_series_resist_v	588|0|0			9000	<i18n=29657>
4	37	12|13	300	3	2	200000	100000	100000	50000	2000	1	all_series_resist_v	603|0|0			9300	<i18n=29657>
4	38	12|13	300	3	2	200000	100000	100000	50000	2000	1	all_series_resist_v	617|0|0			9600	<i18n=29657>
4	39	12|13	300	3	2	200000	100000	100000	50000	2000	1	all_series_resist_v	632|0|0			9900	<i18n=29657>
4	40	12|13	300	3	2	200000	100000	100000	50000	2000	1	all_series_resist_v	682|0|0			10200	<i18n=29657>
4	41	12|13	300	4	2	200000	100000	100000	50000	2000	1	all_series_resist_v	695|0|0			10500	<i18n=29657>
4	42	12|13	300	4	2	200000	100000	100000	50000	2000	1	all_series_resist_v	708|0|0			10800	<i18n=29657>
4	43	12|13	300	4	2	200000	100000	100000	50000	2000	1	all_series_resist_v	722|0|0			11100	<i18n=29657>
4	44	12|13	300	4	2	200000	100000	100000	50000	2000	1	all_series_resist_v	735|0|0			11400	<i18n=29657>
4	45	12|13	300	4	2	200000	100000	100000	50000	2000	1	all_series_resist_v	748|0|0			11700	<i18n=29657>
4	46	12|13	300	4	2	200000	100000	100000	50000	2000	1	all_series_resist_v	761|0|0			12000	<i18n=29657>
4	47	12|13	300	4	2	200000	100000	100000	50000	2000	1	all_series_resist_v	774|0|0			12300	<i18n=29657>
4	48	12|13	300	4	2	200000	100000	100000	50000	2000	1	all_series_resist_v	788|0|0			12600	<i18n=29657>
4	49	12|13	300	4	2	200000	100000	100000	50000	2000	1	all_series_resist_v	801|0|0			12900	<i18n=29657>
4	50	12|13	300	4	2	200000	100000	100000	50000	2000	1	all_series_resist_v	847|0|0			13200	<i18n=29657>
4	51	12|13	400	5	3	200000	100000	100000	50000	3000	1	all_series_resist_v	863|0|0			13600	<i18n=29657>
4	52	12|13	400	5	3	200000	100000	100000	50000	3000	1	all_series_resist_v	879|0|0			14000	<i18n=29657>
4	53	12|13	400	5	3	200000	100000	100000	50000	3000	1	all_series_resist_v	895|0|0			14400	<i18n=29657>
4	54	12|13	400	5	3	200000	100000	100000	50000	3000	1	all_series_resist_v	911|0|0			14800	<i18n=29657>
4	55	12|13	400	5	3	200000	100000	100000	50000	3000	1	all_series_resist_v	927|0|0			15200	<i18n=29657>
4	56	12|13	400	5	3	200000	100000	100000	50000	3000	1	all_series_resist_v	943|0|0			15600	<i18n=29657>
4	57	12|13	400	5	3	200000	100000	100000	50000	3000	1	all_series_resist_v	959|0|0			16000	<i18n=29657>
4	58	12|13	400	5	3	200000	100000	100000	50000	3000	1	all_series_resist_v	975|0|0			16400	<i18n=29657>
4	59	12|13	400	5	3	200000	100000	100000	50000	3000	1	all_series_resist_v	991|0|0			16800	<i18n=29657>
4	60	12|13	400	5	3	200000	100000	100000	50000	3000	1	all_series_resist_v	1047|0|0			17200	<i18n=29657>
4	61	12|13	400	6	3	200000	100000	100000	50000	3000	1	all_series_resist_v	1061|0|0			17600	<i18n=29657>
4	62	12|13	400	6	3	200000	100000	100000	50000	3000	1	all_series_resist_v	1076|0|0			18000	<i18n=29657>
4	63	12|13	400	6	3	200000	100000	100000	50000	3000	1	all_series_resist_v	1090|0|0			18400	<i18n=29657>
4	64	12|13	400	6	3	200000	100000	100000	50000	3000	1	all_series_resist_v	1105|0|0			18800	<i18n=29657>
4	65	12|13	400	6	3	200000	100000	100000	50000	3000	1	all_series_resist_v	1119|0|0			19200	<i18n=29657>
4	66	12|13	400	6	3	200000	100000	100000	50000	3000	1	all_series_resist_v	1133|0|0			19600	<i18n=29657>
4	67	12|13	400	6	3	200000	100000	100000	50000	3000	1	all_series_resist_v	1148|0|0			20000	<i18n=29657>
4	68	12|13	400	6	3	200000	100000	100000	50000	3000	1	all_series_resist_v	1162|0|0			20400	<i18n=29657>
4	69	12|13	400	6	3	200000	100000	100000	50000	3000	1	all_series_resist_v	1177|0|0			20800	<i18n=29657>
4	70	12|13	400	6	3	200000	100000	100000	50000	3000	1	all_series_resist_v	1227|0|0			21200	<i18n=29657>
4	71	12|13	400	7	3	200000	100000	100000	50000	3000	1	all_series_resist_v	1240|0|0			21600	<i18n=29657>
4	72	12|13	400	7	3	200000	100000	100000	50000	3000	1	all_series_resist_v	1253|0|0			22000	<i18n=29657>
4	73	12|13	400	7	3	200000	100000	100000	50000	3000	1	all_series_resist_v	1265|0|0			22400	<i18n=29657>
4	74	12|13	400	7	3	200000	100000	100000	50000	3000	1	all_series_resist_v	1278|0|0			22800	<i18n=29657>
4	75	12|13	400	7	3	200000	100000	100000	50000	3000	1	all_series_resist_v	1291|0|0			23200	<i18n=29657>
4	76	12|13	400	7	3	200000	100000	100000	50000	3000	1	all_series_resist_v	1304|0|0			23600	<i18n=29657>
4	77	12|13	400	7	3	200000	100000	100000	50000	3000	1	all_series_resist_v	1317|0|0			24000	<i18n=29657>
4	78	12|13	400	7	3	200000	100000	100000	50000	3000	1	all_series_resist_v	1329|0|0			24400	<i18n=29657>
4	79	12|13	400	7	3	200000	100000	100000	50000	3000	1	all_series_resist_v	1342|0|0			24800	<i18n=29657>
4	80	12|13	400	7	3	200000	100000	100000	50000	3000	1	all_series_resist_v	1387|0|0			25200	<i18n=29657>
4	81	12|13	400	8	3	200000	100000	100000	50000	3000	1	all_series_resist_v	1398|0|0			25600	<i18n=29657>
4	82	12|13	400	8	3	200000	100000	100000	50000	3000	1	all_series_resist_v	1409|0|0			26000	<i18n=29657>
4	83	12|13	400	8	3	200000	100000	100000	50000	3000	1	all_series_resist_v	1421|0|0			26400	<i18n=29657>
4	84	12|13	400	8	3	200000	100000	100000	50000	3000	1	all_series_resist_v	1432|0|0			26800	<i18n=29657>
4	85	12|13	400	8	3	200000	100000	100000	50000	3000	1	all_series_resist_v	1443|0|0			27200	<i18n=29657>
4	86	12|13	400	8	3	200000	100000	100000	50000	3000	1	all_series_resist_v	1454|0|0			27600	<i18n=29657>
4	87	12|13	400	8	3	200000	100000	100000	50000	3000	1	all_series_resist_v	1465|0|0			28000	<i18n=29657>
4	88	12|13	400	8	3	200000	100000	100000	50000	3000	1	all_series_resist_v	1477|0|0			28400	<i18n=29657>
4	89	12|13	400	8	3	200000	100000	100000	50000	3000	1	all_series_resist_v	1488|0|0			28800	<i18n=29657>
4	90	12|13	400	8	3	200000	100000	100000	50000	3000	1	all_series_resist_v	1527|0|0			29200	<i18n=29657>
4	91	12|13	400	9	3	200000	100000	100000	50000	3000	1	all_series_resist_v	1537|0|0			29600	<i18n=29657>
4	92	12|13	400	9	3	200000	100000	100000	50000	3000	1	all_series_resist_v	1546|0|0			30000	<i18n=29657>
4	93	12|13	400	9	3	200000	100000	100000	50000	3000	1	all_series_resist_v	1556|0|0			30400	<i18n=29657>
4	94	12|13	400	9	3	200000	100000	100000	50000	3000	1	all_series_resist_v	1565|0|0			30800	<i18n=29657>
4	95	12|13	400	9	3	200000	100000	100000	50000	3000	1	all_series_resist_v	1575|0|0			31200	<i18n=29657>
4	96	12|13	400	9	3	200000	100000	100000	50000	3000	1	all_series_resist_v	1585|0|0			31600	<i18n=29657>
4	97	12|13	400	9	3	200000	100000	100000	50000	3000	1	all_series_resist_v	1594|0|0			32000	<i18n=29657>
4	98	12|13	400	9	3	200000	100000	100000	50000	3000	1	all_series_resist_v	1604|0|0			32400	<i18n=29657>
4	99	12|13	400	9	3	200000	100000	100000	50000	3000	1	all_series_resist_v	1613|0|0			32800	<i18n=29657>
4	100	12|13	400	9	3	200000	100000	100000	50000	3000	1	all_series_resist_v	1647|0|0			33200	<i18n=29657>
4	101	12|13	400	10	3	200000	100000	100000	50000	3000	1	all_series_resist_v	1655|0|0			33600	<i18n=29657>
4	102	12|13	400	10	3	200000	100000	100000	50000	3000	1	all_series_resist_v	1663|0|0			34000	<i18n=29657>
4	103	12|13	400	10	3	200000	100000	100000	50000	3000	1	all_series_resist_v	1671|0|0			34400	<i18n=29657>
4	104	12|13	400	10	3	200000	100000	100000	50000	3000	1	all_series_resist_v	1679|0|0			34800	<i18n=29657>
4	105	12|13	400	10	3	200000	100000	100000	50000	3000	1	all_series_resist_v	1687|0|0			35200	<i18n=29657>
4	106	12|13	400	10	3	200000	100000	100000	50000	3000	1	all_series_resist_v	1695|0|0			35600	<i18n=29657>
4	107	12|13	400	10	3	200000	100000	100000	50000	3000	1	all_series_resist_v	1703|0|0			36000	<i18n=29657>
4	108	12|13	400	10	3	200000	100000	100000	50000	3000	1	all_series_resist_v	1711|0|0			36400	<i18n=29657>
4	109	12|13	400	10	3	200000	100000	100000	50000	3000	1	all_series_resist_v	1719|0|0			36800	<i18n=29657>
4	110	12|13	400	10	3	200000	100000	100000	50000	3000	1	all_series_resist_v	1747|0|0			37200	<i18n=29657>
5	0	13|9	0	0	0						1	ignore_defense_v	17|0|0			200	<i18n=29476>
5	1	13|9	200	0	2	200000	100000	100000	50000	2000	1	ignore_defense_v	29|0|0			400	<i18n=29476>
5	2	13|9	200	0	2	200000	100000	100000	50000	2000	1	ignore_defense_v	41|0|0			600	<i18n=29476>
5	3	13|9	200	0	2	200000	100000	100000	50000	2000	1	ignore_defense_v	53|0|0			800	<i18n=29476>
5	4	13|9	200	0	2	200000	100000	100000	50000	2000	1	ignore_defense_v	65|0|0			1000	<i18n=29476>
5	5	13|9	200	0	2	200000	100000	100000	50000	2000	1	ignore_defense_v	77|0|0			1200	<i18n=29476>
5	6	13|9	200	0	2	200000	100000	100000	50000	2000	1	ignore_defense_v	89|0|0			1400	<i18n=29476>
5	7	13|9	200	0	2	200000	100000	100000	50000	2000	1	ignore_defense_v	101|0|0			1600	<i18n=29476>
5	8	13|9	200	0	2	200000	100000	100000	50000	2000	1	ignore_defense_v	113|0|0			1800	<i18n=29476>
5	9	13|9	200	0	2	200000	100000	100000	50000	2000	1	ignore_defense_v	125|0|0			2000	<i18n=29476>
5	10	13|9	200	0	2	200000	100000	100000	50000	2000	1	ignore_defense_v	167|0|0			2200	<i18n=29476>
5	11	13|9	200	1	2	200000	100000	100000	50000	2000	1	ignore_defense_v	178|0|0			2400	<i18n=29476>
5	12	13|9	200	1	2	200000	100000	100000	50000	2000	1	ignore_defense_v	189|0|0			2600	<i18n=29476>
5	13	13|9	200	1	2	200000	100000	100000	50000	2000	1	ignore_defense_v	201|0|0			2800	<i18n=29476>
5	14	13|9	200	1	2	200000	100000	100000	50000	2000	1	ignore_defense_v	212|0|0			3000	<i18n=29476>
5	15	13|9	200	1	2	200000	100000	100000	50000	2000	1	ignore_defense_v	223|0|0			3200	<i18n=29476>
5	16	13|9	200	1	2	200000	100000	100000	50000	2000	1	ignore_defense_v	234|0|0			3400	<i18n=29476>
5	17	13|9	200	1	2	200000	100000	100000	50000	2000	1	ignore_defense_v	245|0|0			3600	<i18n=29476>
5	18	13|9	200	1	2	200000	100000	100000	50000	2000	1	ignore_defense_v	257|0|0			3800	<i18n=29476>
5	19	13|9	200	1	2	200000	100000	100000	50000	2000	1	ignore_defense_v	268|0|0			4000	<i18n=29476>
5	20	13|9	200	1	2	200000	100000	100000	50000	2000	1	ignore_defense_v	307|0|0			4200	<i18n=29476>
5	21	13|9	300	2	2	200000	100000	100000	50000	2000	1	ignore_defense_v	323|0|0			4500	<i18n=29476>
5	22	13|9	300	2	2	200000	100000	100000	50000	2000	1	ignore_defense_v	338|0|0			4800	<i18n=29476>
5	23	13|9	300	2	2	200000	100000	100000	50000	2000	1	ignore_defense_v	354|0|0			5100	<i18n=29476>
5	24	13|9	300	2	2	200000	100000	100000	50000	2000	1	ignore_defense_v	369|0|0			5400	<i18n=29476>
5	25	13|9	300	2	2	200000	100000	100000	50000	2000	1	ignore_defense_v	385|0|0			5700	<i18n=29476>
5	26	13|9	300	2	2	200000	100000	100000	50000	2000	1	ignore_defense_v	401|0|0			6000	<i18n=29476>
5	27	13|9	300	2	2	200000	100000	100000	50000	2000	1	ignore_defense_v	416|0|0			6300	<i18n=29476>
5	28	13|9	300	2	2	200000	100000	100000	50000	2000	1	ignore_defense_v	432|0|0			6600	<i18n=29476>
5	29	13|9	300	2	2	200000	100000	100000	50000	2000	1	ignore_defense_v	447|0|0			6900	<i18n=29476>
5	30	13|9	300	2	2	200000	100000	100000	50000	2000	1	ignore_defense_v	502|0|0			7200	<i18n=29476>
5	31	13|9	300	3	2	200000	100000	100000	50000	2000	1	ignore_defense_v	516|0|0			7500	<i18n=29476>
5	32	13|9	300	3	2	200000	100000	100000	50000	2000	1	ignore_defense_v	531|0|0			7800	<i18n=29476>
5	33	13|9	300	3	2	200000	100000	100000	50000	2000	1	ignore_defense_v	545|0|0			8100	<i18n=29476>
5	34	13|9	300	3	2	200000	100000	100000	50000	2000	1	ignore_defense_v	560|0|0			8400	<i18n=29476>
5	35	13|9	300	3	2	200000	100000	100000	50000	2000	1	ignore_defense_v	574|0|0			8700	<i18n=29476>
5	36	13|9	300	3	2	200000	100000	100000	50000	2000	1	ignore_defense_v	588|0|0			9000	<i18n=29476>
5	37	13|9	300	3	2	200000	100000	100000	50000	2000	1	ignore_defense_v	603|0|0			9300	<i18n=29476>
5	38	13|9	300	3	2	200000	100000	100000	50000	2000	1	ignore_defense_v	617|0|0			9600	<i18n=29476>
5	39	13|9	300	3	2	200000	100000	100000	50000	2000	1	ignore_defense_v	632|0|0			9900	<i18n=29476>
5	40	13|9	300	3	2	200000	100000	100000	50000	2000	1	ignore_defense_v	682|0|0			10200	<i18n=29476>
5	41	13|9	300	4	2	200000	100000	100000	50000	2000	1	ignore_defense_v	695|0|0			10500	<i18n=29476>
5	42	13|9	300	4	2	200000	100000	100000	50000	2000	1	ignore_defense_v	708|0|0			10800	<i18n=29476>
5	43	13|9	300	4	2	200000	100000	100000	50000	2000	1	ignore_defense_v	722|0|0			11100	<i18n=29476>
5	44	13|9	300	4	2	200000	100000	100000	50000	2000	1	ignore_defense_v	735|0|0			11400	<i18n=29476>
5	45	13|9	300	4	2	200000	100000	100000	50000	2000	1	ignore_defense_v	748|0|0			11700	<i18n=29476>
5	46	13|9	300	4	2	200000	100000	100000	50000	2000	1	ignore_defense_v	761|0|0			12000	<i18n=29476>
5	47	13|9	300	4	2	200000	100000	100000	50000	2000	1	ignore_defense_v	774|0|0			12300	<i18n=29476>
5	48	13|9	300	4	2	200000	100000	100000	50000	2000	1	ignore_defense_v	788|0|0			12600	<i18n=29476>
5	49	13|9	300	4	2	200000	100000	100000	50000	2000	1	ignore_defense_v	801|0|0			12900	<i18n=29476>
5	50	13|9	300	4	2	200000	100000	100000	50000	2000	1	ignore_defense_v	847|0|0			13200	<i18n=29476>
5	51	13|9	400	5	3	200000	100000	100000	50000	3000	1	ignore_defense_v	863|0|0			13600	<i18n=29476>
5	52	13|9	400	5	3	200000	100000	100000	50000	3000	1	ignore_defense_v	879|0|0			14000	<i18n=29476>
5	53	13|9	400	5	3	200000	100000	100000	50000	3000	1	ignore_defense_v	895|0|0			14400	<i18n=29476>
5	54	13|9	400	5	3	200000	100000	100000	50000	3000	1	ignore_defense_v	911|0|0			14800	<i18n=29476>
5	55	13|9	400	5	3	200000	100000	100000	50000	3000	1	ignore_defense_v	927|0|0			15200	<i18n=29476>
5	56	13|9	400	5	3	200000	100000	100000	50000	3000	1	ignore_defense_v	943|0|0			15600	<i18n=29476>
5	57	13|9	400	5	3	200000	100000	100000	50000	3000	1	ignore_defense_v	959|0|0			16000	<i18n=29476>
5	58	13|9	400	5	3	200000	100000	100000	50000	3000	1	ignore_defense_v	975|0|0			16400	<i18n=29476>
5	59	13|9	400	5	3	200000	100000	100000	50000	3000	1	ignore_defense_v	991|0|0			16800	<i18n=29476>
5	60	13|9	400	5	3	200000	100000	100000	50000	3000	1	ignore_defense_v	1047|0|0			17200	<i18n=29476>
5	61	13|9	400	6	3	200000	100000	100000	50000	3000	1	ignore_defense_v	1061|0|0			17600	<i18n=29476>
5	62	13|9	400	6	3	200000	100000	100000	50000	3000	1	ignore_defense_v	1076|0|0			18000	<i18n=29476>
5	63	13|9	400	6	3	200000	100000	100000	50000	3000	1	ignore_defense_v	1090|0|0			18400	<i18n=29476>
5	64	13|9	400	6	3	200000	100000	100000	50000	3000	1	ignore_defense_v	1105|0|0			18800	<i18n=29476>
5	65	13|9	400	6	3	200000	100000	100000	50000	3000	1	ignore_defense_v	1119|0|0			19200	<i18n=29476>
5	66	13|9	400	6	3	200000	100000	100000	50000	3000	1	ignore_defense_v	1133|0|0			19600	<i18n=29476>
5	67	13|9	400	6	3	200000	100000	100000	50000	3000	1	ignore_defense_v	1148|0|0			20000	<i18n=29476>
5	68	13|9	400	6	3	200000	100000	100000	50000	3000	1	ignore_defense_v	1162|0|0			20400	<i18n=29476>
5	69	13|9	400	6	3	200000	100000	100000	50000	3000	1	ignore_defense_v	1177|0|0			20800	<i18n=29476>
5	70	13|9	400	6	3	200000	100000	100000	50000	3000	1	ignore_defense_v	1227|0|0			21200	<i18n=29476>
5	71	13|9	400	7	3	200000	100000	100000	50000	3000	1	ignore_defense_v	1240|0|0			21600	<i18n=29476>
5	72	13|9	400	7	3	200000	100000	100000	50000	3000	1	ignore_defense_v	1253|0|0			22000	<i18n=29476>
5	73	13|9	400	7	3	200000	100000	100000	50000	3000	1	ignore_defense_v	1265|0|0			22400	<i18n=29476>
5	74	13|9	400	7	3	200000	100000	100000	50000	3000	1	ignore_defense_v	1278|0|0			22800	<i18n=29476>
5	75	13|9	400	7	3	200000	100000	100000	50000	3000	1	ignore_defense_v	1291|0|0			23200	<i18n=29476>
5	76	13|9	400	7	3	200000	100000	100000	50000	3000	1	ignore_defense_v	1304|0|0			23600	<i18n=29476>
5	77	13|9	400	7	3	200000	100000	100000	50000	3000	1	ignore_defense_v	1317|0|0			24000	<i18n=29476>
5	78	13|9	400	7	3	200000	100000	100000	50000	3000	1	ignore_defense_v	1329|0|0			24400	<i18n=29476>
5	79	13|9	400	7	3	200000	100000	100000	50000	3000	1	ignore_defense_v	1342|0|0			24800	<i18n=29476>
5	80	13|9	400	7	3	200000	100000	100000	50000	3000	1	ignore_defense_v	1387|0|0			25200	<i18n=29476>
5	81	13|9	400	8	3	200000	100000	100000	50000	3000	1	ignore_defense_v	1398|0|0			25600	<i18n=29476>
5	82	13|9	400	8	3	200000	100000	100000	50000	3000	1	ignore_defense_v	1409|0|0			26000	<i18n=29476>
5	83	13|9	400	8	3	200000	100000	100000	50000	3000	1	ignore_defense_v	1421|0|0			26400	<i18n=29476>
5	84	13|9	400	8	3	200000	100000	100000	50000	3000	1	ignore_defense_v	1432|0|0			26800	<i18n=29476>
5	85	13|9	400	8	3	200000	100000	100000	50000	3000	1	ignore_defense_v	1443|0|0			27200	<i18n=29476>
5	86	13|9	400	8	3	200000	100000	100000	50000	3000	1	ignore_defense_v	1454|0|0			27600	<i18n=29476>
5	87	13|9	400	8	3	200000	100000	100000	50000	3000	1	ignore_defense_v	1465|0|0			28000	<i18n=29476>
5	88	13|9	400	8	3	200000	100000	100000	50000	3000	1	ignore_defense_v	1477|0|0			28400	<i18n=29476>
5	89	13|9	400	8	3	200000	100000	100000	50000	3000	1	ignore_defense_v	1488|0|0			28800	<i18n=29476>
5	90	13|9	400	8	3	200000	100000	100000	50000	3000	1	ignore_defense_v	1527|0|0			29200	<i18n=29476>
5	91	13|9	400	9	3	200000	100000	100000	50000	3000	1	ignore_defense_v	1537|0|0			29600	<i18n=29476>
5	92	13|9	400	9	3	200000	100000	100000	50000	3000	1	ignore_defense_v	1546|0|0			30000	<i18n=29476>
5	93	13|9	400	9	3	200000	100000	100000	50000	3000	1	ignore_defense_v	1556|0|0			30400	<i18n=29476>
5	94	13|9	400	9	3	200000	100000	100000	50000	3000	1	ignore_defense_v	1565|0|0			30800	<i18n=29476>
5	95	13|9	400	9	3	200000	100000	100000	50000	3000	1	ignore_defense_v	1575|0|0			31200	<i18n=29476>
5	96	13|9	400	9	3	200000	100000	100000	50000	3000	1	ignore_defense_v	1585|0|0			31600	<i18n=29476>
5	97	13|9	400	9	3	200000	100000	100000	50000	3000	1	ignore_defense_v	1594|0|0			32000	<i18n=29476>
5	98	13|9	400	9	3	200000	100000	100000	50000	3000	1	ignore_defense_v	1604|0|0			32400	<i18n=29476>
5	99	13|9	400	9	3	200000	100000	100000	50000	3000	1	ignore_defense_v	1613|0|0			32800	<i18n=29476>
5	100	13|9	400	9	3	200000	100000	100000	50000	3000	1	ignore_defense_v	1647|0|0			33200	<i18n=29476>
5	101	13|9	400	10	3	200000	100000	100000	50000	3000	1	ignore_defense_v	1655|0|0			33600	<i18n=29476>
5	102	13|9	400	10	3	200000	100000	100000	50000	3000	1	ignore_defense_v	1663|0|0			34000	<i18n=29476>
5	103	13|9	400	10	3	200000	100000	100000	50000	3000	1	ignore_defense_v	1671|0|0			34400	<i18n=29476>
5	104	13|9	400	10	3	200000	100000	100000	50000	3000	1	ignore_defense_v	1679|0|0			34800	<i18n=29476>
5	105	13|9	400	10	3	200000	100000	100000	50000	3000	1	ignore_defense_v	1687|0|0			35200	<i18n=29476>
5	106	13|9	400	10	3	200000	100000	100000	50000	3000	1	ignore_defense_v	1695|0|0			35600	<i18n=29476>
5	107	13|9	400	10	3	200000	100000	100000	50000	3000	1	ignore_defense_v	1703|0|0			36000	<i18n=29476>
5	108	13|9	400	10	3	200000	100000	100000	50000	3000	1	ignore_defense_v	1711|0|0			36400	<i18n=29476>
5	109	13|9	400	10	3	200000	100000	100000	50000	3000	1	ignore_defense_v	1719|0|0			36800	<i18n=29476>
5	110	13|9	400	10	3	200000	100000	100000	50000	3000	1	ignore_defense_v	1747|0|0			37200	<i18n=29476>
1	111	9|11	400	11	3	200000	100000	100000	50000	3000	1	basic_damage_v	1755|0|1755			37600	<i18n=29462>
1	112	9|11	400	11	3	200000	100000	100000	50000	3000	1	basic_damage_v	1763|0|1763			38000	<i18n=29462>
1	113	9|11	400	11	3	200000	100000	100000	50000	3000	1	basic_damage_v	1771|0|1771			38400	<i18n=29462>
1	114	9|11	400	11	3	200000	100000	100000	50000	3000	1	basic_damage_v	1779|0|1779			38800	<i18n=29462>
1	115	9|11	400	11	3	200000	100000	100000	50000	3000	1	basic_damage_v	1787|0|1787			39200	<i18n=29462>
1	116	9|11	400	11	3	200000	100000	100000	50000	3000	1	basic_damage_v	1795|0|1795			39600	<i18n=29462>
1	117	9|11	400	11	3	200000	100000	100000	50000	3000	1	basic_damage_v	1803|0|1803			40000	<i18n=29462>
1	118	9|11	400	11	3	200000	100000	100000	50000	3000	1	basic_damage_v	1811|0|1811			40400	<i18n=29462>
1	119	9|11	400	11	3	200000	100000	100000	50000	3000	1	basic_damage_v	1819|0|1819			40800	<i18n=29462>
1	120	9|11	400	11	3	200000	100000	100000	50000	3000	1	basic_damage_v	1847|0|1847			41200	<i18n=29462>
1	121	9|11	400	12	3	200000	100000	100000	50000	3000	1	basic_damage_v	1855|0|1855			41600	<i18n=29462>
1	122	9|11	400	12	3	200000	100000	100000	50000	3000	1	basic_damage_v	1863|0|1863			42000	<i18n=29462>
1	123	9|11	400	12	3	200000	100000	100000	50000	3000	1	basic_damage_v	1871|0|1871			42400	<i18n=29462>
1	124	9|11	400	12	3	200000	100000	100000	50000	3000	1	basic_damage_v	1879|0|1879			42800	<i18n=29462>
1	125	9|11	400	12	3	200000	100000	100000	50000	3000	1	basic_damage_v	1887|0|1887			43200	<i18n=29462>
1	126	9|11	400	12	3	200000	100000	100000	50000	3000	1	basic_damage_v	1895|0|1895			43600	<i18n=29462>
1	127	9|11	400	12	3	200000	100000	100000	50000	3000	1	basic_damage_v	1903|0|1903			44000	<i18n=29462>
1	128	9|11	400	12	3	200000	100000	100000	50000	3000	1	basic_damage_v	1911|0|1911			44400	<i18n=29462>
1	129	9|11	400	12	3	200000	100000	100000	50000	3000	1	basic_damage_v	1919|0|1919			44800	<i18n=29462>
1	130	9|11	400	12	3	200000	100000	100000	50000	3000	1	basic_damage_v	1947|0|1947			45200	<i18n=29462>
1	131	9|11	400	13	3	200000	100000	100000	50000	3000	1	basic_damage_v	1955|0|1955			45600	<i18n=29462>
1	132	9|11	400	13	3	200000	100000	100000	50000	3000	1	basic_damage_v	1963|0|1963			46000	<i18n=29462>
1	133	9|11	400	13	3	200000	100000	100000	50000	3000	1	basic_damage_v	1971|0|1971			46400	<i18n=29462>
1	134	9|11	400	13	3	200000	100000	100000	50000	3000	1	basic_damage_v	1979|0|1979			46800	<i18n=29462>
1	135	9|11	400	13	3	200000	100000	100000	50000	3000	1	basic_damage_v	1987|0|1987			47200	<i18n=29462>
1	136	9|11	400	13	3	200000	100000	100000	50000	3000	1	basic_damage_v	1995|0|1995			47600	<i18n=29462>
1	137	9|11	400	13	3	200000	100000	100000	50000	3000	1	basic_damage_v	2003|0|2003			48000	<i18n=29462>
1	138	9|11	400	13	3	200000	100000	100000	50000	3000	1	basic_damage_v	2011|0|2011			48400	<i18n=29462>
1	139	9|11	400	13	3	200000	100000	100000	50000	3000	1	basic_damage_v	2019|0|2019			48800	<i18n=29462>
1	140	9|11	400	13	3	200000	100000	100000	50000	3000	1	basic_damage_v	2047|0|2047			49200	<i18n=29462>
1	141	9|11	400	14	3	200000	100000	100000	50000	3000	1	basic_damage_v	2055|0|2055			49600	<i18n=29462>
1	142	9|11	400	14	3	200000	100000	100000	50000	3000	1	basic_damage_v	2063|0|2063			50000	<i18n=29462>
1	143	9|11	400	14	3	200000	100000	100000	50000	3000	1	basic_damage_v	2071|0|2071			50400	<i18n=29462>
1	144	9|11	400	14	3	200000	100000	100000	50000	3000	1	basic_damage_v	2079|0|2079			50800	<i18n=29462>
1	145	9|11	400	14	3	200000	100000	100000	50000	3000	1	basic_damage_v	2087|0|2087			51200	<i18n=29462>
1	146	9|11	400	14	3	200000	100000	100000	50000	3000	1	basic_damage_v	2095|0|2095			51600	<i18n=29462>
1	147	9|11	400	14	3	200000	100000	100000	50000	3000	1	basic_damage_v	2103|0|2103			52000	<i18n=29462>
1	148	9|11	400	14	3	200000	100000	100000	50000	3000	1	basic_damage_v	2111|0|2111			52400	<i18n=29462>
1	149	9|11	400	14	3	200000	100000	100000	50000	3000	1	basic_damage_v	2119|0|2119			52800	<i18n=29462>
1	150	9|11	400	14	3	200000	100000	100000	50000	3000	1	basic_damage_v	2147|0|2147			53200	<i18n=29462>
1	151	9|11	400	15	3	200000	100000	100000	50000	3000	1	basic_damage_v	2155|0|2155			53600	<i18n=29462>
1	152	9|11	400	15	3	200000	100000	100000	50000	3000	1	basic_damage_v	2163|0|2163			54000	<i18n=29462>
1	153	9|11	400	15	3	200000	100000	100000	50000	3000	1	basic_damage_v	2171|0|2171			54400	<i18n=29462>
1	154	9|11	400	15	3	200000	100000	100000	50000	3000	1	basic_damage_v	2179|0|2179			54800	<i18n=29462>
1	155	9|11	400	15	3	200000	100000	100000	50000	3000	1	basic_damage_v	2187|0|2187			55200	<i18n=29462>
1	156	9|11	400	15	3	200000	100000	100000	50000	3000	1	basic_damage_v	2195|0|2195			55600	<i18n=29462>
1	157	9|11	400	15	3	200000	100000	100000	50000	3000	1	basic_damage_v	2203|0|2203			56000	<i18n=29462>
1	158	9|11	400	15	3	200000	100000	100000	50000	3000	1	basic_damage_v	2211|0|2211			56400	<i18n=29462>
1	159	9|11	400	15	3	200000	100000	100000	50000	3000	1	basic_damage_v	2219|0|2219			56800	<i18n=29462>
1	160	9|11	400	15	3	200000	100000	100000	50000	3000	1	basic_damage_v	2247|0|2247			57200	<i18n=29462>
2	111	11|10	400	11	3	200000	100000	100000	50000	3000	1	lifemax_v	35108|0|0			37600	<i18n=29662>
2	112	11|10	400	11	3	200000	100000	100000	50000	3000	1	lifemax_v	35268|0|0			38000	<i18n=29662>
2	113	11|10	400	11	3	200000	100000	100000	50000	3000	1	lifemax_v	35428|0|0			38400	<i18n=29662>
2	114	11|10	400	11	3	200000	100000	100000	50000	3000	1	lifemax_v	35588|0|0			38800	<i18n=29662>
2	115	11|10	400	11	3	200000	100000	100000	50000	3000	1	lifemax_v	35748|0|0			39200	<i18n=29662>
2	116	11|10	400	11	3	200000	100000	100000	50000	3000	1	lifemax_v	35908|0|0			39600	<i18n=29662>
2	117	11|10	400	11	3	200000	100000	100000	50000	3000	1	lifemax_v	36068|0|0			40000	<i18n=29662>
2	118	11|10	400	11	3	200000	100000	100000	50000	3000	1	lifemax_v	36228|0|0			40400	<i18n=29662>
2	119	11|10	400	11	3	200000	100000	100000	50000	3000	1	lifemax_v	36388|0|0			40800	<i18n=29662>
2	120	11|10	400	11	3	200000	100000	100000	50000	3000	1	lifemax_v	36948|0|0			41200	<i18n=29662>
2	121	11|10	400	12	3	200000	100000	100000	50000	3000	1	lifemax_v	37108|0|0			41600	<i18n=29662>
2	122	11|10	400	12	3	200000	100000	100000	50000	3000	1	lifemax_v	37268|0|0			42000	<i18n=29662>
2	123	11|10	400	12	3	200000	100000	100000	50000	3000	1	lifemax_v	37428|0|0			42400	<i18n=29662>
2	124	11|10	400	12	3	200000	100000	100000	50000	3000	1	lifemax_v	37588|0|0			42800	<i18n=29662>
2	125	11|10	400	12	3	200000	100000	100000	50000	3000	1	lifemax_v	37748|0|0			43200	<i18n=29662>
2	126	11|10	400	12	3	200000	100000	100000	50000	3000	1	lifemax_v	37908|0|0			43600	<i18n=29662>
2	127	11|10	400	12	3	200000	100000	100000	50000	3000	1	lifemax_v	38068|0|0			44000	<i18n=29662>
2	128	11|10	400	12	3	200000	100000	100000	50000	3000	1	lifemax_v	38228|0|0			44400	<i18n=29662>
2	129	11|10	400	12	3	200000	100000	100000	50000	3000	1	lifemax_v	38388|0|0			44800	<i18n=29662>
2	130	11|10	400	12	3	200000	100000	100000	50000	3000	1	lifemax_v	38948|0|0			45200	<i18n=29662>
2	131	11|10	400	13	3	200000	100000	100000	50000	3000	1	lifemax_v	39108|0|0			45600	<i18n=29662>
2	132	11|10	400	13	3	200000	100000	100000	50000	3000	1	lifemax_v	39268|0|0			46000	<i18n=29662>
2	133	11|10	400	13	3	200000	100000	100000	50000	3000	1	lifemax_v	39428|0|0			46400	<i18n=29662>
2	134	11|10	400	13	3	200000	100000	100000	50000	3000	1	lifemax_v	39588|0|0			46800	<i18n=29662>
2	135	11|10	400	13	3	200000	100000	100000	50000	3000	1	lifemax_v	39748|0|0			47200	<i18n=29662>
2	136	11|10	400	13	3	200000	100000	100000	50000	3000	1	lifemax_v	39908|0|0			47600	<i18n=29662>
2	137	11|10	400	13	3	200000	100000	100000	50000	3000	1	lifemax_v	40068|0|0			48000	<i18n=29662>
2	138	11|10	400	13	3	200000	100000	100000	50000	3000	1	lifemax_v	40228|0|0			48400	<i18n=29662>
2	139	11|10	400	13	3	200000	100000	100000	50000	3000	1	lifemax_v	40388|0|0			48800	<i18n=29662>
2	140	11|10	400	13	3	200000	100000	100000	50000	3000	1	lifemax_v	40948|0|0			49200	<i18n=29662>
2	141	11|10	400	14	3	200000	100000	100000	50000	3000	1	lifemax_v	41108|0|0			49600	<i18n=29662>
2	142	11|10	400	14	3	200000	100000	100000	50000	3000	1	lifemax_v	41268|0|0			50000	<i18n=29662>
2	143	11|10	400	14	3	200000	100000	100000	50000	3000	1	lifemax_v	41428|0|0			50400	<i18n=29662>
2	144	11|10	400	14	3	200000	100000	100000	50000	3000	1	lifemax_v	41588|0|0			50800	<i18n=29662>
2	145	11|10	400	14	3	200000	100000	100000	50000	3000	1	lifemax_v	41748|0|0			51200	<i18n=29662>
2	146	11|10	400	14	3	200000	100000	100000	50000	3000	1	lifemax_v	41908|0|0			51600	<i18n=29662>
2	147	11|10	400	14	3	200000	100000	100000	50000	3000	1	lifemax_v	42068|0|0			52000	<i18n=29662>
2	148	11|10	400	14	3	200000	100000	100000	50000	3000	1	lifemax_v	42228|0|0			52400	<i18n=29662>
2	149	11|10	400	14	3	200000	100000	100000	50000	3000	1	lifemax_v	42388|0|0			52800	<i18n=29662>
2	150	11|10	400	14	3	200000	100000	100000	50000	3000	1	lifemax_v	42948|0|0			53200	<i18n=29662>
2	151	11|10	400	15	3	200000	100000	100000	50000	3000	1	lifemax_v	43108|0|0			53600	<i18n=29662>
2	152	11|10	400	15	3	200000	100000	100000	50000	3000	1	lifemax_v	43268|0|0			54000	<i18n=29662>
2	153	11|10	400	15	3	200000	100000	100000	50000	3000	1	lifemax_v	43428|0|0			54400	<i18n=29662>
2	154	11|10	400	15	3	200000	100000	100000	50000	3000	1	lifemax_v	43588|0|0			54800	<i18n=29662>
2	155	11|10	400	15	3	200000	100000	100000	50000	3000	1	lifemax_v	43748|0|0			55200	<i18n=29662>
2	156	11|10	400	15	3	200000	100000	100000	50000	3000	1	lifemax_v	43908|0|0			55600	<i18n=29662>
2	157	11|10	400	15	3	200000	100000	100000	50000	3000	1	lifemax_v	44068|0|0			56000	<i18n=29662>
2	158	11|10	400	15	3	200000	100000	100000	50000	3000	1	lifemax_v	44228|0|0			56400	<i18n=29662>
2	159	11|10	400	15	3	200000	100000	100000	50000	3000	1	lifemax_v	44388|0|0			56800	<i18n=29662>
2	160	11|10	400	15	3	200000	100000	100000	50000	3000	1	lifemax_v	44948|0|0			57200	<i18n=29662>
3	111	10|12	400	11	3	200000	100000	100000	50000	3000	1	weaken_deadlystrike_v	1755|0|0			37600	<i18n=29658>
3	112	10|12	400	11	3	200000	100000	100000	50000	3000	1	weaken_deadlystrike_v	1763|0|0			38000	<i18n=29658>
3	113	10|12	400	11	3	200000	100000	100000	50000	3000	1	weaken_deadlystrike_v	1771|0|0			38400	<i18n=29658>
3	114	10|12	400	11	3	200000	100000	100000	50000	3000	1	weaken_deadlystrike_v	1779|0|0			38800	<i18n=29658>
3	115	10|12	400	11	3	200000	100000	100000	50000	3000	1	weaken_deadlystrike_v	1787|0|0			39200	<i18n=29658>
3	116	10|12	400	11	3	200000	100000	100000	50000	3000	1	weaken_deadlystrike_v	1795|0|0			39600	<i18n=29658>
3	117	10|12	400	11	3	200000	100000	100000	50000	3000	1	weaken_deadlystrike_v	1803|0|0			40000	<i18n=29658>
3	118	10|12	400	11	3	200000	100000	100000	50000	3000	1	weaken_deadlystrike_v	1811|0|0			40400	<i18n=29658>
3	119	10|12	400	11	3	200000	100000	100000	50000	3000	1	weaken_deadlystrike_v	1819|0|0			40800	<i18n=29658>
3	120	10|12	400	11	3	200000	100000	100000	50000	3000	1	weaken_deadlystrike_v	1847|0|0			41200	<i18n=29658>
3	121	10|12	400	12	3	200000	100000	100000	50000	3000	1	weaken_deadlystrike_v	1855|0|0			41600	<i18n=29658>
3	122	10|12	400	12	3	200000	100000	100000	50000	3000	1	weaken_deadlystrike_v	1863|0|0			42000	<i18n=29658>
3	123	10|12	400	12	3	200000	100000	100000	50000	3000	1	weaken_deadlystrike_v	1871|0|0			42400	<i18n=29658>
3	124	10|12	400	12	3	200000	100000	100000	50000	3000	1	weaken_deadlystrike_v	1879|0|0			42800	<i18n=29658>
3	125	10|12	400	12	3	200000	100000	100000	50000	3000	1	weaken_deadlystrike_v	1887|0|0			43200	<i18n=29658>
3	126	10|12	400	12	3	200000	100000	100000	50000	3000	1	weaken_deadlystrike_v	1895|0|0			43600	<i18n=29658>
3	127	10|12	400	12	3	200000	100000	100000	50000	3000	1	weaken_deadlystrike_v	1903|0|0			44000	<i18n=29658>
3	128	10|12	400	12	3	200000	100000	100000	50000	3000	1	weaken_deadlystrike_v	1911|0|0			44400	<i18n=29658>
3	129	10|12	400	12	3	200000	100000	100000	50000	3000	1	weaken_deadlystrike_v	1919|0|0			44800	<i18n=29658>
3	130	10|12	400	12	3	200000	100000	100000	50000	3000	1	weaken_deadlystrike_v	1947|0|0			45200	<i18n=29658>
3	131	10|12	400	13	3	200000	100000	100000	50000	3000	1	weaken_deadlystrike_v	1955|0|0			45600	<i18n=29658>
3	132	10|12	400	13	3	200000	100000	100000	50000	3000	1	weaken_deadlystrike_v	1963|0|0			46000	<i18n=29658>
3	133	10|12	400	13	3	200000	100000	100000	50000	3000	1	weaken_deadlystrike_v	1971|0|0			46400	<i18n=29658>
3	134	10|12	400	13	3	200000	100000	100000	50000	3000	1	weaken_deadlystrike_v	1979|0|0			46800	<i18n=29658>
3	135	10|12	400	13	3	200000	100000	100000	50000	3000	1	weaken_deadlystrike_v	1987|0|0			47200	<i18n=29658>
3	136	10|12	400	13	3	200000	100000	100000	50000	3000	1	weaken_deadlystrike_v	1995|0|0			47600	<i18n=29658>
3	137	10|12	400	13	3	200000	100000	100000	50000	3000	1	weaken_deadlystrike_v	2003|0|0			48000	<i18n=29658>
3	138	10|12	400	13	3	200000	100000	100000	50000	3000	1	weaken_deadlystrike_v	2011|0|0			48400	<i18n=29658>
3	139	10|12	400	13	3	200000	100000	100000	50000	3000	1	weaken_deadlystrike_v	2019|0|0			48800	<i18n=29658>
3	140	10|12	400	13	3	200000	100000	100000	50000	3000	1	weaken_deadlystrike_v	2047|0|0			49200	<i18n=29658>
3	141	10|12	400	14	3	200000	100000	100000	50000	3000	1	weaken_deadlystrike_v	2055|0|0			49600	<i18n=29658>
3	142	10|12	400	14	3	200000	100000	100000	50000	3000	1	weaken_deadlystrike_v	2063|0|0			50000	<i18n=29658>
3	143	10|12	400	14	3	200000	100000	100000	50000	3000	1	weaken_deadlystrike_v	2071|0|0			50400	<i18n=29658>
3	144	10|12	400	14	3	200000	100000	100000	50000	3000	1	weaken_deadlystrike_v	2079|0|0			50800	<i18n=29658>
3	145	10|12	400	14	3	200000	100000	100000	50000	3000	1	weaken_deadlystrike_v	2087|0|0			51200	<i18n=29658>
3	146	10|12	400	14	3	200000	100000	100000	50000	3000	1	weaken_deadlystrike_v	2095|0|0			51600	<i18n=29658>
3	147	10|12	400	14	3	200000	100000	100000	50000	3000	1	weaken_deadlystrike_v	2103|0|0			52000	<i18n=29658>
3	148	10|12	400	14	3	200000	100000	100000	50000	3000	1	weaken_deadlystrike_v	2111|0|0			52400	<i18n=29658>
3	149	10|12	400	14	3	200000	100000	100000	50000	3000	1	weaken_deadlystrike_v	2119|0|0			52800	<i18n=29658>
3	150	10|12	400	14	3	200000	100000	100000	50000	3000	1	weaken_deadlystrike_v	2147|0|0			53200	<i18n=29658>
3	151	10|12	400	15	3	200000	100000	100000	50000	3000	1	weaken_deadlystrike_v	2155|0|0			53600	<i18n=29658>
3	152	10|12	400	15	3	200000	100000	100000	50000	3000	1	weaken_deadlystrike_v	2163|0|0			54000	<i18n=29658>
3	153	10|12	400	15	3	200000	100000	100000	50000	3000	1	weaken_deadlystrike_v	2171|0|0			54400	<i18n=29658>
3	154	10|12	400	15	3	200000	100000	100000	50000	3000	1	weaken_deadlystrike_v	2179|0|0			54800	<i18n=29658>
3	155	10|12	400	15	3	200000	100000	100000	50000	3000	1	weaken_deadlystrike_v	2187|0|0			55200	<i18n=29658>
3	156	10|12	400	15	3	200000	100000	100000	50000	3000	1	weaken_deadlystrike_v	2195|0|0			55600	<i18n=29658>
3	157	10|12	400	15	3	200000	100000	100000	50000	3000	1	weaken_deadlystrike_v	2203|0|0			56000	<i18n=29658>
3	158	10|12	400	15	3	200000	100000	100000	50000	3000	1	weaken_deadlystrike_v	2211|0|0			56400	<i18n=29658>
3	159	10|12	400	15	3	200000	100000	100000	50000	3000	1	weaken_deadlystrike_v	2219|0|0			56800	<i18n=29658>
3	160	10|12	400	15	3	200000	100000	100000	50000	3000	1	weaken_deadlystrike_v	2247|0|0			57200	<i18n=29658>
4	111	12|13	400	11	3	200000	100000	100000	50000	3000	1	all_series_resist_v	1755|0|0			37600	<i18n=29657>
4	112	12|13	400	11	3	200000	100000	100000	50000	3000	1	all_series_resist_v	1763|0|0			38000	<i18n=29657>
4	113	12|13	400	11	3	200000	100000	100000	50000	3000	1	all_series_resist_v	1771|0|0			38400	<i18n=29657>
4	114	12|13	400	11	3	200000	100000	100000	50000	3000	1	all_series_resist_v	1779|0|0			38800	<i18n=29657>
4	115	12|13	400	11	3	200000	100000	100000	50000	3000	1	all_series_resist_v	1787|0|0			39200	<i18n=29657>
4	116	12|13	400	11	3	200000	100000	100000	50000	3000	1	all_series_resist_v	1795|0|0			39600	<i18n=29657>
4	117	12|13	400	11	3	200000	100000	100000	50000	3000	1	all_series_resist_v	1803|0|0			40000	<i18n=29657>
4	118	12|13	400	11	3	200000	100000	100000	50000	3000	1	all_series_resist_v	1811|0|0			40400	<i18n=29657>
4	119	12|13	400	11	3	200000	100000	100000	50000	3000	1	all_series_resist_v	1819|0|0			40800	<i18n=29657>
4	120	12|13	400	11	3	200000	100000	100000	50000	3000	1	all_series_resist_v	1847|0|0			41200	<i18n=29657>
4	121	12|13	400	12	3	200000	100000	100000	50000	3000	1	all_series_resist_v	1855|0|0			41600	<i18n=29657>
4	122	12|13	400	12	3	200000	100000	100000	50000	3000	1	all_series_resist_v	1863|0|0			42000	<i18n=29657>
4	123	12|13	400	12	3	200000	100000	100000	50000	3000	1	all_series_resist_v	1871|0|0			42400	<i18n=29657>
4	124	12|13	400	12	3	200000	100000	100000	50000	3000	1	all_series_resist_v	1879|0|0			42800	<i18n=29657>
4	125	12|13	400	12	3	200000	100000	100000	50000	3000	1	all_series_resist_v	1887|0|0			43200	<i18n=29657>
4	126	12|13	400	12	3	200000	100000	100000	50000	3000	1	all_series_resist_v	1895|0|0			43600	<i18n=29657>
4	127	12|13	400	12	3	200000	100000	100000	50000	3000	1	all_series_resist_v	1903|0|0			44000	<i18n=29657>
4	128	12|13	400	12	3	200000	100000	100000	50000	3000	1	all_series_resist_v	1911|0|0			44400	<i18n=29657>
4	129	12|13	400	12	3	200000	100000	100000	50000	3000	1	all_series_resist_v	1919|0|0			44800	<i18n=29657>
4	130	12|13	400	12	3	200000	100000	100000	50000	3000	1	all_series_resist_v	1947|0|0			45200	<i18n=29657>
4	131	12|13	400	13	3	200000	100000	100000	50000	3000	1	all_series_resist_v	1955|0|0			45600	<i18n=29657>
4	132	12|13	400	13	3	200000	100000	100000	50000	3000	1	all_series_resist_v	1963|0|0			46000	<i18n=29657>
4	133	12|13	400	13	3	200000	100000	100000	50000	3000	1	all_series_resist_v	1971|0|0			46400	<i18n=29657>
4	134	12|13	400	13	3	200000	100000	100000	50000	3000	1	all_series_resist_v	1979|0|0			46800	<i18n=29657>
4	135	12|13	400	13	3	200000	100000	100000	50000	3000	1	all_series_resist_v	1987|0|0			47200	<i18n=29657>
4	136	12|13	400	13	3	200000	100000	100000	50000	3000	1	all_series_resist_v	1995|0|0			47600	<i18n=29657>
4	137	12|13	400	13	3	200000	100000	100000	50000	3000	1	all_series_resist_v	2003|0|0			48000	<i18n=29657>
4	138	12|13	400	13	3	200000	100000	100000	50000	3000	1	all_series_resist_v	2011|0|0			48400	<i18n=29657>
4	139	12|13	400	13	3	200000	100000	100000	50000	3000	1	all_series_resist_v	2019|0|0			48800	<i18n=29657>
4	140	12|13	400	13	3	200000	100000	100000	50000	3000	1	all_series_resist_v	2047|0|0			49200	<i18n=29657>
4	141	12|13	400	14	3	200000	100000	100000	50000	3000	1	all_series_resist_v	2055|0|0			49600	<i18n=29657>
4	142	12|13	400	14	3	200000	100000	100000	50000	3000	1	all_series_resist_v	2063|0|0			50000	<i18n=29657>
4	143	12|13	400	14	3	200000	100000	100000	50000	3000	1	all_series_resist_v	2071|0|0			50400	<i18n=29657>
4	144	12|13	400	14	3	200000	100000	100000	50000	3000	1	all_series_resist_v	2079|0|0			50800	<i18n=29657>
4	145	12|13	400	14	3	200000	100000	100000	50000	3000	1	all_series_resist_v	2087|0|0			51200	<i18n=29657>
4	146	12|13	400	14	3	200000	100000	100000	50000	3000	1	all_series_resist_v	2095|0|0			51600	<i18n=29657>
4	147	12|13	400	14	3	200000	100000	100000	50000	3000	1	all_series_resist_v	2103|0|0			52000	<i18n=29657>
4	148	12|13	400	14	3	200000	100000	100000	50000	3000	1	all_series_resist_v	2111|0|0			52400	<i18n=29657>
4	149	12|13	400	14	3	200000	100000	100000	50000	3000	1	all_series_resist_v	2119|0|0			52800	<i18n=29657>
4	150	12|13	400	14	3	200000	100000	100000	50000	3000	1	all_series_resist_v	2147|0|0			53200	<i18n=29657>
4	151	12|13	400	15	3	200000	100000	100000	50000	3000	1	all_series_resist_v	2155|0|0			53600	<i18n=29657>
4	152	12|13	400	15	3	200000	100000	100000	50000	3000	1	all_series_resist_v	2163|0|0			54000	<i18n=29657>
4	153	12|13	400	15	3	200000	100000	100000	50000	3000	1	all_series_resist_v	2171|0|0			54400	<i18n=29657>
4	154	12|13	400	15	3	200000	100000	100000	50000	3000	1	all_series_resist_v	2179|0|0			54800	<i18n=29657>
4	155	12|13	400	15	3	200000	100000	100000	50000	3000	1	all_series_resist_v	2187|0|0			55200	<i18n=29657>
4	156	12|13	400	15	3	200000	100000	100000	50000	3000	1	all_series_resist_v	2195|0|0			55600	<i18n=29657>
4	157	12|13	400	15	3	200000	100000	100000	50000	3000	1	all_series_resist_v	2203|0|0			56000	<i18n=29657>
4	158	12|13	400	15	3	200000	100000	100000	50000	3000	1	all_series_resist_v	2211|0|0			56400	<i18n=29657>
4	159	12|13	400	15	3	200000	100000	100000	50000	3000	1	all_series_resist_v	2219|0|0			56800	<i18n=29657>
4	160	12|13	400	15	3	200000	100000	100000	50000	3000	1	all_series_resist_v	2247|0|0			57200	<i18n=29657>
5	111	13|9	400	11	3	200000	100000	100000	50000	3000	1	ignore_defense_v	1755|0|0			37600	<i18n=29476>
5	112	13|9	400	11	3	200000	100000	100000	50000	3000	1	ignore_defense_v	1763|0|0			38000	<i18n=29476>
5	113	13|9	400	11	3	200000	100000	100000	50000	3000	1	ignore_defense_v	1771|0|0			38400	<i18n=29476>
5	114	13|9	400	11	3	200000	100000	100000	50000	3000	1	ignore_defense_v	1779|0|0			38800	<i18n=29476>
5	115	13|9	400	11	3	200000	100000	100000	50000	3000	1	ignore_defense_v	1787|0|0			39200	<i18n=29476>
5	116	13|9	400	11	3	200000	100000	100000	50000	3000	1	ignore_defense_v	1795|0|0			39600	<i18n=29476>
5	117	13|9	400	11	3	200000	100000	100000	50000	3000	1	ignore_defense_v	1803|0|0			40000	<i18n=29476>
5	118	13|9	400	11	3	200000	100000	100000	50000	3000	1	ignore_defense_v	1811|0|0			40400	<i18n=29476>
5	119	13|9	400	11	3	200000	100000	100000	50000	3000	1	ignore_defense_v	1819|0|0			40800	<i18n=29476>
5	120	13|9	400	11	3	200000	100000	100000	50000	3000	1	ignore_defense_v	1847|0|0			41200	<i18n=29476>
5	121	13|9	400	12	3	200000	100000	100000	50000	3000	1	ignore_defense_v	1855|0|0			41600	<i18n=29476>
5	122	13|9	400	12	3	200000	100000	100000	50000	3000	1	ignore_defense_v	1863|0|0			42000	<i18n=29476>
5	123	13|9	400	12	3	200000	100000	100000	50000	3000	1	ignore_defense_v	1871|0|0			42400	<i18n=29476>
5	124	13|9	400	12	3	200000	100000	100000	50000	3000	1	ignore_defense_v	1879|0|0			42800	<i18n=29476>
5	125	13|9	400	12	3	200000	100000	100000	50000	3000	1	ignore_defense_v	1887|0|0			43200	<i18n=29476>
5	126	13|9	400	12	3	200000	100000	100000	50000	3000	1	ignore_defense_v	1895|0|0			43600	<i18n=29476>
5	127	13|9	400	12	3	200000	100000	100000	50000	3000	1	ignore_defense_v	1903|0|0			44000	<i18n=29476>
5	128	13|9	400	12	3	200000	100000	100000	50000	3000	1	ignore_defense_v	1911|0|0			44400	<i18n=29476>
5	129	13|9	400	12	3	200000	100000	100000	50000	3000	1	ignore_defense_v	1919|0|0			44800	<i18n=29476>
5	130	13|9	400	12	3	200000	100000	100000	50000	3000	1	ignore_defense_v	1947|0|0			45200	<i18n=29476>
5	131	13|9	400	13	3	200000	100000	100000	50000	3000	1	ignore_defense_v	1955|0|0			45600	<i18n=29476>
5	132	13|9	400	13	3	200000	100000	100000	50000	3000	1	ignore_defense_v	1963|0|0			46000	<i18n=29476>
5	133	13|9	400	13	3	200000	100000	100000	50000	3000	1	ignore_defense_v	1971|0|0			46400	<i18n=29476>
5	134	13|9	400	13	3	200000	100000	100000	50000	3000	1	ignore_defense_v	1979|0|0			46800	<i18n=29476>
5	135	13|9	400	13	3	200000	100000	100000	50000	3000	1	ignore_defense_v	1987|0|0			47200	<i18n=29476>
5	136	13|9	400	13	3	200000	100000	100000	50000	3000	1	ignore_defense_v	1995|0|0			47600	<i18n=29476>
5	137	13|9	400	13	3	200000	100000	100000	50000	3000	1	ignore_defense_v	2003|0|0			48000	<i18n=29476>
5	138	13|9	400	13	3	200000	100000	100000	50000	3000	1	ignore_defense_v	2011|0|0			48400	<i18n=29476>
5	139	13|9	400	13	3	200000	100000	100000	50000	3000	1	ignore_defense_v	2019|0|0			48800	<i18n=29476>
5	140	13|9	400	13	3	200000	100000	100000	50000	3000	1	ignore_defense_v	2047|0|0			49200	<i18n=29476>
5	141	13|9	400	14	3	200000	100000	100000	50000	3000	1	ignore_defense_v	2055|0|0			49600	<i18n=29476>
5	142	13|9	400	14	3	200000	100000	100000	50000	3000	1	ignore_defense_v	2063|0|0			50000	<i18n=29476>
5	143	13|9	400	14	3	200000	100000	100000	50000	3000	1	ignore_defense_v	2071|0|0			50400	<i18n=29476>
5	144	13|9	400	14	3	200000	100000	100000	50000	3000	1	ignore_defense_v	2079|0|0			50800	<i18n=29476>
5	145	13|9	400	14	3	200000	100000	100000	50000	3000	1	ignore_defense_v	2087|0|0			51200	<i18n=29476>
5	146	13|9	400	14	3	200000	100000	100000	50000	3000	1	ignore_defense_v	2095|0|0			51600	<i18n=29476>
5	147	13|9	400	14	3	200000	100000	100000	50000	3000	1	ignore_defense_v	2103|0|0			52000	<i18n=29476>
5	148	13|9	400	14	3	200000	100000	100000	50000	3000	1	ignore_defense_v	2111|0|0			52400	<i18n=29476>
5	149	13|9	400	14	3	200000	100000	100000	50000	3000	1	ignore_defense_v	2119|0|0			52800	<i18n=29476>
5	150	13|9	400	14	3	200000	100000	100000	50000	3000	1	ignore_defense_v	2147|0|0			53200	<i18n=29476>
5	151	13|9	400	15	3	200000	100000	100000	50000	3000	1	ignore_defense_v	2155|0|0			53600	<i18n=29476>
5	152	13|9	400	15	3	200000	100000	100000	50000	3000	1	ignore_defense_v	2163|0|0			54000	<i18n=29476>
5	153	13|9	400	15	3	200000	100000	100000	50000	3000	1	ignore_defense_v	2171|0|0			54400	<i18n=29476>
5	154	13|9	400	15	3	200000	100000	100000	50000	3000	1	ignore_defense_v	2179|0|0			54800	<i18n=29476>
5	155	13|9	400	15	3	200000	100000	100000	50000	3000	1	ignore_defense_v	2187|0|0			55200	<i18n=29476>
5	156	13|9	400	15	3	200000	100000	100000	50000	3000	1	ignore_defense_v	2195|0|0			55600	<i18n=29476>
5	157	13|9	400	15	3	200000	100000	100000	50000	3000	1	ignore_defense_v	2203|0|0			56000	<i18n=29476>
5	158	13|9	400	15	3	200000	100000	100000	50000	3000	1	ignore_defense_v	2211|0|0			56400	<i18n=29476>
5	159	13|9	400	15	3	200000	100000	100000	50000	3000	1	ignore_defense_v	2219|0|0			56800	<i18n=29476>
5	160	13|9	400	15	3	200000	100000	100000	50000	3000	1	ignore_defense_v	2247|0|0			57200	<i18n=29476>
