NpcName	NpcTemplateId	NpcLevel	TitleID	XPos	YPos	ZPos	CanAutoPath	StandDir	NpcSeriesAuto	Removewhendeath	IsMapMonster	NpcPath	bPathRecycle	nShareType	ShowName	LevelSettingKey
<i18n=2612>	9091	80		67155	117595	0	0	191	-1	0	0			1		maplevel180
<i18n=2612>	9091	80		65676	110764	0	0	191	-1	0	0			1		maplevel180
<i18n=2612>	9091	80		70839	110432	0	0	191	-1	0	0			1		maplevel180
<i18n=2612>	9091	80		69682	109677	0	0	191	-1	0	0			1		maplevel180
<i18n=2612>	9091	80		68272	108964	0	0	191	-1	0	0			1		maplevel180
<i18n=2612>	9091	80		64500	115006	0	0	191	-1	0	0			1		maplevel180
<i18n=2612>	9091	80		68817	117578	0	0	191	-1	0	0			1		maplevel180
<i18n=2612>	9091	80		71218	114529	0	0	191	-1	0	0			1		maplevel180
<i18n=2612>	9091	80		66663	111571	0	0	191	-1	0	0			1		maplevel180
<i18n=2612>	9091	80		64951	112584	0	0	191	-1	0	0			1		maplevel180
<i18n=2612>	9091	80		69654	111385	0	0	191	-1	0	0			1		maplevel180
<i18n=2612>	9091	80		65962	116817	0	0	191	-1	0	0			1		maplevel180
<i18n=2612>	9091	80		49349	101555	0	0	191	-1	0	0			1		maplevel180
<i18n=2612>	9091	80		49231	106593	0	0	191	-1	0	0			1		maplevel180
<i18n=2612>	9091	80		52751	106387	0	0	191	-1	0	0			1		maplevel180
<i18n=2612>	9091	80		52078	101804	0	0	191	-1	0	0			1		maplevel180
<i18n=2612>	9091	80		52153	99855	0	0	191	-1	0	0			1		maplevel180
<i18n=2612>	9091	80		48913	100064	0	0	191	-1	0	0			1		maplevel180
<i18n=2612>	9091	80		48014	105317	0	0	191	-1	0	0			1		maplevel180
<i18n=2612>	9091	80		49505	105044	0	0	191	-1	0	0			1		maplevel180
<i18n=2612>	9091	80		51396	107037	0	0	191	-1	0	0			1		maplevel180
<i18n=2612>	9091	80		53198	100738	0	0	191	-1	0	0			1		maplevel180
<i18n=2612>	9091	80		50664	103192	0	0	191	-1	0	0			1		maplevel180
<i18n=2612>	9091	80		47928	101563	0	0	191	-1	0	0			1		maplevel180
<i18n=2612>	9091	80		76764	131002	0	0	191	-1	0	0			1		maplevel180
<i18n=2612>	9091	80		74047	131045	0	0	191	-1	0	0			1		maplevel180
<i18n=2612>	9091	80		76812	132749	0	0	191	-1	0	0			1		maplevel180
<i18n=2612>	9091	80		75965	125457	0	0	191	-1	0	0			1		maplevel180
<i18n=2612>	9091	80		74539	125481	0	0	191	-1	0	0			1		maplevel180
<i18n=2612>	9091	80		78239	127700	0	0	191	-1	0	0			1		maplevel180
<i18n=2612>	9091	80		76996	127301	0	0	191	-1	0	0			1		maplevel180
<i18n=2612>	9091	80		77771	125790	0	0	191	-1	0	0			1		maplevel180
<i18n=2612>	9091	80		74455	127699	0	0	191	-1	0	0			1		maplevel180
<i18n=2612>	9091	80		75762	129111	0	0	191	-1	0	0			1		maplevel180
<i18n=2612>	9091	80		73063	126047	0	0	191	-1	0	0			1		maplevel180
<i18n=2612>	9091	80		69193	98152	0	0	191	-1	0	0			1		maplevel180
<i18n=2612>	9091	80		70115	98222	0	0	191	-1	0	0			1		maplevel180
<i18n=2612>	9091	80		73449	95403	0	0	191	-1	0	0			1		maplevel180
<i18n=2612>	9091	80		71414	90795	0	0	191	-1	0	0			1		maplevel180
<i18n=2612>	9091	80		73001	91634	0	0	191	-1	0	0			1		maplevel180
<i18n=2612>	9091	80		69812	90287	0	0	191	-1	0	0			1		maplevel180
<i18n=2612>	9091	80		67554	92632	0	0	191	-1	0	0			1		maplevel180
<i18n=2612>	9091	80		69125	96171	0	0	191	-1	0	0			1		maplevel180
<i18n=2612>	9091	80		67856	97100	0	0	191	-1	0	0			1		maplevel180
<i18n=2612>	9091	80		72786	97438	0	0	191	-1	0	0			1		maplevel180
<i18n=2612>	9091	80		71574	92395	0	0	191	-1	0	0			1		maplevel180
<i18n=2612>	9091	80		69238	92476	0	0	191	-1	0	0			1		maplevel180
<i18n=2612>	9091	80		73372	93194	0	0	191	-1	0	0			1		maplevel180
<i18n=2612>	9091	80		78605	87693	0	0	191	-1	0	0			1		maplevel180
<i18n=2612>	9091	80		79905	88900	0	0	191	-1	0	0			1		maplevel180
<i18n=2612>	9091	80		81705	89119	0	0	191	-1	0	0			1		maplevel180
<i18n=2612>	9091	80		81260	86630	0	0	191	-1	0	0			1		maplevel180
<i18n=2612>	9091	80		82494	81255	0	0	191	-1	0	0			1		maplevel180
<i18n=2612>	9091	80		78701	82940	0	0	191	-1	0	0			1		maplevel180
<i18n=2612>	9091	80		81489	83143	0	0	191	-1	0	0			1		maplevel180
<i18n=2612>	9091	80		84306	86314	0	0	191	-1	0	0			1		maplevel180
<i18n=2612>	9091	80		82684	83318	0	0	191	-1	0	0			1		maplevel180
<i18n=2612>	9091	80		80237	83139	0	0	191	-1	0	0			1		maplevel180
<i18n=2612>	9091	80		79673	86557	0	0	191	-1	0	0			1		maplevel180
<i18n=2612>	9091	80		83464	82164	0	0	191	-1	0	0			1		maplevel180
<i18n=13345>	9092	80		98378	94609	0	0	191	-1	0	0			1		maplevel180
<i18n=13345>	9092	80		98282	103046	0	0	191	-1	0	0			1		maplevel180
<i18n=13345>	9092	80		101346	101995	0	0	191	-1	0	0			1		maplevel180
<i18n=13345>	9092	80		101568	98610	0	0	191	-1	0	0			1		maplevel180
<i18n=13345>	9092	80		99061	98875	0	0	191	-1	0	0			1		maplevel180
<i18n=13345>	9092	80		97064	95415	0	0	191	-1	0	0			1		maplevel180
<i18n=13345>	9092	80		95969	100367	0	0	191	-1	0	0			1		maplevel180
<i18n=13345>	9092	80		96245	97736	0	0	191	-1	0	0			1		maplevel180
<i18n=13345>	9092	80		100086	97032	0	0	191	-1	0	0			1		maplevel180
<i18n=13345>	9092	80		99641	95023	0	0	191	-1	0	0			1		maplevel180
<i18n=13345>	9092	80		100070	100675	0	0	191	-1	0	0			1		maplevel180
<i18n=13345>	9092	80		105676	87715	0	0	191	-1	0	0			1		maplevel180
<i18n=13345>	9092	80		111227	84640	0	0	191	-1	0	0			1		maplevel180
<i18n=13345>	9092	80		108153	89312	0	0	191	-1	0	0			1		maplevel180
<i18n=13345>	9092	80		111224	86636	0	0	191	-1	0	0			1		maplevel180
<i18n=13345>	9092	80		110219	83279	0	0	191	-1	0	0			1		maplevel180
<i18n=13345>	9092	80		107853	81479	0	0	191	-1	0	0			1		maplevel180
<i18n=13345>	9092	80		106355	82190	0	0	191	-1	0	0			1		maplevel180
<i18n=13345>	9092	80		110632	88882	0	0	191	-1	0	0			1		maplevel180
<i18n=13345>	9092	80		108182	85308	0	0	191	-1	0	0			1		maplevel180
<i18n=13345>	9092	80		109184	81860	0	0	191	-1	0	0			1		maplevel180
<i18n=13345>	9092	80		105712	83848	0	0	191	-1	0	0			1		maplevel180
<i18n=13345>	9092	80		107045	83474	0	0	191	-1	0	0			1		maplevel180
<i18n=13345>	9092	80		106642	89127	0	0	191	-1	0	0			1		maplevel180
<i18n=13345>	9092	80		87056	47843	0	0	191	-1	0	0			1		maplevel180
<i18n=13345>	9092	80		90271	47080	0	0	191	-1	0	0			1		maplevel180
<i18n=13345>	9092	80		90590	41325	0	0	191	-1	0	0			1		maplevel180
<i18n=13345>	9092	80		87785	40300	0	0	191	-1	0	0			1		maplevel180
<i18n=13345>	9092	80		86408	41024	0	0	191	-1	0	0			1		maplevel180
<i18n=13345>	9092	80		85355	42196	0	0	191	-1	0	0			1		maplevel180
<i18n=13345>	9092	80		84954	44455	0	0	191	-1	0	0			1		maplevel180
<i18n=13345>	9092	80		86314	45214	0	0	191	-1	0	0			1		maplevel180
<i18n=13345>	9092	80		90660	45327	0	0	191	-1	0	0			1		maplevel180
<i18n=13345>	9092	80		88702	47627	0	0	191	-1	0	0			1		maplevel180
<i18n=13345>	9092	80		86687	42582	0	0	191	-1	0	0			1		maplevel180
<i18n=13345>	9092	80		89568	45254	0	0	191	-1	0	0			1		maplevel180
<i18n=13345>	9092	80		88068	42414	0	0	191	-1	0	0			1		maplevel180
<i18n=13345>	9092	80		85283	67101	0	0	191	-1	0	0			1		maplevel180
<i18n=13345>	9092	80		86589	66442	0	0	191	-1	0	0			1		maplevel180
<i18n=13345>	9092	80		87434	65597	0	0	191	-1	0	0			1		maplevel180
<i18n=13345>	9092	80		86709	61719	0	0	191	-1	0	0			1		maplevel180
<i18n=13345>	9092	80		84468	60144	0	0	191	-1	0	0			1		maplevel180
<i18n=13345>	9092	80		83906	67266	0	0	191	-1	0	0			1		maplevel180
<i18n=13345>	9092	80		87439	63665	0	0	191	-1	0	0			1		maplevel180
<i18n=13345>	9092	80		81650	64692	0	0	191	-1	0	0			1		maplevel180
<i18n=13345>	9092	80		85783	65304	0	0	191	-1	0	0			1		maplevel180
<i18n=13345>	9092	80		85997	61995	0	0	191	-1	0	0			1		maplevel180
<i18n=13345>	9092	80		83477	61907	0	0	191	-1	0	0			1		maplevel180
<i18n=13345>	9092	80		82997	64992	0	0	191	-1	0	0			1		maplevel180
<i18n=13345>	9092	80		89646	31290	0	0	191	-1	0	0			1		maplevel180
<i18n=13345>	9092	80		87089	26434	0	0	191	-1	0	0			1		maplevel180
<i18n=13345>	9092	80		85571	26905	0	0	191	-1	0	0			1		maplevel180
<i18n=13345>	9092	80		84599	28038	0	0	191	-1	0	0			1		maplevel180
<i18n=13345>	9092	80		85015	33477	0	0	191	-1	0	0			1		maplevel180
<i18n=13345>	9092	80		83890	29782	0	0	191	-1	0	0			1		maplevel180
<i18n=13345>	9092	80		85972	33747	0	0	191	-1	0	0			1		maplevel180
<i18n=13345>	9092	80		88767	33202	0	0	191	-1	0	0			1		maplevel180
<i18n=13345>	9092	80		89410	27339	0	0	191	-1	0	0			1		maplevel180
<i18n=13345>	9092	80		88259	28325	0	0	191	-1	0	0			1		maplevel180
<i18n=13345>	9092	80		85995	28691	0	0	191	-1	0	0			1		maplevel180
<i18n=13345>	9092	80		88500	31735	0	0	191	-1	0	0			1		maplevel180
<i18n=369>	9093	80		64601	52943	0	0	191	-1	0	0			1		maplevel180
<i18n=369>	9093	80		65614	53353	0	0	191	-1	0	0			1		maplevel180
<i18n=369>	9093	80		66873	53493	0	0	191	-1	0	0			1		maplevel180
<i18n=369>	9093	80		67697	46715	0	0	191	-1	0	0			1		maplevel180
<i18n=369>	9093	80		63365	48437	0	0	191	-1	0	0			1		maplevel180
<i18n=369>	9093	80		63173	50041	0	0	191	-1	0	0			1		maplevel180
<i18n=369>	9093	80		65799	49750	0	0	191	-1	0	0			1		maplevel180
<i18n=369>	9093	80		67753	52039	0	0	191	-1	0	0			1		maplevel180
<i18n=369>	9093	80		68042	49893	0	0	191	-1	0	0			1		maplevel180
<i18n=369>	9093	80		66507	46271	0	0	191	-1	0	0			1		maplevel180
<i18n=369>	9093	80		64805	48116	0	0	191	-1	0	0			1		maplevel180
<i18n=369>	9093	80		64735	51367	0	0	191	-1	0	0			1		maplevel180
<i18n=369>	9093	80		55605	39190	0	0	191	-1	0	0			1		maplevel180
<i18n=369>	9093	80		58493	39265	0	0	191	-1	0	0			1		maplevel180
<i18n=369>	9093	80		59842	37345	0	0	191	-1	0	0			1		maplevel180
<i18n=369>	9093	80		58651	41131	0	0	191	-1	0	0			1		maplevel180
<i18n=369>	9093	80		57224	41301	0	0	191	-1	0	0			1		maplevel180
<i18n=369>	9093	80		56200	41058	0	0	191	-1	0	0			1		maplevel180
<i18n=369>	9093	80		54648	40629	0	0	191	-1	0	0			1		maplevel180
<i18n=369>	9093	80		55234	34836	0	0	191	-1	0	0			1		maplevel180
<i18n=369>	9093	80		54147	36400	0	0	191	-1	0	0			1		maplevel180
<i18n=369>	9093	80		58423	36057	0	0	191	-1	0	0			1		maplevel180
<i18n=369>	9093	80		58990	34365	0	0	191	-1	0	0			1		maplevel180
<i18n=369>	9093	80		57709	33726	0	0	191	-1	0	0			1		maplevel180
<i18n=369>	9093	80		56118	33927	0	0	191	-1	0	0			1		maplevel180
<i18n=369>	9093	80		56032	36030	0	0	191	-1	0	0			1		maplevel180
<i18n=369>	9093	80		51143	59918	0	0	191	-1	0	0			1		maplevel180
<i18n=369>	9093	80		48567	52886	0	0	191	-1	0	0			1		maplevel180
<i18n=369>	9093	80		49256	59523	0	0	191	-1	0	0			1		maplevel180
<i18n=369>	9093	80		52313	59273	0	0	191	-1	0	0			1		maplevel180
<i18n=369>	9093	80		53268	57376	0	0	191	-1	0	0			1		maplevel180
<i18n=369>	9093	80		52972	53139	0	0	191	-1	0	0			1		maplevel180
<i18n=369>	9093	80		51532	52296	0	0	191	-1	0	0			1		maplevel180
<i18n=369>	9093	80		50022	52164	0	0	191	-1	0	0			1		maplevel180
<i18n=369>	9093	80		47711	56787	0	0	191	-1	0	0			1		maplevel180
<i18n=369>	9093	80		51788	57569	0	0	191	-1	0	0			1		maplevel180
<i18n=369>	9093	80		51968	53963	0	0	191	-1	0	0			1		maplevel180
<i18n=369>	9093	80		50710	55670	0	0	191	-1	0	0			1		maplevel180
<i18n=369>	9093	80		53296	54856	0	0	191	-1	0	0			1		maplevel180
<i18n=369>	9093	80		48249	58325	0	0	191	-1	0	0			1		maplevel180
<i18n=369>	9093	80		42116	72053	0	0	191	-1	0	0			1		maplevel180
<i18n=369>	9093	80		43405	71624	0	0	191	-1	0	0			1		maplevel180
<i18n=369>	9093	80		45285	69152	0	0	191	-1	0	0			1		maplevel180
<i18n=369>	9093	80		44856	64595	0	0	191	-1	0	0			1		maplevel180
<i18n=369>	9093	80		40897	72023	0	0	191	-1	0	0			1		maplevel180
<i18n=369>	9093	80		40039	65233	0	0	191	-1	0	0			1		maplevel180
<i18n=369>	9093	80		39040	69621	0	0	191	-1	0	0			1		maplevel180
<i18n=369>	9093	80		41379	65855	0	0	191	-1	0	0			1		maplevel180
<i18n=369>	9093	80		43495	69799	0	0	191	-1	0	0			1		maplevel180
<i18n=369>	9093	80		43229	64210	0	0	191	-1	0	0			1		maplevel180
<i18n=369>	9093	80		40702	68061	0	0	191	-1	0	0			1		maplevel180
<i18n=6375>	9094	80		25172	114419	0	0	191	-1	0	0			1		maplevel180
<i18n=6375>	9094	80		26437	116965	0	0	191	-1	0	0			1		maplevel180
<i18n=6375>	9094	80		28129	115884	0	0	191	-1	0	0			1		maplevel180
<i18n=6375>	9094	80		30444	112819	0	0	191	-1	0	0			1		maplevel180
<i18n=6375>	9094	80		28892	108972	0	0	191	-1	0	0			1		maplevel180
<i18n=6375>	9094	80		27651	108473	0	0	191	-1	0	0			1		maplevel180
<i18n=6375>	9094	80		26379	108281	0	0	191	-1	0	0			1		maplevel180
<i18n=6375>	9094	80		23882	110749	0	0	191	-1	0	0			1		maplevel180
<i18n=6375>	9094	80		23877	114663	0	0	191	-1	0	0			1		maplevel180
<i18n=6375>	9094	80		26884	109790	0	0	191	-1	0	0			1		maplevel180
<i18n=6375>	9094	80		29572	114550	0	0	191	-1	0	0			1		maplevel180
<i18n=6375>	9094	80		28448	110832	0	0	191	-1	0	0			1		maplevel180
<i18n=6375>	9094	80		24601	112837	0	0	191	-1	0	0			1		maplevel180
<i18n=6375>	9094	80		26740	112430	0	0	191	-1	0	0			1		maplevel180
<i18n=6375>	9094	80		26642	114931	0	0	191	-1	0	0			1		maplevel180
<i18n=6375>	9094	80		16616	105154	0	0	191	-1	0	0			1		maplevel180
<i18n=6375>	9094	80		17915	105886	0	0	191	-1	0	0			1		maplevel180
<i18n=6375>	9094	80		20537	103668	0	0	191	-1	0	0			1		maplevel180
<i18n=6375>	9094	80		19327	103716	0	0	191	-1	0	0			1		maplevel180
<i18n=6375>	9094	80		15062	102119	0	0	191	-1	0	0			1		maplevel180
<i18n=6375>	9094	80		18019	102272	0	0	191	-1	0	0			1		maplevel180
<i18n=6375>	9094	80		19631	102190	0	0	191	-1	0	0			1		maplevel180
<i18n=6375>	9094	80		16395	102286	0	0	191	-1	0	0			1		maplevel180
<i18n=6375>	9094	80		19246	105472	0	0	191	-1	0	0			1		maplevel180
<i18n=6375>	9094	80		17076	100734	0	0	191	-1	0	0			1		maplevel180
<i18n=6375>	9094	80		16933	103686	0	0	191	-1	0	0			1		maplevel180
<i18n=6375>	9094	80		17233	99025	0	0	191	-1	0	0			1		maplevel180
<i18n=6375>	9094	80		17819	89687	0	0	191	-1	0	0			1		maplevel180
<i18n=6375>	9094	80		19496	91743	0	0	191	-1	0	0			1		maplevel180
<i18n=6375>	9094	80		18392	91256	0	0	191	-1	0	0			1		maplevel180
<i18n=6375>	9094	80		22735	86333	0	0	191	-1	0	0			1		maplevel180
<i18n=6375>	9094	80		21784	85720	0	0	191	-1	0	0			1		maplevel180
<i18n=6375>	9094	80		19073	85689	0	0	191	-1	0	0			1		maplevel180
<i18n=6375>	9094	80		18006	86183	0	0	191	-1	0	0			1		maplevel180
<i18n=6375>	9094	80		18788	90032	0	0	191	-1	0	0			1		maplevel180
<i18n=6375>	9094	80		21756	91815	0	0	191	-1	0	0			1		maplevel180
<i18n=6375>	9094	80		22453	90081	0	0	191	-1	0	0			1		maplevel180
<i18n=6375>	9094	80		22967	88202	0	0	191	-1	0	0			1		maplevel180
<i18n=6375>	9094	80		19066	87042	0	0	191	-1	0	0			1		maplevel180
<i18n=6375>	9094	80		20418	88563	0	0	191	-1	0	0			1		maplevel180
<i18n=6375>	9094	80		29111	99062	0	0	191	-1	0	0			1		maplevel180
<i18n=6375>	9094	80		29015	93941	0	0	191	-1	0	0			1		maplevel180
<i18n=6375>	9094	80		31058	100615	0	0	191	-1	0	0			1		maplevel180
<i18n=6375>	9094	80		32120	100092	0	0	191	-1	0	0			1		maplevel180
<i18n=6375>	9094	80		31518	98427	0	0	191	-1	0	0			1		maplevel180
<i18n=6375>	9094	80		29712	101056	0	0	191	-1	0	0			1		maplevel180
<i18n=6375>	9094	80		28354	100630	0	0	191	-1	0	0			1		maplevel180
<i18n=6375>	9094	80		30205	93556	0	0	191	-1	0	0			1		maplevel180
<i18n=6375>	9094	80		31879	95886	0	0	191	-1	0	0			1		maplevel180
<i18n=6375>	9094	80		33182	98387	0	0	191	-1	0	0			1		maplevel180
<i18n=6375>	9094	80		33009	96153	0	0	191	-1	0	0			1		maplevel180
<i18n=6375>	9094	80		32416	94575	0	0	191	-1	0	0			1		maplevel180
<i18n=6375>	9094	80		30274	98832	0	0	191	-1	0	0			1		maplevel180
<i18n=6375>	9094	80		29301	95931	0	0	191	-1	0	0			1		maplevel180
<i18n=6375>	9094	80		22165	75410	0	0	191	-1	0	0			1		maplevel180
<i18n=6375>	9094	80		26408	77919	0	0	191	-1	0	0			1		maplevel180
<i18n=6375>	9094	80		27501	76415	0	0	191	-1	0	0			1		maplevel180
<i18n=6375>	9094	80		27295	77804	0	0	191	-1	0	0			1		maplevel180
<i18n=6375>	9094	80		25378	79901	0	0	191	-1	0	0			1		maplevel180
<i18n=6375>	9094	80		22827	79108	0	0	191	-1	0	0			1		maplevel180
<i18n=6375>	9094	80		24100	79770	0	0	191	-1	0	0			1		maplevel180
<i18n=6375>	9094	80		26316	74785	0	0	191	-1	0	0			1		maplevel180
<i18n=6375>	9094	80		23297	77534	0	0	191	-1	0	0			1		maplevel180
<i18n=6375>	9094	80		24049	72750	0	0	191	-1	0	0			1		maplevel180
<i18n=6375>	9094	80		22620	73557	0	0	191	-1	0	0			1		maplevel180
<i18n=6375>	9094	80		25358	72817	0	0	191	-1	0	0			1		maplevel180
<i18n=6375>	9094	80		25050	110833	0	0	191	-1	0	0			1		maplevel180
<i18n=6375>	9094	80		24890	116191	0	0	191	-1	0	0			1		maplevel180
<i18n=6375>	9094	80		28621	114025	0	0	191	-1	0	0			1		maplevel180
<i18n=6375>	9094	80		29887	110386	0	0	191	-1	0	0			1		maplevel180
<i18n=6375>	9094	80		28892	112407	0	0	191	-1	0	0			1		maplevel180
<i18n=6375>	9094	80		25066	108954	0	0	191	-1	0	0			1		maplevel180
<i18n=6375>	9094	80		23286	112526	0	0	191	-1	0	0			1		maplevel180
<i18n=6375>	9094	80		15435	103870	0	0	191	-1	0	0			1		maplevel180
<i18n=6375>	9094	80		20352	99977	0	0	191	-1	0	0			1		maplevel180
<i18n=6375>	9094	80		21057	101973	0	0	191	-1	0	0			1		maplevel180
<i18n=6375>	9094	80		19157	100494	0	0	191	-1	0	0			1		maplevel180
<i18n=6375>	9094	80		19020	99056	0	0	191	-1	0	0			1		maplevel180
<i18n=6375>	9094	80		15923	100336	0	0	191	-1	0	0			1		maplevel180
<i18n=6375>	9094	80		21493	90302	0	0	191	-1	0	0			1		maplevel180
<i18n=6375>	9094	80		21779	87129	0	0	191	-1	0	0			1		maplevel180
<i18n=6375>	9094	80		20631	92001	0	0	191	-1	0	0			1		maplevel180
<i18n=6375>	9094	80		20431	85446	0	0	191	-1	0	0			1		maplevel180
<i18n=6375>	9094	80		17155	87908	0	0	191	-1	0	0			1		maplevel180
<i18n=6375>	9094	80		31407	93870	0	0	191	-1	0	0			1		maplevel180
<i18n=6375>	9094	80		27873	98404	0	0	191	-1	0	0			1		maplevel180
<i18n=6375>	9094	80		28051	95935	0	0	191	-1	0	0			1		maplevel180
<i18n=6375>	9094	80		30642	96198	0	0	191	-1	0	0			1		maplevel180
<i18n=6375>	9094	80		25011	76174	0	0	191	-1	0	0			1		maplevel180
<i18n=6375>	9094	80		22101	77302	0	0	191	-1	0	0			1		maplevel180
<i18n=6375>	9094	80		23737	74360	0	0	191	-1	0	0			1		maplevel180
<i18n=6375>	9094	80		26936	73329	0	0	191	-1	0	0			1		maplevel180
<i18n=6375>	9094	80		27423	74636	0	0	191	-1	0	0			1		maplevel180
<i18n=6375>	9094	80		26468	79341	0	0	191	-1	0	0			1		maplevel180
<i18n=2612>	9091	80		74218	132961	0	0	191	-1	0	0			1		maplevel180
<i18n=2612>	9091	80		75352	133339	0	0	191	-1	0	0			1		maplevel180
<i18n=2612>	9091	80		72557	127978	0	0	191	-1	0	0			1		maplevel180
<i18n=2612>	9091	80		73218	132150	0	0	191	-1	0	0			1		maplevel180
<i18n=2612>	9091	80		78526	129735	0	0	191	-1	0	0			1		maplevel180
<i18n=2612>	9091	80		78130	131650	0	0	191	-1	0	0			1		maplevel180
<i18n=2612>	9091	80		72507	130362	0	0	191	-1	0	0			1		maplevel180
<i18n=2612>	9091	80		70477	116626	0	0	191	-1	0	0			1		maplevel180
<i18n=2612>	9091	80		68250	113317	0	0	191	-1	0	0			1		maplevel180
<i18n=2612>	9091	80		66790	109059	0	0	191	-1	0	0			1		maplevel180
<i18n=2612>	9091	80		66729	115417	0	0	191	-1	0	0			1		maplevel180
<i18n=2612>	9091	80		69669	115116	0	0	191	-1	0	0			1		maplevel180
<i18n=2612>	9091	80		71244	112104	0	0	191	-1	0	0			1		maplevel180
<i18n=2612>	9091	80		50559	99368	0	0	191	-1	0	0			1		maplevel180
<i18n=2612>	9091	80		50451	106828	0	0	191	-1	0	0			1		maplevel180
<i18n=2612>	9091	80		53454	104605	0	0	191	-1	0	0			1		maplevel180
<i18n=2612>	9091	80		53539	102440	0	0	191	-1	0	0			1		maplevel180
<i18n=2612>	9091	80		51866	105087	0	0	191	-1	0	0			1		maplevel180
<i18n=2612>	9091	80		47734	103556	0	0	191	-1	0	0			1		maplevel180
<i18n=2612>	9091	80		70326	94152	0	0	191	-1	0	0			1		maplevel180
<i18n=2612>	9091	80		71486	98208	0	0	191	-1	0	0			1		maplevel180
<i18n=2612>	9091	80		71397	95752	0	0	191	-1	0	0			1		maplevel180
<i18n=2612>	9091	80		67469	94704	0	0	191	-1	0	0			1		maplevel180
<i18n=2612>	9091	80		68476	90545	0	0	191	-1	0	0			1		maplevel180
<i18n=2612>	9091	80		79355	81208	0	0	191	-1	0	0			1		maplevel180
<i18n=2612>	9091	80		78228	85569	0	0	191	-1	0	0			1		maplevel180
<i18n=2612>	9091	80		83218	87619	0	0	191	-1	0	0			1		maplevel180
<i18n=2612>	9091	80		82726	86068	0	0	191	-1	0	0			1		maplevel180
<i18n=2612>	9091	80		84211	84484	0	0	191	-1	0	0			1		maplevel180
<i18n=2612>	9091	80		81228	81111	0	0	191	-1	0	0			1		maplevel180
<i18n=13345>	9092	80		96652	102082	0	0	191	-1	0	0			1		maplevel180
<i18n=13345>	9092	80		101818	100325	0	0	191	-1	0	0			1		maplevel180
<i18n=13345>	9092	80		101349	96915	0	0	191	-1	0	0			1		maplevel180
<i18n=13345>	9092	80		100908	95706	0	0	191	-1	0	0			1		maplevel180
<i18n=13345>	9092	80		99715	102434	0	0	191	-1	0	0			1		maplevel180
<i18n=13345>	9092	80		97923	97165	0	0	191	-1	0	0			1		maplevel180
<i18n=13345>	9092	80		97530	100692	0	0	191	-1	0	0			1		maplevel180
<i18n=13345>	9092	80		109442	89435	0	0	191	-1	0	0			1		maplevel180
<i18n=13345>	9092	80		107023	87326	0	0	191	-1	0	0			1		maplevel180
<i18n=13345>	9092	80		109565	83518	0	0	191	-1	0	0			1		maplevel180
<i18n=13345>	9092	80		105349	85964	0	0	191	-1	0	0			1		maplevel180
<i18n=13345>	9092	80		109514	87335	0	0	191	-1	0	0			1		maplevel180
<i18n=13345>	9092	80		81851	61833	0	0	191	-1	0	0			1		maplevel180
<i18n=13345>	9092	80		82704	67080	0	0	191	-1	0	0			1		maplevel180
<i18n=13345>	9092	80		84671	61579	0	0	191	-1	0	0			1		maplevel180
<i18n=13345>	9092	80		84468	65599	0	0	191	-1	0	0			1		maplevel180
<i18n=13345>	9092	80		85640	60479	0	0	191	-1	0	0			1		maplevel180
<i18n=13345>	9092	80		82915	60182	0	0	191	-1	0	0			1		maplevel180
<i18n=13345>	9092	80		87741	46134	0	0	191	-1	0	0			1		maplevel180
<i18n=13345>	9092	80		85764	46740	0	0	191	-1	0	0			1		maplevel180
<i18n=13345>	9092	80		89438	42392	0	0	191	-1	0	0			1		maplevel180
<i18n=13345>	9092	80		91099	43641	0	0	191	-1	0	0			1		maplevel180
<i18n=13345>	9092	80		89356	40507	0	0	191	-1	0	0			1		maplevel180
<i18n=13345>	9092	80		85511	31329	0	0	191	-1	0	0			1		maplevel180
<i18n=13345>	9092	80		87077	33820	0	0	191	-1	0	0			1		maplevel180
<i18n=13345>	9092	80		89714	28962	0	0	191	-1	0	0			1		maplevel180
<i18n=13345>	9092	80		87045	29950	0	0	191	-1	0	0			1		maplevel180
<i18n=13345>	9092	80		88272	26674	0	0	191	-1	0	0			1		maplevel180
<i18n=13345>	9092	80		83867	31789	0	0	191	-1	0	0			1		maplevel180
<i18n=369>	9093	80		39751	70867	0	0	191	-1	0	0			1		maplevel180
<i18n=369>	9093	80		44361	70654	0	0	191	-1	0	0			1		maplevel180
<i18n=369>	9093	80		39268	67532	0	0	191	-1	0	0			1		maplevel180
<i18n=369>	9093	80		41517	64371	0	0	191	-1	0	0			1		maplevel180
<i18n=369>	9093	80		41319	69916	0	0	191	-1	0	0			1		maplevel180
<i18n=369>	9093	80		45650	66924	0	0	191	-1	0	0			1		maplevel180
<i18n=369>	9093	80		43275	66336	0	0	191	-1	0	0			1		maplevel180
<i18n=369>	9093	80		43909	68071	0	0	191	-1	0	0			1		maplevel180
<i18n=369>	9093	80		49161	57561	0	0	191	-1	0	0			1		maplevel180
<i18n=369>	9093	80		47753	54818	0	0	191	-1	0	0			1		maplevel180
<i18n=369>	9093	80		49675	53994	0	0	191	-1	0	0			1		maplevel180
<i18n=369>	9093	80		59633	39731	0	0	191	-1	0	0			1		maplevel180
<i18n=369>	9093	80		54021	38689	0	0	191	-1	0	0			1		maplevel180
<i18n=369>	9093	80		59714	35549	0	0	191	-1	0	0			1		maplevel180
<i18n=369>	9093	80		57184	37626	0	0	191	-1	0	0			1		maplevel180
<i18n=369>	9093	80		63541	51858	0	0	191	-1	0	0			1		maplevel180
<i18n=369>	9093	80		66837	51550	0	0	191	-1	0	0			1		maplevel180
<i18n=369>	9093	80		68357	48176	0	0	191	-1	0	0			1		maplevel180
<i18n=369>	9093	80		67133	48024	0	0	191	-1	0	0			1		maplevel180
<i18n=369>	9093	80		65351	46340	0	0	191	-1	0	0			1		maplevel180
<i18n=369>	9093	80		64084	47018	0	0	191	-1	0	0			1		maplevel180
<i18n=14944>	3240	85	5	20506	112298	0	0	191	-1	0	0					
<i18n=13705>	3241	85	5	30085	64026	0	0	191	-1	0	0					
<i18n=3832>	3242	85	5	29844	51341	0	0	191	-1	0	0					
<i18n=2130>	3243	85	5	60700	44460	0	0	191	-1	0	0					
<i18n=1032>	3244	85	5	62404	40035	0	0	191	-1	0	0					
<i18n=4689>	3245	85	5	87635	54168	0	0	191	-1	0	0					
<i18n=11373>	3246	85	5	105932	73505	0	0	191	-1	0	0					
<i18n=3868>	3247	85	5	91797	84541	0	0	191	-1	0	0					
<i18n=10307>	3248	85	5	80283	141000	0	0	191	-1	0	0					
<i18n=11616>	3249	85	5	79206	113298	0	0	191	-1	0	0					
<i18n=5140>	3250	85	5	97450	42468	0	0	191	-1	0	0					
<i18n=12150>	3251	85	5	88468	77397	0	0	191	-1	0	0					
<i18n=369>	9093	80		77566	56245	0	0	191	-1	0	0			1		maplevel180
<i18n=369>	9093	80		76143	53820	0	0	191	-1	0	0			1		maplevel180
<i18n=369>	9093	80		75409	54824	0	0	191	-1	0	0			1		maplevel180
<i18n=369>	9093	80		78574	56398	0	0	191	-1	0	0			1		maplevel180
<i18n=369>	9093	80		77818	52331	0	0	191	-1	0	0			1		maplevel180
<i18n=369>	9093	80		80485	52635	0	0	191	-1	0	0			1		maplevel180
<i18n=369>	9093	80		76569	56198	0	0	191	-1	0	0			1		maplevel180
<i18n=369>	9093	80		79489	49120	0	0	191	-1	0	0			1		maplevel180
<i18n=369>	9093	80		80201	50608	0	0	191	-1	0	0			1		maplevel180
<i18n=369>	9093	80		79204	50342	0	0	191	-1	0	0			1		maplevel180
<i18n=369>	9093	80		79820	55247	0	0	191	-1	0	0			1		maplevel180
<i18n=369>	9093	80		76845	48853	0	0	191	-1	0	0			1		maplevel180
<i18n=369>	9093	80		74663	53262	0	0	191	-1	0	0			1		maplevel180
<i18n=369>	9093	80		76492	50643	0	0	191	-1	0	0			1		maplevel180
<i18n=369>	9093	80		78840	54160	0	0	191	-1	0	0			1		maplevel180
<i18n=369>	9093	80		78243	48281	0	0	191	-1	0	0			1		maplevel180
<i18n=369>	9093	80		75286	49896	0	0	191	-1	0	0			1		maplevel180
<i18n=369>	9093	80		74816	51450	0	0	191	-1	0	0			1		maplevel180
<i18n=8682>	3228	85	5	105809	76537	0	0	191	-1	0	0					
<i18n=10030>	3229	85	5	94483	75724	0	0	191	-1	0	0					
<i18n=11276>	3230	85	5	50562	44558	0	0	191	-1	0	0					
<i18n=8644>	3231	85	5	36545	60558	0	0	191	-1	0	0					
<i18n=1876>	3232	85	5	17281	79206	0	0	191	-1	0	0					
<i18n=1175>	3233	85	5	26287	82055	0	0	191	-1	0	0					
<i18n=3171>	3234	85	5	24464	101338	0	0	191	-1	0	0					
<i18n=3627>	3235	85	5	35163	105020	0	0	191	-1	0	0					
<i18n=1319>	3236	85	5	45262	91554	0	0	191	-1	0	0					
<i18n=11815>	3237	85	5	59031	97422	0	0	191	-1	0	0					
<i18n=4451>	3238	85	5	67571	129097	0	0	191	-1	0	0					
<i18n=15646>	3239	85	5	85004	137003	0	0	191	-1	0	0					
<i18n=22867>	7392	80		56465	47443	0	0	191	-1	0	0			1		
<i18n=22893>	7395	80		115331	78862	0	0	160	-1	0	0			1		
<i18n=22790>	7394	80		105363	90969	0	0	191	-1	0	0			1		
<i18n=22790>	7394	80		106615	91629	0	0	191	-1	0	0			1		
<i18n=22790>	7394	80		107999	91147	0	0	191	-1	0	0			1		
<i18n=22953>	7393	80		95134	82878	0	0	191	-1	0	0			1		
<i18n=2803>	7396	80		71108	134213	0	0	191	-1	0	0			1		
<i18n=22958>	7397	80		79951	135243	0	0	191	-1	0	0			1		
<i18n=22863>	7401	80		17607	109516	0	0	191	-1	0	0			1		
<i18n=22954>	7398	80		32344	111531	0	0	191	-1	0	0			1		
<i18n=22946>	7400	80		15944	84480	0	0	191	-1	0	0			1		
<i18n=22929>	7399	80		30325	75290	0	0	191	-1	0	0			1		
<i18n=6984>	7039	80		49081	39525	0	0	191	-1	0	0			1		
<i18n=3914>	7083	80		48712	37274	0	0	191	-1	0	0			1		
<i18n=6976>	7137	80		51342	39841	0	0	191	-1	0	0			1		
<i18n=21729>	7366	80		52366	45539	0	0	191	-1	0	0			1		
<i18n=1862>	7403	80		53969	45507	0	0	191	-1	0	0			1		
<i18n=22813>	7404	80		77698	99450	0	0	191	-1	0	0			1		
<i18n=22886>	7405	80		95587	105282	0	0	191	-1	0	0			1		
<i18n=22813>	7404	80		77022	97556	0	0	191	-1	0	0			1		
<i18n=22813>	7404	80		78870	100633	0	0	191	-1	0	0			1		
<i18n=6375>	7409	90		41184	62230	0	0	191	-1	0	0			1		
<i18n=6375>	7409	90		42495	61367	0	0	191	-1	0	0			1		
<i18n=6375>	7409	90		44191	58637	0	0	191	-1	0	0			1		
