TemplateId	Name	ShowType	ItemType	DetailType	Level	RequireLevel	RealLevel	Icon	BigIcon	ObjID	Intro	Price	Quality	ItemValue	Sellable	ClassName	ResEffect	AttributePower	FightPower	Attrib1Type	Attrib1Value1	Attrib1Value2	Attrib1Value3	White1	Green1	Attrib2Type	Attrib2Value1	Attrib2Value2	Attrib2Value3	White2	Green2	Attrib3Type	Attrib3Value1	Attrib3Value2	Attrib3Value3	Attrib4Type	Attrib4Value1	Attrib4Value2	Attrib4Value3	Attrib5Type	Attrib5Value1	Attrib5Value2	Attrib5Value3	Attrib6Type	Attrib6Value1	Attrib6Value2	Attrib6Value3	Attrib7Type	Attrib7Value1	Attrib7Value2	Attrib7Value3	Attrib8Type	Attrib8Value1	Attrib8Value2	Attrib8Value3	Attrib9Type	Attrib9Value1	Attrib9Value2	Attrib9Value3	Attrib10Type	Attrib10Value1	Attrib10Value2	Attrib10Value3	HoleCount	InsetLevel	bForbidToBox	BagType
100011	<i18n=15634>	100011	1	1	1	1	1011	100011	100011			152	2	56	1	MainEquip			3	metal_resist_v	7	7				manamax_v	27	27																																						
100012	<i18n=9250>	100012	1	1	2	31	1012	100012	100012			380	2	120	1	MainEquip			7	metal_resist_v	15	15				manamax_v	60	60																																						
100013	<i18n=15847>	100013	1	1	3	41	1013	100013	100013			952	2	232	1	MainEquip			13	metal_resist_v	29	29				manamax_v	119	119																																						
100014	<i18n=104>	100014	1	1	4	51	1014	100014	100014			1904	2	360	1	MainEquip			22	metal_resist_v	45	45				manamax_v	181	181
100015	<i18n=4592>	100015	1	1	5	61	1015	100015	100015			3048	2	488	1	MainEquip			33	metal_resist_v	61	61				manamax_v	244	244
100016	<i18n=3955>	100016	1	1	6	71	1016	100016	100016			4568	2	624	1	MainEquip			45	metal_resist_v	78	78				manamax_v	314	314
100017	<i18n=4880>	100017	1	1	7	81	1017	100017	100017			6168	2	784	1	MainEquip			58	metal_resist_v	98	98				manamax_v	391	391
100018	<i18n=11429>	100018	1	1	8	91	1018	100018	100018			8020	2	944	1	MainEquip			73	metal_resist_v	118	118				manamax_v	475	475
100019	<i18n=6512>	100019	1	1	9	101	1019	100019	100019			10024	2	1128	1	MainEquip			88	metal_resist_v	141	141				manamax_v	566	566
100020	<i18n=4212>	100020	1	1	10	111	1020	100020	100020			12532	2	1328	1	MainEquip			105	metal_resist_v	166	166				manamax_v	663	663
100111	<i18n=31962>	100111	1	1	11	121	1021	100111	100111			12532	2	1536	1	MainEquip			123	metal_resist_v	192	192				manamax_v	768	768
100112	<i18n=31998>	100112	1	1	12	131	1022	100112	100112			12532	2	1760	1	MainEquip			142	metal_resist_v	220	220				manamax_v	880	880
100113	<i18n=31938>	100113	1	1	13	141	1023	100113	100113			12532	2	2000	1	MainEquip			163	metal_resist_v	250	250				manamax_v	998	998
100114	<i18n=31957>	100114	1	1	14	151	1024	100114	100114			12532	2	2248	1	MainEquip			184	metal_resist_v	281	281				manamax_v	1124	1124
100115	<i18n=31960>	100115	1	1	15	161	1025	100115	100115			12532	2	2512	1	MainEquip			207	metal_resist_v	314	314				manamax_v	1257	1257
100116	<i18n=31933>	100116	1	1	16	171	1026	100116	100116			12532	2	2792	1	MainEquip			231	metal_resist_v	349	349				manamax_v	1395	1395
100117	<i18n=31976>	100117	1	1	17	181	1027	100117	100117			12532	2	3088	1	MainEquip			256	metal_resist_v	386	386				manamax_v	1542	1542
100118	<i18n=32002>	100118	1	1	18	191	1028	100118	100118			12532	2	3392	1	MainEquip			283	metal_resist_v	424	424				manamax_v	1695	1695
101111	<i18n=66254>	101121	1	1	19	201	1029	100139	100139			12532	2	3696	1	MainEquip			310	metal_resist_v	462	462				manamax_v	1848	1848
101112	<i18n=66207>	101121	1	1	20	211	1030	100139	100139			12532	2	4000	1	MainEquip			339	metal_resist_v	500	500				manamax_v	2002	2002
101113	<i18n=66223>	101122	1	1	21	221	1031	100140	100140			12532	2	4312	1	MainEquip			369	metal_resist_v	539	539				manamax_v	2155	2155
101114	<i18n=66213>	101122	1	1	22	231	1032	100140	100140			12532	2	4616	1	MainEquip			400	metal_resist_v	577	577				manamax_v	2308	2308
101115	<i18n=66246>	101123	1	1	23	241	1033	100141	100141			12532	2	4920	1	MainEquip			433	metal_resist_v	615	615				manamax_v	2461	2461
101116	<i18n=66210>	101123	1	1	24	251	1034	100141	100141			12532	2	5232	1	MainEquip			466	metal_resist_v	654	654				manamax_v	2614	2614
101117	<i18n=66250>	100118	1	1	25	261	1035	100118	100118			12532	2	5536	1	MainEquip			501	metal_resist_v	692	692				manamax_v	2768	2768
101118	<i18n=66212>	100118	1	1	26	271	1036	100118	100118			12532	2	5840	1	MainEquip			537	metal_resist_v	730	730				manamax_v	2921	2921
101119	<i18n=66196>	100118	1	1	27	281	1037	100118	100118			12532	2	6144	1	MainEquip			574	metal_resist_v	768	768				manamax_v	3074	3074
101120	<i18n=66194>	100118	1	1	28	291	1038	100118	100118			12532	2	6456	1	MainEquip			613	metal_resist_v	807	807				manamax_v	3227	3227
100021	<i18n=15634>	100011	1	1	1	1	1011	100011	100011			760	4	64	1	MainEquip			15	metal_resist_v	8	8				manamax_v	30	30
100022	<i18n=9250>	100012	1	1	2	31	1012	100012	100012			1904	4	136	1	MainEquip			33	metal_resist_v	17	17				manamax_v	68	68
100023	<i18n=15847>	100013	1	1	3	41	1013	100013	100013			4760	4	264	1	MainEquip			63	metal_resist_v	33	33				manamax_v	134	134
100024	<i18n=104>	100014	1	1	4	51	1014	100014	100014			9520	4	408	1	MainEquip			111	metal_resist_v	51	51				manamax_v	204	204
100025	<i18n=4592>	100015	1	1	5	61	1015	100015	100015			15240	4	552	1	MainEquip			165	metal_resist_v	69	69				manamax_v	275	275
100026	<i18n=3955>	100016	1	1	6	71	1016	100016	100016			22840	4	704	1	MainEquip			225	metal_resist_v	88	88				manamax_v	353	353
100027	<i18n=4880>	100017	1	1	7	81	1017	100017	100017			30840	4	880	1	MainEquip			291	metal_resist_v	110	110				manamax_v	440	440
100028	<i18n=11429>	100018	1	1	8	91	1018	100018	100018			40104	4	1064	1	MainEquip			363	metal_resist_v	133	133				manamax_v	534	534
100029	<i18n=6512>	100019	1	1	9	101	1019	100019	100019			50120	4	1272	1	MainEquip			441	metal_resist_v	159	159				manamax_v	637	637
100030	<i18n=4212>	100020	1	1	10	111	1020	100020	100020			62664	4	1496	1	MainEquip			525	metal_resist_v	187	187				manamax_v	746	746
100121	<i18n=31962>	100111	1	1	11	121	1021	100111	100111			62664	4	1728	1	MainEquip			615	metal_resist_v	216	216				manamax_v	864	864
100122	<i18n=31998>	100112	1	1	12	131	1022	100112	100112			62664	4	1984	1	MainEquip			711	metal_resist_v	248	248				manamax_v	990	990
100123	<i18n=31938>	100113	1	1	13	141	1023	100113	100113			62664	4	2248	1	MainEquip			813	metal_resist_v	281	281				manamax_v	1123	1123
100124	<i18n=31957>	100114	1	1	14	151	1024	100114	100114			62664	4	2528	1	MainEquip			921	metal_resist_v	316	316				manamax_v	1265	1265
100125	<i18n=31960>	100115	1	1	15	161	1025	100115	100115			62664	4	2824	1	MainEquip			1035	metal_resist_v	353	353				manamax_v	1414	1414
100126	<i18n=31933>	100116	1	1	16	171	1026	100116	100116			62664	4	3144	1	MainEquip			1155	metal_resist_v	393	393				manamax_v	1569	1569
100127	<i18n=31976>	100117	1	1	17	181	1027	100117	100117			62664	4	3472	1	MainEquip			1281	metal_resist_v	434	434				manamax_v	1735	1735
100128	<i18n=32002>	100118	1	1	18	191	1028	100118	100118			62664	4	3816	1	MainEquip			1413	metal_resist_v	477	477				manamax_v	1907	1907
101121	<i18n=66254>	101121	1	1	19	201	1029	100139	100139			62664	4	4160	1	MainEquip			1551	metal_resist_v	520	520				manamax_v	2079	2079
101122	<i18n=66207>	101121	1	1	20	211	1030	100139	100139			62664	4	4504	1	MainEquip			1695	metal_resist_v	563	563				manamax_v	2252	2252
101123	<i18n=66223>	101122	1	1	21	221	1031	100140	100140			62664	4	4848	1	MainEquip			1845	metal_resist_v	606	606				manamax_v	2424	2424
101124	<i18n=66213>	101122	1	1	22	231	1032	100140	100140			62664	4	5192	1	MainEquip			2001	metal_resist_v	649	649				manamax_v	2597	2597
101125	<i18n=66246>	101123	1	1	23	241	1033	100141	100141			62664	4	5536	1	MainEquip			2163	metal_resist_v	692	692				manamax_v	2769	2769
101126	<i18n=66210>	101123	1	1	24	251	1034	100141	100141			62664	4	5888	1	MainEquip			2331	metal_resist_v	736	736				manamax_v	2941	2941
101127	<i18n=66250>	100118	1	1	25	261	1035	100118	100118			62664	4	6232	1	MainEquip			2505	metal_resist_v	779	779				manamax_v	3114	3114
101128	<i18n=66212>	100118	1	1	26	271	1036	100118	100118			62664	4	6568	1	MainEquip			2685	metal_resist_v	821	821				manamax_v	3286	3286
101129	<i18n=66196>	100118	1	1	27	281	1037	100118	100118			62664	4	6912	1	MainEquip			2871	metal_resist_v	864	864				manamax_v	3458	3458
101130	<i18n=66194>	100118	1	1	28	291	1038	100118	100118			62664	4	7264	1	MainEquip			3063	metal_resist_v	908	908				manamax_v	3630	3630
100031	<i18n=15634>	100011	1	1	1	1	1011	100011	100011			1900	6	72	1	MainEquip			48	metal_resist_v	9	9				manamax_v	36	36
100032	<i18n=9250>	100012	1	1	2	31	1012	100012	100012			4760	6	160	1	MainEquip			106	metal_resist_v	20	20				manamax_v	80	80
100033	<i18n=15847>	100013	1	1	3	41	1013	100013	100013			11900	6	312	1	MainEquip			202	metal_resist_v	39	39				manamax_v	158	158
100034	<i18n=104>	100014	1	1	4	51	1014	100014	100014			23800	6	480	1	MainEquip			355	metal_resist_v	60	60				manamax_v	240	240
100035	<i18n=4592>	100015	1	1	5	61	1015	100015	100015			38100	6	648	1	MainEquip			528	metal_resist_v	81	81				manamax_v	323	323
100036	<i18n=3955>	100016	1	1	6	71	1016	100016	100016			57100	6	832	1	MainEquip			720	metal_resist_v	104	104				manamax_v	416	416
100037	<i18n=4880>	100017	1	1	7	81	1017	100017	100017			77100	6	1040	1	MainEquip			931	metal_resist_v	130	130				manamax_v	518	518
100038	<i18n=11429>	100018	1	1	8	91	1018	100018	100018			100260	6	1256	1	MainEquip			1162	metal_resist_v	157	157				manamax_v	629	629
100039	<i18n=6512>	100019	1	1	9	101	1019	100019	100019			125300	6	1496	1	MainEquip			1411	metal_resist_v	187	187				manamax_v	750	750
100040	<i18n=4212>	100020	1	1	10	111	1020	100020	100020			156660	6	1760	1	MainEquip			1680	metal_resist_v	220	220				manamax_v	879	879
100131	<i18n=31962>	100111	1	1	11	121	1021	100111	100111			156660	6	2040	1	MainEquip			1415	metal_resist_v	255	255				manamax_v	1018	1018
100132	<i18n=31998>	100112	1	1	12	131	1022	100112	100112			156660	6	2328	1	MainEquip			1636	metal_resist_v	291	291				manamax_v	1166	1166
100133	<i18n=31938>	100113	1	1	13	141	1023	100113	100113			156660	6	2648	1	MainEquip			1871	metal_resist_v	331	331				manamax_v	1323	1323
100134	<i18n=31957>	100114	1	1	14	151	1024	100114	100114			156660	6	2976	1	MainEquip			2119	metal_resist_v	372	372				manamax_v	1489	1489
100135	<i18n=31960>	100115	1	1	15	161	1025	100115	100115			156660	6	3328	1	MainEquip			2382	metal_resist_v	416	416				manamax_v	1665	1665
100136	<i18n=31933>	100116	1	1	16	171	1026	100116	100116			156660	6	3696	1	MainEquip			2658	metal_resist_v	462	462				manamax_v	1849	1849
100137	<i18n=31976>	100117	1	1	17	181	1027	100117	100117			156660	6	4088	1	MainEquip			2947	metal_resist_v	511	511				manamax_v	2043	2043
100138	<i18n=32002>	100118	1	1	18	191	1028	100118	100118			156660	6	4496	1	MainEquip			3251	metal_resist_v	562	562				manamax_v	2246	2246
101131	<i18n=66254>	101121	1	1	19	201	1029	100139	100139			156660	6	4896	1	MainEquip			3569	metal_resist_v	612	612				manamax_v	2449	2449
101132	<i18n=66207>	101121	1	1	20	211	1030	100139	100139			156660	6	5304	1	MainEquip			3900	metal_resist_v	663	663				manamax_v	2652	2652
101133	<i18n=66223>	101122	1	1	21	221	1031	100140	100140			156660	6	5712	1	MainEquip			4245	metal_resist_v	714	714				manamax_v	2855	2855
101134	<i18n=66213>	101122	1	1	22	231	1032	100140	100140			156660	6	6120	1	MainEquip			4604	metal_resist_v	765	765				manamax_v	3058	3058
101135	<i18n=66246>	101123	1	1	23	241	1033	100141	100141			156660	6	6520	1	MainEquip			4976	metal_resist_v	815	815				manamax_v	3261	3261
101136	<i18n=66210>	101123	1	1	24	251	1034	100141	100141			156660	6	6928	1	MainEquip			5363	metal_resist_v	866	866				manamax_v	3464	3464
101137	<i18n=66250>	100118	1	1	25	261	1035	100118	100118			156660	6	7336	1	MainEquip			5763	metal_resist_v	917	917				manamax_v	3667	3667
101138	<i18n=66212>	100118	1	1	26	271	1036	100118	100118			156660	6	7736	1	MainEquip			6177	metal_resist_v	967	967				manamax_v	3870	3870
101139	<i18n=66196>	100118	1	1	27	281	1037	100118	100118			156660	6	8144	1	MainEquip			6605	metal_resist_v	1018	1018				manamax_v	4073	4073
101140	<i18n=66194>	100118	1	1	28	291	1038	100118	100118			156660	6	8552	1	MainEquip			7047	metal_resist_v	1069	1069				manamax_v	4276	4276
