TemplateId	Name	ShowType	ItemType	DetailType	Level	RequireLevel	RealLevel	Icon	BigIcon	ObjID	Intro	Price	Quality	ItemValue	Sellable	ClassName	ResEffect	AttributePower	FightPower	HoleCount	InsetLevel	bForbidToBox
250001	<i18n=43610>		17	15	1	120	120	3008	3008		<i18n=47306>	1000	2	10000	0	PartnerEquipItem			910
250002	<i18n=43600>		17	15	1	120	120	3008	3008		<i18n=47306>	2000	4	20000	0	PartnerEquipItem			1750
250003	<i18n=43599>		17	15	1	120	120	3008	3008		<i18n=47306>	3000	6	30000	0	PartnerEquipItem			4000
250011	<i18n=43651>		17	16	1	120	120	3009	3009		<i18n=47303>	1000	2	10000	0	PartnerEquipItem			910
250012	<i18n=43603>		17	16	1	120	120	3009	3009		<i18n=47303>	2000	4	20000	0	PartnerEquipItem			1750
250013	<i18n=43638>		17	16	1	120	120	3009	3009		<i18n=47303>	3000	6	30000	0	PartnerEquipItem			4000
250021	<i18n=43648>		17	17	1	140	140	3010	3010		<i18n=47304>	1000	2	10000	0	PartnerEquipItem			910
250022	<i18n=43622>		17	17	1	140	140	3010	3010		<i18n=47304>	2000	4	20000	0	PartnerEquipItem			1750
250023	<i18n=43618>		17	17	1	140	140	3010	3010		<i18n=47304>	3000	6	30000	0	PartnerEquipItem			4000
250031	<i18n=43614>		17	18	1	140	140	3011	3011		<i18n=47317>	1000	2	10000	0	PartnerEquipItem			910
250032	<i18n=43650>		17	18	1	140	140	3011	3011		<i18n=47317>	2000	4	20000	0	PartnerEquipItem			1750
250033	<i18n=43620>		17	18	1	140	140	3011	3011		<i18n=47317>	3000	6	30000	0	PartnerEquipItem			4000
250041	<i18n=43625>		17	19	1	160	160	3012	3012		<i18n=47311>	1000	2	10000	0	PartnerEquipItem			910
250042	<i18n=43612>		17	19	1	160	160	3012	3012		<i18n=47311>	2000	4	20000	0	PartnerEquipItem			1750
250043	<i18n=43642>		17	19	1	160	160	3012	3012		<i18n=47311>	3000	6	30000	0	PartnerEquipItem			4000
250051	<i18n=43615>		17	20	1	160	160	3013	3013		<i18n=47310>	1000	2	10000	0	PartnerEquipItem			910
250052	<i18n=43634>		17	20	1	160	160	3013	3013		<i18n=47310>	2000	4	20000	0	PartnerEquipItem			1750
250053	<i18n=43649>		17	20	1	160	160	3013	3013		<i18n=47310>	3000	6	30000	0	PartnerEquipItem			4000
250061	<i18n=43629>		17	21	1	180	180	3014	3014		<i18n=47292>	1000	2	10000	0	PartnerEquipItem			910
250062	<i18n=43645>		17	21	1	180	180	3014	3014		<i18n=47292>	2000	4	20000	0	PartnerEquipItem			1750
250063	<i18n=43617>		17	21	1	180	180	3014	3014		<i18n=47292>	3000	6	30000	0	PartnerEquipItem			4000
250071	<i18n=43606>		17	22	1	180	180	3015	3015		<i18n=47291>	1000	2	10000	0	PartnerEquipItem			910
250072	<i18n=43639>		17	22	1	180	180	3015	3015		<i18n=47291>	2000	4	20000	0	PartnerEquipItem			1750
250073	<i18n=43626>		17	22	1	180	180	3015	3015		<i18n=47291>	3000	6	30000	0	PartnerEquipItem			4000
250081	<i18n=43607>		17	23	1	200	200	3016	3016		<i18n=47293>	1000	2	10000	0	PartnerEquipItem			910
250082	<i18n=43643>		17	23	1	200	200	3016	3016		<i18n=47293>	2000	4	20000	0	PartnerEquipItem			1750
250083	<i18n=43633>		17	23	1	200	200	3016	3016		<i18n=47293>	3000	6	30000	0	PartnerEquipItem			4000
250091	<i18n=43609>		17	24	1	200	200	3017	3017		<i18n=47298>	1000	2	10000	0	PartnerEquipItem			910
250092	<i18n=43623>		17	24	1	200	200	3017	3017		<i18n=47298>	2000	4	20000	0	PartnerEquipItem			1750
250093	<i18n=43627>		17	24	1	200	200	3017	3017		<i18n=47298>	3000	6	30000	0	PartnerEquipItem			4000
