TemplateId	Name	ShowType	ItemType	DetailType	Level	RequireLevel	RealLevel	Icon	BigIcon	ObjID	Intro	Price	Quality	ItemValue	Sellable	ClassName	ResEffect	AttributePower	FightPower	HoleCount	InsetLevel	bForbidToBox
81001	<i18n=61977>	81001	17	31	1	130	130	901	901		<i18n=61291>		2		1	ShenBingPuItem
81002	<i18n=62402>	81002	17	31	2	130	130	901	901		<i18n=61291>		3		1	ShenBingPuItem
81003	<i18n=61971>	81003	17	31	3	130	130	901	901		<i18n=61291>		4		1	ShenBingPuItem
81004	<i18n=61717>	81004	17	31	4	130	130	901	901		<i18n=61291>		5		1	ShenBingPuItem
81005	<i18n=62227>	81005	17	31	5	130	130	901	901		<i18n=61291>		6		1	ShenBingPuItem
81006	<i18n=61727>	81006	17	31	6	150	150	901	901		<i18n=61291>		2		1	ShenBingPuItem
81007	<i18n=62279>	81007	17	31	7	150	150	901	901		<i18n=61291>		3		1	ShenBingPuItem
81008	<i18n=61903>	81008	17	31	8	150	150	901	901		<i18n=61291>		4		1	ShenBingPuItem
81009	<i18n=61443>	81009	17	31	9	150	150	901	901		<i18n=61291>		5		1	ShenBingPuItem
81010	<i18n=62420>	81010	17	31	10	150	150	901	901		<i18n=61291>		6		1	ShenBingPuItem
81011	<i18n=61762>	81011	17	31	11	170	170	901	901		<i18n=61291>		2		1	ShenBingPuItem
81012	<i18n=62116>	81012	17	31	12	170	170	901	901		<i18n=61291>		3		1	ShenBingPuItem
81013	<i18n=62309>	81013	17	31	13	170	170	901	901		<i18n=61291>		4		1	ShenBingPuItem
81014	<i18n=62418>	81014	17	31	14	170	170	901	901		<i18n=61291>		5		1	ShenBingPuItem
81015	<i18n=61350>	81015	17	31	15	170	170	901	901		<i18n=61291>		6		1	ShenBingPuItem
81016	<i18n=84037>	81016	17	31	16	190	190	901	901		<i18n=61291>		2		1	ShenBingPuItem
81017	<i18n=83054>	81017	17	31	17	190	190	901	901		<i18n=61291>		3		1	ShenBingPuItem
81018	<i18n=83307>	81018	17	31	18	190	190	901	901		<i18n=61291>		4		1	ShenBingPuItem
81019	<i18n=83217>	81019	17	31	19	190	190	901	901		<i18n=61291>		5		1	ShenBingPuItem
81020	<i18n=83660>	81020	17	31	20	190	190	901	901		<i18n=61291>		6		1	ShenBingPuItem
82001	<i18n=61524>	82001	17	32	1	130	130	901	901		<i18n=61174>		2		1	ShenBingPuItem
82002	<i18n=61630>	82002	17	32	2	130	130	901	901		<i18n=61174>		3		1	ShenBingPuItem
82003	<i18n=61701>	82003	17	32	3	130	130	901	901		<i18n=61174>		4		1	ShenBingPuItem
82004	<i18n=62208>	82004	17	32	4	130	130	901	901		<i18n=61174>		5		1	ShenBingPuItem
82005	<i18n=61823>	82005	17	32	5	130	130	901	901		<i18n=61174>		6		1	ShenBingPuItem
82006	<i18n=62280>	82006	17	32	6	150	150	901	901		<i18n=61174>		2		1	ShenBingPuItem
82007	<i18n=61333>	82007	17	32	7	150	150	901	901		<i18n=61174>		3		1	ShenBingPuItem
82008	<i18n=62150>	82008	17	32	8	150	150	901	901		<i18n=61174>		4		1	ShenBingPuItem
82009	<i18n=61565>	82009	17	32	9	150	150	901	901		<i18n=61174>		5		1	ShenBingPuItem
82010	<i18n=61807>	82010	17	32	10	150	150	901	901		<i18n=61174>		6		1	ShenBingPuItem
82011	<i18n=62439>	82011	17	32	11	170	170	901	901		<i18n=61174>		2		1	ShenBingPuItem
82012	<i18n=61825>	82012	17	32	12	170	170	901	901		<i18n=61174>		3		1	ShenBingPuItem
82013	<i18n=62288>	82013	17	32	13	170	170	901	901		<i18n=61174>		4		1	ShenBingPuItem
82014	<i18n=61562>	82014	17	32	14	170	170	901	901		<i18n=61174>		5		1	ShenBingPuItem
82015	<i18n=62435>	82015	17	32	15	170	170	901	901		<i18n=61174>		6		1	ShenBingPuItem
82016	<i18n=83159>	82016	17	32	16	190	190	901	901		<i18n=61174>		2		1	ShenBingPuItem
82017	<i18n=83842>	82017	17	32	17	190	190	901	901		<i18n=61174>		3		1	ShenBingPuItem
82018	<i18n=83261>	82018	17	32	18	190	190	901	901		<i18n=61174>		4		1	ShenBingPuItem
82019	<i18n=83826>	82019	17	32	19	190	190	901	901		<i18n=61174>		5		1	ShenBingPuItem
82020	<i18n=83739>	82020	17	32	20	190	190	901	901		<i18n=61174>		6		1	ShenBingPuItem
83001	<i18n=62234>	83001	17	33	1	130	130	901	901		<i18n=60204>		2		1	ShenBingPuItem
83002	<i18n=62295>	83002	17	33	2	130	130	901	901		<i18n=60204>		3		1	ShenBingPuItem
83003	<i18n=62198>	83003	17	33	3	130	130	901	901		<i18n=60204>		4		1	ShenBingPuItem
83004	<i18n=62371>	83004	17	33	4	130	130	901	901		<i18n=60204>		5		1	ShenBingPuItem
83005	<i18n=61976>	83005	17	33	5	130	130	901	901		<i18n=60204>		6		1	ShenBingPuItem
83006	<i18n=61875>	83006	17	33	6	150	150	901	901		<i18n=60204>		2		1	ShenBingPuItem
83007	<i18n=61973>	83007	17	33	7	150	150	901	901		<i18n=60204>		3		1	ShenBingPuItem
83008	<i18n=62224>	83008	17	33	8	150	150	901	901		<i18n=60204>		4		1	ShenBingPuItem
83009	<i18n=62212>	83009	17	33	9	150	150	901	901		<i18n=60204>		5		1	ShenBingPuItem
83010	<i18n=62389>	83010	17	33	10	150	150	901	901		<i18n=60204>		6		1	ShenBingPuItem
83011	<i18n=62428>	83011	17	33	11	170	170	901	901		<i18n=60204>		2		1	ShenBingPuItem
83012	<i18n=62387>	83012	17	33	12	170	170	901	901		<i18n=60204>		3		1	ShenBingPuItem
83013	<i18n=62298>	83013	17	33	13	170	170	901	901		<i18n=60204>		4		1	ShenBingPuItem
83014	<i18n=61609>	83014	17	33	14	170	170	901	901		<i18n=60204>		5		1	ShenBingPuItem
83015	<i18n=62167>	83015	17	33	15	170	170	901	901		<i18n=60204>		6		1	ShenBingPuItem
83016	<i18n=83631>	83016	17	33	16	190	190	901	901		<i18n=60204>		2		1	ShenBingPuItem
83017	<i18n=82775>	83017	17	33	17	190	190	901	901		<i18n=60204>		3		1	ShenBingPuItem
83018	<i18n=83464>	83018	17	33	18	190	190	901	901		<i18n=60204>		4		1	ShenBingPuItem
83019	<i18n=84044>	83019	17	33	19	190	190	901	901		<i18n=60204>		5		1	ShenBingPuItem
83020	<i18n=82828>	83020	17	33	20	190	190	901	901		<i18n=60204>		6		1	ShenBingPuItem
87000	<i18n=88234>	87000	17	31	5	130	130	901	901		<i18n=61291>		7		1	ShenBingPuItem
87001	<i18n=88334>	87001	17	31	10	150	150	901	901		<i18n=61291>		7		1	ShenBingPuItem
87002	<i18n=88305>	87002	17	31	15	170	170	901	901		<i18n=61291>		7		1	ShenBingPuItem
87003	<i18n=88375>	87003	17	31	20	190	190	901	901		<i18n=61291>		7		1	ShenBingPuItem
87004	<i18n=88491>	87004	17	31	25	210	210	901	901		<i18n=61291>		7		1	ShenBingPuItem
87005	<i18n=88153>	87005	17	31	30	230	230	901	901		<i18n=61291>		7		1	ShenBingPuItem
88000	<i18n=88489>	88000	17	32	5	130	130	901	901		<i18n=61174>		7		1	ShenBingPuItem
88001	<i18n=88417>	88001	17	32	10	150	150	901	901		<i18n=61174>		7		1	ShenBingPuItem
88002	<i18n=88714>	88002	17	32	15	170	170	901	901		<i18n=61174>		7		1	ShenBingPuItem
88003	<i18n=88712>	88003	17	32	20	190	190	901	901		<i18n=61174>		7		1	ShenBingPuItem
88004	<i18n=88689>	88004	17	32	25	210	210	901	901		<i18n=61174>		7		1	ShenBingPuItem
88005	<i18n=88247>	88005	17	32	30	230	230	901	901		<i18n=61174>		7		1	ShenBingPuItem
89000	<i18n=88324>	89000	17	33	5	130	130	901	901		<i18n=60204>		7		1	ShenBingPuItem
89001	<i18n=88259>	89001	17	33	10	150	150	901	901		<i18n=60204>		7		1	ShenBingPuItem
89002	<i18n=88307>	89002	17	33	15	170	170	901	901		<i18n=60204>		7		1	ShenBingPuItem
89003	<i18n=88682>	89003	17	33	20	190	190	901	901		<i18n=60204>		7		1	ShenBingPuItem
89004	<i18n=88599>	89004	17	33	25	210	210	901	901		<i18n=60204>		7		1	ShenBingPuItem
89005	<i18n=88369>	89005	17	33	30	230	230	901	901		<i18n=60204>		7		1	ShenBingPuItem
