nTaskId	nLevel	nMapTemplateId	_Desc	nNpcTemplateId	_Desc	nWeight
1	20	88	<i18n=14769>	3108	<i18n=16423>	1000
2	20	88	<i18n=14769>	3109	<i18n=10729>	1000
3	20	88	<i18n=14769>	3110	<i18n=6196>	1000
4	20	88	<i18n=14769>	3111	<i18n=3997>	1000
5	20	88	<i18n=14769>	3112	<i18n=8513>	1000
6	20	88	<i18n=14769>	3113	<i18n=10126>	1000
7	20	88	<i18n=14769>	3114	<i18n=11368>	1000
8	20	88	<i18n=14769>	3115	<i18n=15794>	1000
9	20	88	<i18n=14769>	3116	<i18n=12325>	1000
10	20	88	<i18n=14769>	3117	<i18n=14553>	1000
11	20	88	<i18n=14769>	3118	<i18n=15657>	1000
12	20	88	<i18n=14769>	3119	<i18n=12942>	1000
13	30	28	<i18n=6920>	3120	<i18n=5498>	1000
14	30	28	<i18n=6920>	3121	<i18n=10609>	1000
15	30	28	<i18n=6920>	3122	<i18n=10533>	1000
16	30	28	<i18n=6920>	3123	<i18n=13759>	1000
17	30	28	<i18n=6920>	3124	<i18n=7222>	1000
18	30	28	<i18n=6920>	3125	<i18n=12716>	1000
19	30	28	<i18n=6920>	3126	<i18n=12140>	1000
20	30	28	<i18n=6920>	3127	<i18n=13963>	1000
21	30	28	<i18n=6920>	3128	<i18n=5521>	1000
22	30	28	<i18n=6920>	3129	<i18n=6790>	1000
23	30	28	<i18n=6920>	3130	<i18n=10141>	1000
24	30	28	<i18n=6920>	3131	<i18n=9794>	1000
25	40	26	<i18n=288>	3132	<i18n=2448>	1000
26	40	26	<i18n=288>	3133	<i18n=13108>	1000
27	40	26	<i18n=288>	3134	<i18n=2573>	1000
28	40	26	<i18n=288>	3135	<i18n=12528>	1000
29	40	26	<i18n=288>	3136	<i18n=7060>	1000
30	40	26	<i18n=288>	3137	<i18n=883>	1000
31	40	26	<i18n=288>	3138	<i18n=7511>	1000
32	40	26	<i18n=288>	3139	<i18n=3532>	1000
33	40	26	<i18n=288>	3140	<i18n=6711>	1000
34	40	26	<i18n=288>	3141	<i18n=15783>	1000
35	40	26	<i18n=288>	3142	<i18n=14977>	1000
36	40	26	<i18n=288>	3143	<i18n=13978>	1000
37	40	61	<i18n=3569>	3144	<i18n=3998>	1000
38	40	61	<i18n=3569>	3145	<i18n=4249>	1000
39	40	61	<i18n=3569>	3146	<i18n=7277>	1000
40	40	61	<i18n=3569>	3147	<i18n=10278>	1000
41	40	61	<i18n=3569>	3148	<i18n=1189>	1000
42	40	61	<i18n=3569>	3149	<i18n=6926>	1000
43	40	61	<i18n=3569>	3150	<i18n=7983>	1000
44	40	61	<i18n=3569>	3151	<i18n=314>	1000
45	40	61	<i18n=3569>	3152	<i18n=9565>	1000
46	40	61	<i18n=3569>	3153	<i18n=11341>	1000
47	40	61	<i18n=3569>	3154	<i18n=1511>	1000
48	40	61	<i18n=3569>	3155	<i18n=2770>	1000
49	50	49	<i18n=2541>	3156	<i18n=1830>	1000
50	50	49	<i18n=2541>	3157	<i18n=6310>	1000
51	50	49	<i18n=2541>	3158	<i18n=3771>	1000
52	50	49	<i18n=2541>	3159	<i18n=2892>	1000
53	50	49	<i18n=2541>	3160	<i18n=10371>	1000
54	50	49	<i18n=2541>	3161	<i18n=14845>	1000
55	50	49	<i18n=2541>	3162	<i18n=14249>	1000
56	50	49	<i18n=2541>	3163	<i18n=8491>	1000
57	50	49	<i18n=2541>	3164	<i18n=8373>	1000
58	50	49	<i18n=2541>	3165	<i18n=3672>	1000
59	50	49	<i18n=2541>	3166	<i18n=16003>	1000
60	50	49	<i18n=2541>	3167	<i18n=12156>	1000
61	50	7	<i18n=10435>	3168	<i18n=2299>	1000
62	50	7	<i18n=10435>	3169	<i18n=3191>	1000
63	50	7	<i18n=10435>	3170	<i18n=749>	1000
64	50	7	<i18n=10435>	3171	<i18n=16371>	1000
65	50	7	<i18n=10435>	3172	<i18n=1924>	1000
66	50	7	<i18n=10435>	3173	<i18n=9621>	1000
67	50	7	<i18n=10435>	3174	<i18n=11962>	1000
68	50	7	<i18n=10435>	3175	<i18n=12386>	1000
69	50	7	<i18n=10435>	3176	<i18n=3766>	1000
70	50	7	<i18n=10435>	3177	<i18n=12000>	1000
71	50	7	<i18n=10435>	3178	<i18n=4349>	1000
72	50	7	<i18n=10435>	3179	<i18n=15347>	1000
73	60	33	<i18n=15135>	3180	<i18n=4924>	1000
74	60	33	<i18n=15135>	3181	<i18n=9339>	1000
75	60	33	<i18n=15135>	3182	<i18n=14704>	1000
76	60	33	<i18n=15135>	3183	<i18n=10877>	1000
77	60	33	<i18n=15135>	3184	<i18n=14707>	1000
78	60	33	<i18n=15135>	3185	<i18n=4649>	1000
79	60	33	<i18n=15135>	3186	<i18n=12138>	1000
80	60	33	<i18n=15135>	3187	<i18n=7466>	1000
81	60	33	<i18n=15135>	3188	<i18n=3943>	1000
82	60	33	<i18n=15135>	3189	<i18n=5738>	1000
83	60	33	<i18n=15135>	3190	<i18n=12080>	1000
84	60	33	<i18n=15135>	3191	<i18n=10733>	1000
85	60	33	<i18n=15135>	3192	<i18n=3699>	1000
86	60	33	<i18n=15135>	3193	<i18n=14477>	1000
87	60	33	<i18n=15135>	3194	<i18n=13203>	1000
88	60	33	<i18n=15135>	3195	<i18n=10130>	1000
89	60	33	<i18n=15135>	3196	<i18n=10417>	1000
90	60	33	<i18n=15135>	3197	<i18n=15871>	1000
91	60	33	<i18n=15135>	3198	<i18n=11252>	1000
92	60	33	<i18n=15135>	3199	<i18n=7619>	1000
93	60	33	<i18n=15135>	3200	<i18n=9854>	1000
94	60	33	<i18n=15135>	3201	<i18n=557>	1000
95	60	33	<i18n=15135>	3202	<i18n=10428>	1000
96	60	33	<i18n=15135>	3203	<i18n=10847>	1000
97	70	30	<i18n=14934>	3204	<i18n=8878>	1000
98	70	30	<i18n=14934>	3205	<i18n=15975>	1000
99	70	30	<i18n=14934>	3206	<i18n=6525>	1000
100	70	30	<i18n=14934>	3207	<i18n=5852>	1000
101	70	30	<i18n=14934>	3208	<i18n=12739>	1000
102	70	30	<i18n=14934>	3209	<i18n=16356>	1000
103	70	30	<i18n=14934>	3210	<i18n=4201>	1000
104	70	30	<i18n=14934>	3211	<i18n=1994>	1000
105	70	30	<i18n=14934>	3212	<i18n=15843>	1000
106	70	30	<i18n=14934>	3213	<i18n=3956>	1000
107	70	30	<i18n=14934>	3214	<i18n=10768>	1000
108	70	30	<i18n=14934>	3215	<i18n=12438>	1000
109	70	30	<i18n=14934>	3216	<i18n=8643>	1000
110	70	30	<i18n=14934>	3217	<i18n=6974>	1000
111	70	30	<i18n=14934>	3218	<i18n=13315>	1000
112	70	30	<i18n=14934>	3219	<i18n=4881>	1000
113	70	30	<i18n=14934>	3220	<i18n=11223>	1000
114	70	30	<i18n=14934>	3221	<i18n=2921>	1000
115	70	30	<i18n=14934>	3222	<i18n=9177>	1000
116	70	30	<i18n=14934>	3223	<i18n=9770>	1000
117	70	30	<i18n=14934>	3224	<i18n=16164>	1000
118	70	30	<i18n=14934>	3225	<i18n=1824>	1000
119	70	30	<i18n=14934>	3226	<i18n=5617>	1000
120	70	30	<i18n=14934>	3227	<i18n=16322>	1000
121	80	38	<i18n=10192>	3228	<i18n=8682>	1000
122	80	38	<i18n=10192>	3229	<i18n=10030>	1000
123	80	38	<i18n=10192>	3230	<i18n=11276>	1000
124	80	38	<i18n=10192>	3231	<i18n=8644>	1000
125	80	38	<i18n=10192>	3232	<i18n=1876>	1000
126	80	38	<i18n=10192>	3233	<i18n=1175>	1000
127	80	38	<i18n=10192>	3234	<i18n=3171>	1000
128	80	38	<i18n=10192>	3235	<i18n=3627>	1000
129	80	38	<i18n=10192>	3236	<i18n=1319>	1000
130	80	38	<i18n=10192>	3237	<i18n=11815>	1000
131	80	38	<i18n=10192>	3238	<i18n=4451>	1000
132	80	38	<i18n=10192>	3239	<i18n=15646>	1000
133	80	38	<i18n=10192>	3240	<i18n=14944>	1000
134	80	38	<i18n=10192>	3241	<i18n=13705>	1000
135	80	38	<i18n=10192>	3242	<i18n=3832>	1000
136	80	38	<i18n=10192>	3243	<i18n=2130>	1000
137	80	38	<i18n=10192>	3244	<i18n=1032>	1000
138	80	38	<i18n=10192>	3245	<i18n=4689>	1000
139	80	38	<i18n=10192>	3246	<i18n=11373>	1000
140	80	38	<i18n=10192>	3247	<i18n=3868>	1000
141	80	38	<i18n=10192>	3248	<i18n=10307>	1000
142	80	38	<i18n=10192>	3249	<i18n=11616>	1000
143	80	38	<i18n=10192>	3250	<i18n=5140>	1000
144	80	38	<i18n=10192>	3251	<i18n=12150>	1000
145	90	35	<i18n=402>	3252	<i18n=11849>	1000
146	90	35	<i18n=402>	3253	<i18n=349>	1000
147	90	35	<i18n=402>	3254	<i18n=6699>	1000
148	90	35	<i18n=402>	3255	<i18n=13413>	1000
149	90	35	<i18n=402>	3256	<i18n=8904>	1000
150	90	35	<i18n=402>	3257	<i18n=11851>	1000
151	90	35	<i18n=402>	3258	<i18n=15126>	1000
152	90	35	<i18n=402>	3259	<i18n=15777>	1000
153	90	35	<i18n=402>	3260	<i18n=8935>	1000
154	90	35	<i18n=402>	3261	<i18n=9700>	1000
155	90	35	<i18n=402>	3262	<i18n=6412>	1000
156	90	35	<i18n=402>	3263	<i18n=13307>	1000
157	90	35	<i18n=402>	3264	<i18n=4872>	1000
158	90	35	<i18n=402>	3265	<i18n=11729>	1000
159	90	35	<i18n=402>	3266	<i18n=15459>	1000
160	90	35	<i18n=402>	3267	<i18n=1908>	1000
161	90	35	<i18n=402>	3268	<i18n=5863>	1000
162	90	35	<i18n=402>	3269	<i18n=12057>	1000
163	90	35	<i18n=402>	3270	<i18n=9628>	1000
164	90	35	<i18n=402>	3271	<i18n=1414>	1000
165	90	35	<i18n=402>	3272	<i18n=10966>	1000
166	90	35	<i18n=402>	3273	<i18n=4489>	1000
167	90	35	<i18n=402>	3274	<i18n=2928>	1000
168	90	35	<i18n=402>	3275	<i18n=7418>	1000
