nTaskId	nStep	nBranch	bAutoStart	szTarget	szAction	param1	param2	param3	param4	param5	param6	param7	param8	param9	param10	param11	param12	param13	param14	param15	param16	param17	param18	param19	param20	param21	param22	param23	param24	param25	param26	param27	param28	param29	param30	param31	param32	szOptTriggerTime	szOptType	OptParam1	OptParam2	OptParam3	OptParam4	OptParam5	OptParam6	OptParam7	OptParam8	OptParam9	OptParam10
1	1	0			dialog	1	4	12	13
2	1	0			dialog	1	3	4	5
2	2	0			killnpc	1	0	31|7025|5
2	3	0			dialog	1	3	6	7
3	1	0	1		dialog	1	4	1408
3	2	0	1		custom	yanWuChang	1
5	1	0	1		dialog	31	7027	20	21	22
5	2	0	1		killnpc	1	1	31|1000	1001|10000000|5
5	3	0	1		switchaward	31	7028	Item|1001|5		23
5	4	0	1		dialog	31	7028	24
5	5	0	1		getitemfromnpc	1	3	Item|1033|1|bAwardMsgView	25	26	27	643
5	6	0	1		switchaward	1	4	Item|1033|1		646	648	649	652
6	1	0	1		dialog	1	3	33
6	2	0	1		killnpc	1	0	31|7033|1
6	3	0	1		killnpc	1	0	31|7034|1
6	4	0	1	<i18n=4175>	gather	1	31|7023|0		1003|1
6	5	0	1		switchaward	1	3	Item|1003|1		34	35	36
7	1	0	1		dialog	1	10	1402	1403	1404	1405	1406	1407
8	1	0	1		dialog	10	7042	37	38
8	2	0	1		dialog	10	7045	41	42																													after	gotopos	40|7823|17511
9	1	0	1		dialog	40	7042	43	44	45	47	48	49	52	53
9	2	0	1		killnpc	1	0	41|7046|1
9	3	0	1		killnpc	1	0	41|7047|1
9	4	0	1		killnpc	1	0	41|7048|1
9	5	0	1		killnpc	1	0	42|7041|1
9	6	0	1		dialog	40	7038	61	63	64	65
11	1	0	1		dialog	48	7039	67	68	69	70	71	72	73
11	2	0	1		gotopos	10|21335|35003
11	3	0	1		dialog	10	7050	74	75	76	77	78	79	80	81	82
11	4	0	1		dialog	48	7039	83	84	85	86	87
11	5	0	1		getitemfromnpc	48	7051	Item|1003|1|bAwardMsgView	88	89	90
11	6	0	1		switchaward	48	7039	Item|1003|1		91	92	93	94	95
11	7	0	1		dialog	48	7049	96	97
17	1	0	1		dialog	1	3	980
17	2	0	1		custom	yiJun	1
17	3	0	1		dialog	48	7049	98
12	1	0	1		dialog	48	7052	99	100	101	102	103
12	2	0	1		killnpc	1	0	48|7053|1
12	3	0	1		getitemfromnpc	48	7052	Item|1004|1|bAwardMsgView	104	105	106	107	108
12	4	0	1		switchaward	48	7039	Item|1004|1		109	110	111	112	113	114	115
12	5	0	1		dialog	48	7049	116	117	118	119	120	121	122	123	124
12	6	0	1		dialog	48	7039	125	126	127	128
13	1	0	1		dialog	48	7039	129	130	131	132	133	134
13	2	0	1		dialog	48	7104	135	136	137
13	3	0	1	<i18n=11969>	convoy	48	7104	7105	3	107764|117059	106234|116729	103168|120581																										after	centermsg	<i18n=15904>
13	4	0	1		killnpc	1	0	48|7059|1
13	5	0	1		killnpc	1	0	48|7060|1
13	6	0	1		dialog	48	7054	138	139
14	1	0	1		dialog	48	7054	140	141	142
14	2	0	1		killnpc	1	1	48|7061	1005|1000000|1
14	3	0	1		switchaward	48	7039	Item|1005|1		143	144	145	146
15	1	0			dialog	48	7039	147	148	149	150	151	152	153
15	2	0	1		killnpc	1	0	48|9006|8
15	3	0	1		dialog	48	7039	155	156
16	1	0	1		getitemfromnpc	48	7039	Item|1006|1;Item|1007|1	157	158	159	160	161	162
10	1	0	1		dialog	48	7039	960	961
10	2	0	1	<i18n=10651>	custom	battleAlone	1
10	3	0	1		dialog	48	7039	965	966
18	1	0	1		dialog	48	7045
18	2	0	1		gotopos	100|40712|47597
19	1	0	1		dialog	100	7069	163	164	165	166	167	168	169	170	171	172	173
19	2	0	1		switchaward	100	7067	Item|1007|1		175	176	177	178	179	180	181	182	183	184
19	3	0	1		switchaward	100	7068	Item|1006|1		192	193	194	195	196	197	198	199	200	201
19	4	0	1		gotopos	14|43646|74712
19	5	0	1		getitemfromnpc	14	7070	Item|1008|1|bAwardMsgView	204	205	206	207	208	209	210	211
19	6	0	1		getitemfromnpc	14	7071	Item|1009|1|bAwardMsgView	212	213	214	215	216
19	7	0	1		getitemfromnpc	14	7072	Item|1010|1|bAwardMsgView	217	218	219	220	221	222
19	8	0	1	<i18n=1433>	switchaward	14	7068	Item|1008|1;Item|1009|1;Item|1010|1		223	224	225	226	227	228
20	1	0	1		dialog	14	7068	229	230
20	2	0	1		dialog	14	7073	231	232	233
20	3	0	1		killnpc	1	0	14|7074|1																														after	dialog	234
20	4	0	1		dialog	14	7075	235	236	237	238	239	240	241	242	243	248
20	5	0	1		dialog	14	7067	249	251	252	255	256	263
21	1	0	1		dialog	14	7067	266	267	268	269	270	271
21	2	0	1		gather	1	14|7024|0		1011|1
21	3	0	1		dialog	14	7067	272	273	274	275	276	277	278	279
21	4	0	1		gotopos	100|40712|47597
21	5	0	1		switchaward	100	7077	Item|1011|1		280	281	282	283	285	287	288	289	293
21	6	0	1		gotopos	14|44348|74260
21	7	0	1		dialog	14	7067	294	295	296
22	1	0	1		dialog	14	7067	297	298
22	2	0	1		dialog	14	7075	299	300	301	302	303	304	305
22	3	0	1		killnpc	1	0	14|7079|1
22	4	0	1		killnpc	1	0	14|7080|1
22	5	0	1		dialog	14	7075	312	313	314	315	316
22	6	0	1		dialog	14	7067	317	318	319	320	322	323	324	325	328
22	7	0	1		killnpc	1	0	14|7082|1
22	8	0	1		dialog	14	7067	329	330
23	1	0	1		dialog	44	7067
23	2	0	1		dialog	44	7067	331	332	333	334	337	413	414	416	417	418
23	3	0	1		killnpc	1	0	44|7084|1
23	4	0	1		getitemfromnpc	44	7067	Item|1012|1|bAwardMsgView	338	339	340	341	342	343	344	345
23	5	0	1		useitem	1012	44|22597|37342																															after	centermsg	<i18n=12387>
23	6	0	1		dialog	44	7067	347	348
24	1	0	1		dialog	100	7077	349	350	353	354	357	358	359	360	361	363
24	2	0	1		dialog	100	7069	364	365	366	367	368	369
25	1	0	1		dialog	100	7067	370
25	2	0	1		dialog	14	7109	371	383	384	385
26	1	0	1		dialog	14	7067	386	387	394	395	396	397	398	399
26	2	0	1		killnpc	1	1	14|7033	1018|1000000|1
26	3	0	1		dialog	14	7067	400	401	402	403
27	1	0	1		useitem	1018	44|22508|12907
27	2	0	1		dialog	44	7067	404	939	405	406	407	408	409	410	411
28	1	0	1		gotopos	26|67483|69902
28	2	0	1		dialog	26	7113	423	424	425	426	427	428	429	430	435	436	437
28	3	0	1		killnpc	1	1	26|7120	1019|1000000|1
28	4	0	1		dialog	26	7113	440	441	442	443	444	445	446
29	1	0	1		dialog	26	7123	447	448	449	450	451	452	453	454
29	2	0	1		switchaward	26	7124	Item|1019|1		461	462	463	464	465	466
29	3	0	1		killnpc	1	0	26|7125|1
29	4	0	1		dialog	26	7124	467	468	469	470
30	1	0			dialog	26	7124	471	472	473	474	475
30	2	0	1		gather	1	26|7143|0		1022|1																													after	centermsg	<i18n=7136>
30	3	0	1		gather	1	26|7144|0		1023|1																													after	centermsg	<i18n=7136>
30	4	0	1		gather	1	26|7145|0		1024|1																													after	centermsg	<i18n=7136>
30	5	0	1		gather	1	26|7146|0		1025|1																													after	centermsg	<i18n=7136>
30	6	0	1		dialog	26	7129	476	477	481	482	483	484	485	489	490	491
31	1	0	1	<i18n=1889>	switchaward	26	7124	Item|1022|1;Item|1023|1;Item|1024|1;Item|1025|1		494	495	496	497	498	499	500	501	502	503
31	2	0	1		killnpc	1	0	26|7131|1
31	3	0	1		dialog	26	7113	504	505	506	507	508	509	510	511	512	513
31	4	0	1		dialog	26	7124	514	515	516	517
31	5	0	1		dialog	26	7129	518	519	520	521	522	523	524	525	526
31	6	0	1		gather	1	26|7128|0		1021|1
31	7	0	1		switchaward	26	7113	Item|1021|1		527	528	529	530	531	532
31	8	0	1		dialog	26	7124	533	534	535	536	537
32	1	0	1		dialog	26	7138	538	539	540	541	542
32	2	0	1	<i18n=13101>	convoy	26	7139	7203	3	84187|98703	78708|100068	76105|104726																										after	centermsg	<i18n=10166>
32	3	0	1		dialog	26	7127	543	544	545	546	547	548	549	550
32	4	0	1		dialog	26	7123	551	552	553	554	555	562	563	565	566
33	1	0	1		dialog	26	7103	567	570	571	572	574	575	576	578	579
33	2	0	1		dialog	26	7124	580	581	582	583	584	585	586	587	588	589
33	3	0	1		dialog	26	7113	590	591	592	593	594	595	596	597	598	600	601
34	1	0	1		killnpc	1	0	26|7133|1																														after	dialog	641
34	2	0	1		killnpc	1	0	26|7134|1																														after	dialog	642
34	3	0	1		dialog	26	7124	602	603	604	605	606	607	608	609
34	4	0	1		dialog	26	7083	611	612	613	614	615	616	617	618	619	620	621
34	5	0	1		dialog	26	7039	622	623	624	627	628	630	633	634	635
34	6	0	1		dialog	26	7039	655	656
35	1	0	1		gotopos	99|41626|69848
35	2	0	1		dialog	99	7166	657	658	659	660
35	3	0	1		getitemfromnpc	88	7147	Item|1026|1|bAwardMsgView;Item|1027|1|bAwardMsgView	661	662	663	664	665	666	667
35	4	0	1		useitem	1026	88|79470|134268																															after	centermsg	<i18n=15395>
35	5	0	1		useitem	1027	88|74158|166825																															after	centermsg	<i18n=15395>
35	6	0	1		dialog	88	7147	668	669	670	671	672	673	674	675	676	677
36	1	0	1		killnpc	1	0	88|7149|1																														after	dialog	678
36	2	0	1	<i18n=15017>	gotopos	88|52742|114675																																after	dialog	679
36	3	0	1		killnpc	1	0	88|7150|1																														after	dialog	681
36	4	0	1		killnpc	1	0	88|7151|1
36	5	0	1		gather	1	88|7177|0		1030|1																													after	dialog	682
36	6	0	1		switchaward	88	7147	Item|1030|1		682	683	684	685	686	687
37	1	0	1		getitemfromnpc	88	7154	Item|1031|1|bAwardMsgView	688
37	2	0	1		useitem	1031	88|58686|86105	689																														after	dialog	690
37	3	0	1		killnpc	1	0	88|7152|1
37	4	0	1		dialog	88	7154	691	692	693	694	695	696	697
37	5	0	1	<i18n=4542>	gather	1	88|7172|0|1|2																															after	dialog	698
37	6	0	1	<i18n=8758>	gather	1	88|7173|0|1|2																															after	dialog	699
37	7	0	1	<i18n=3846>	gather	1	88|7174|0|1|2																															after	dialog	753
37	8	0	1	<i18n=6227>	gather	1	88|7175|0|1|2																															after	dialog	700
37	9	0	1		dialog	88	7154	701	702	703	704
37	10	0	1	<i18n=10622>	gather	1	88|7176|0|1|2																															after	centermsg	<i18n=15355>
38	1	0	1		getitemfromnpc	88	7154	Item|1032|1|bAwardMsgView	705
38	2	0	1		switchaward	97	7163	Item|1032|1		706	707	708	709
38	3	0	1		dialog	88	7166	710	711	712	713	714	715
38	4	0	1		dialog	88	7165	716	717
38	5	0	1		dialog	88	7163	718	719	720
39	1	0	1		dialog	88	7154	721	722	723	724	725	726
39	2	0	1		dialog	9	7169	727	728	729	730
39	3	0	1		dialog	16	7170	731	732	733	734
39	4	0	1		dialog	101	7199	739	740	741	742
40	1	0	1		dialog	88	7154	743	744	745
40	2	0	1		dialog	88	7168	746	747
40	3	0	1	<i18n=13101>	convoy	88	7178	7180	3	92313|66619	85553|59899	87529|52272																										after	dialog	748
40	4	0	1		dialog	88	7166	749	750	751	752
41	1	0	1		dialog	7	7147	769	770	774	775	776	778	779	780
41	2	0	1		dialog	49	7160	782
41	3	0	1		gotopos	59|15935|11351																																after	dialog	937
41	4	0	1		killnpc	1	0	59|7183|2
41	5	0	1		killnpc	1	0	59|7182|1
41	6	0	1		gather	1	59|7200|0		1034|1																													after	gotopos	55|8935|15755
41	7	0	1		switchaward	55	7181	Item|1034|1		784	785	786	787	788	789	790																						before	dialog	783
42	1	0	1		dialog	61	7185	791	792	793	794	795
42	2	0	1		killnpc	1	1	61|7184	1035|1000000|1																													before	dialog	796
42	3	0	1		switchaward	55	7181	Item|1035|1		797	798	799
42	4	0	1		getitemfromnpc	55	7181	Item|1036|1|bAwardMsgView	800	801
42	5	0	1		switchaward	17	27	Item|1036|1		802	803	804	805	806
42	6	0	1		dialog	95	7155	807	808	809	810	811	812	813	814	815
43	1	0	1		dialog	55	7181	816	817	818	819	820	821	822
43	2	0	1		killnpc	1	0	49|7186|1
43	3	0	1		killnpc	1	0	49|7187|1
43	4	0	1		dialog	101	7188	823	824	825	826	827
43	5	0	1		dialog	101	7199	828	829	832	833	835	836	837	840	841
43	6	0	1		dialog	55	7181	842	843	844
43	7	0	1		dialog	49	7189	845	846	847	848	849	850	851	852
43	8	0	1		dialog	55	7181	854	855	856	857
44	1	0	1		dialog	55	7181	858	859	860
44	2	0	1		dialog	16	7190	861	862	863
44	3	0	1		dialog	16	7170	864	865	866	867	868	869	870	871
44	4	0	1		dialog	61	7191	872	873	874	875	876	877	878	879
45	1	0	1		dialog	9	7169	880	881	882
45	2	0	1		dialog	9	7192	883	884
45	3	0	1		dialog	9	7169	885	886	887	888	889	890
45	4	0	1		dialog	9	7193	891	892	893	894	895	896	897
45	5	0	1		killnpc	1	1	61|7194	1037|1000000|1
45	6	0	1		switchaward	17	7207	Item|1037|1	Item|1038|1	898	899	900	901	902
45	7	0	1		switchaward	17	7195	Item|1038|1		903	904	905	906	907	908	909	910
45	8	0	1		dialog	9	7169	911	912	913	914
46	1	0	1		dialog	9	7169	915
46	2	0	1		killnpc	1	0	49|7187|1
46	3	0	1		dialog	95	7171	916	917	918
47	1	0	1		dialog	55	7181	919	920	921
47	2	0	1		dialog	32	7196	922	923
47	3	0	1		killnpc	1	0	49|7197|1
47	4	0	1		killnpc	1	0	49|7198|1
47	5	0	1		dialog	55	7181	924
47	6	0	1		killnpc	1	0	49|9025|10
47	7	0	1		dialog	55	7181	925	926	927	928	929
47	8	0	1		dialog	7	7147	930	931	932	933	934	935	936
48	1	0	1		dialog	1	4	1018	1019	1020	1021	1022	1024	1025	1026	1027
48	2	0	1		dialog	95	7208	1028	1029	1030	1031
48	3	0	1		dialog	95	7209	1032	1033	1034	1037
49	1	0	1	<i18n=5274>	gotopos	7|88739|76185
49	2	0	1	<i18n=249>	gather	1	7|7251|0|1|2																															after	dialog	1038
49	3	0	1		dialog	7	7210	1039	1040	1041	1042	1043	1044
49	4	0	1		killnpc	1	1	7|7211	1039|1000000|1
49	5	0	1		killnpc	1	1	7|7212	1040|1000000|1
49	6	0	1		killnpc	1	1	7|7213	1041|1000000|1
49	7	0	1	<i18n=5492>	switchaward	7	7210	Item|1039|1;Item|1040|1;Item|1041|1		1045	1046	1047	1048
50	1	0	1	<i18n=7248>	gotopos	104|7580|11500
50	2	0	1		dialog	104	7214	1049	1050	1051	1052	1053	1054	1055
50	3	0	1	<i18n=12345>	gotopos	104|24132|17693																																after	gotopos	105|6510|13960
50	4	0	1		killnpc	1	0	105|7221|5
50	5	0	1		killnpc	1	0	105|7222|1
50	6	0	1		dialog	105	7236	1058	1059	1060	1061	1062	1063	1064
51	1	0	1	<i18n=6796>	gotopos	58|7878|16331
51	2	0	1		dialog	58	7215	1065	1066	1067	1068
51	3	0	1		killnpc	1	0	58|7223|5
51	4	0	1		dialog	58	7215	1069	1070	1071	1072	1073
51	5	0	1		dialog	17	26	1074	1075	1076	1077	1078	1079
52	1	0	1		dialog	17	26	1080	1081	1082	1083	1084	1085
52	2	0	1		gotopos	102|17923|10589
52	3	0	1		dialog	102	7225	1086	1087
52	4	0	1		killnpc	1	0	102|7224|5
52	5	0	1		gather	1	102|7217|0		1042|1
53	1	0	1		switchaward	17	26	Item|1042|1		1088	1089	1090	1091	1092	1093	1094	1095	1096
53	2	0	1		dialog	17	7229	1097	1098	1099	1100	1101	1102	1103
53	3	0	1		dialog	17	7231	1104	1105
53	4	0	1		killnpc	1	1	61|7230	1043|1000000|1
53	5	0	1		killnpc	1	1	61|7232	1044|1000000|1
53	6	0	1		switchaward	17	7229	Item|1043|1;Item|1044|1		1106	1107	1108	1109
54	1	0	1		dialog	17	7229	1110	1111	1112	1113
54	2	0	1		dialog	17	27	1114	1115	1116	1117	1118	1119	1120
54	3	0	1		killnpc	1	1	7|7234	1045|1000000|1
54	4	0	1		killnpc	1	0	7|7235|1
54	5	0	1		switchaward	17	27	Item|1045|1		1129	1130	1133
54	6	0	1		dialog	17	7229	1134	1135	1136
55	1	0	1		dialog	17	26	1137	1138	1139	1140	1141	1142
55	2	0	1		gotopos	61|107735|86282
55	3	0	1		dialog	61	7237	1143	1144	1145	1146	1147	1148
55	4	0	1		gotopos	103|17966|14306
55	5	0	1		dialog	103	7244	1149	1150	1151
55	6	0	1		dialog	103	7227	1153	1154	1155	1156
55	7	0	1		killnpc	1	0	103|7242|1
55	8	0	1		killnpc	1	0	103|7240|1
55	9	0	1		killnpc	1	0	103|7241|1
55	10	0	1		killnpc	1	0	103|7243|1
56	1	0	1		getitemfromnpc	103	7215	Item|1031|1|bAwardMsgView	1157	1158	1159	1160
56	2	0	1		useitem	1031	103|10663|69955
56	3	0	1		dialog	17	26	1162	1163
56	4	0	1		dialog	17	26	1164	1165	1166	1167	1168	1169	1170
56	5	0	1		dialog	17	7229	1171	1172	1173	1174
56	6	0	1		dialog	17	27	1175	1176	1177
57	1	0	1		dialog	17	7219	1178	1179
57	2	0	1		dialog	17	27	1180	1181	1182
57	3	0	1		dialog	17	26	1183	1184	1185	1186	1187	1188
57	4	0	1		dialog	17	26
57	5	0	1		gotopos	107|7846|13538
57	6	0	1		dialog	107	7247	1192
57	7	0	1		gather	1	107|7239|0		1046|1
57	8	0	1		switchaward	106	7215	Item|1046|1		1189	1190	1191	1193	1194	1195	1196	1197	1198	1199
58	1	0	1		dialog	17	7229	1200	1201
58	2	0	1		dialog	17	7220	1202	1203
58	3	0	1		dialog	108	7246	1206	1207	1209	1210	1211	1212	1213	1214	1215
58	4	0	1		dialog	106	7215	1217	1218
58	5	0	1		dialog	109	7215	1220	1221	1222	1223	1224	1225	1226	1227	1228	1229	1230
59	1	0	1		dialog	10	7039	1231	1232	1233	1234
59	2	0	1		dialog	100	7067	1235
59	3	0	1		dialog	1	4	1236	1237	1238	1239	1240
59	4	0	1		dialog	1	3	1241	1242	1243	1244	1245	1248
60	1	0	1		dialog	1	4	1249	1250	1251	1252	1253	1254	1255	1256
60	2	0	1		dialog	96	7252	1257	1258	1259	1260	1261	1262
60	3	0	1		dialog	96	7253	1263	1264	1265
60	4	0	1	<i18n=10691>	gather	1	96|7277|0		1047|1
60	5	0	1	<i18n=3091>	gather	1	96|7278|0		1048|1
60	6	0	1		switchaward	96	7253	Item|1047|1;Item|1048|1		1266	1267	1268	1269
61	1	0	1		dialog	49	7254	1270	1271	1272
61	2	0	1		killnpc	1	0	49|7255|2
61	3	0	1		dialog	49	7256	1273	1274	1275	1276
61	4	0	1		dialog	49	7254	1277	1278	1279	1280	1281	1282	1283	1284	1285
62	1	0	1		getitemfromnpc	96	7258	Item|1014|1|bAwardMsgView	1286	1287	1288
62	2	0	1	<i18n=5670>	useitem	1014	96|49416|67647																															after	centermsg	<i18n=13709>
62	3	0	1		getitemfromnpc	96	7258	Item|1073|1|bAwardMsgView	1395	1396	1397
62	4	0	1		dialog	1	4	1289	1290	1291
62	5	0	1		dialog	1	3	1292	1293	1294
63	1	0	1		dialog	16	7275	1295	1296	1297	1298	1299	1300	1301
63	2	0	1		dialog	33	7259	1302	1303
63	3	0	1	<i18n=347>	gather	1	33|7276|0|1|2
63	4	0	1		getitemfromnpc	33	7259	Item|1074|1|bAwardMsgView	1304	1305	1306
63	5	0	1		dialog	1	4	1307	1308	1309	1310	1311
63	6	0	1		dialog	10	7039	1312	1313	1314	1315
63	7	0	1		dialog	100	7067	1316	1317	1318	1319
63	8	0	1		dialog	9	9252	1320	1321	1322	1323
64	1	0	1	<i18n=4369>	switchaward	1	4	Item|1073|1;Item|1074|1		1324	1325	1326	1327
64	2	0	1		dialog	49	7039	1328	1329
64	3	0	1		dialog	49	7261	1330	1331	1332
64	4	0	1		gotopos	49|70799|129334																																after	centermsg	<i18n=15199>
64	5	0	1		dialog	49	7039	1333	1334	1335	1336	1337
64	6	0	1		dialog	100	7067	1338	1339	1340
64	7	0	1		dialog	100	7067	1341	1342
65	1	0	1	<i18n=3680>	gotopos	49|70799|129334																																after	gotopos	45|17125|17877
65	2	0	1		dialog	45	7039	1343	1344	1345	1346	1347	1348	1349
65	3	0	1		killnpc	1	0	45|7262|2
65	4	0	1		killnpc	1	0	45|7263|2
65	5	0	1	<i18n=9109>	gather	1	45|7264|0|1|2																															after	centermsg	<i18n=9300>
65	6	0	1		dialog	45	7039	1350	1351	1352	1353	1354	1355	1356
66	1	0	1		dialog	100	7067	1357	1358
66	2	0	1		dialog	96	7165	1359	1360	1361
66	3	0	1		dialog	1	4	1362	1363	1364	1365	1366	1367	1368	1369
67	1	0	1		dialog	1	4	1370
67	2	0	1		dialog	96	7266	1371	1372	1373	1374	1375	1376
67	3	0	1		killnpc	1	0	30|7267|1
67	4	0	1		dialog	30	7268	1377	1378	1379	1380	1381
67	5	0	1		killnpc	1	0	30|7269|1
67	6	0	1		killnpc	1	0	30|7270|1
67	7	0	1		dialog	30	7268	1382
68	1	0	1	<i18n=7833>	gotopos	30|62376|46853																																after	gotopos	54|16048|14896
68	2	0	1		dialog	54	7272	1383	1384	1385
68	3	0	1	<i18n=4237>	gather	1	54|7273|0|1|2																															after	dialog	1386
68	4	0	1	<i18n=7246>	gotopos	30|54356|163080
68	5	0	1		dialog	30	7274	1387	1388	1389	1390	1391
68	6	0	1		dialog	1	4	1392	1393	1394
69	1	0	1		dialog	1	4	1432	1433	1434
69	2	0	1		dialog	7	7316	1435	1436	1437
69	3	0	1		killnpc	1	1	7|7321	1077|10000000|1
69	4	0	1	<i18n=20360>	useitem	1077	7|29558|116827																															after	centermsg	<i18n=20363>
69	5	0	1		dialog	7	7317	1438	1439
70	1	0	1		dialog	7	7317	1440	1441	1442	1443
70	2	0	1		killnpc	1	0	7|7318|1																														after	dialog	1444
70	3	0	1		dialog	7	7317	1445	1446
71	1	0	1		dialog	7	7317	1447	1448	1449
71	2	0	1		killnpc	1	1	7|7319	1078|10000000|1
71	3	0	1		dialog	7	7317	1450	1451
71	4	0	1		dialog	7	7316	1452	1453
72	1	0	1		dialog	7	7316	1454	1455
72	2	0	1		switchaward	7	7320	Item|1078|1		1456	1457	1458	1459
72	3	0	1		killnpc	1	0	7|7133|2																														after	dialog	1460
72	4	0	1		dialog	7	7320	1461	1462
73	1	0	1		dialog	7	7320	1463
73	2	0	1		killnpc	1	0	7|7340|1																														after	dialog	1464
73	3	0	1		dialog	7	7320	1465	1466
73	4	0	1		dialog	7	7316	1467	1468	1469
73	5	0	1		dialog	7	7341	1470	1471
74	1	0	1		dialog	7	7341	1472	1473	1474	1475	1476	1477	1478
74	2	0	1		killnpc	1	0	7|7322|2
74	3	0	1		dialog	7	7323	1479	1480	1481
74	4	0	1		killnpc	1	0	7|7324|1																														after	dialog	1482
74	5	0	1		dialog	7	7323	1483	1484	1485	1486
74	6	0	1		dialog	1	4	1487	1488
75	1	0	1		dialog	1	4	1502	1503	1504	1505	1506	1507	1508
75	2	0	1		dialog	48	7039	1509	1510	1511	1512	1513
75	3	0	1		dialog	26	7137	1514	1515	1516	1517	1518	1519	1520
76	1	0	1		dialog	26	7137	1521	1522	1523	1524	1525	1526	1527	1528
76	2	0	1		dialog	46	7325	1529	1530	1531	1532	1533
76	3	0	1		dialog	46	7326	1534	1535	1536	1537
76	4	0	1		killnpc	1	0	46|7327|1																														after	dialog	1538
76	5	0	1		killnpc	1	0	46|7328|2																														after	dialog	1539
76	6	0	1		dialog	46	7325	1540	1541
77	1	0	1		dialog	46	7325	1542	1543	1544
77	2	0	1		dialog	32	7329	1545
77	3	0	1	<i18n=21563>	dialog	32	7330	1546
77	4	0	1	<i18n=21808>	dialog	32	7331	1547
77	5	0	1	<i18n=21582>	gotopos	32|31554|126764																																after	dialog	1554
77	6	0	1		killnpc	1	0	32|7332|1
77	7	0	1		dialog	32	7333	1549	1550	1551	1552	1553
78	1	0	1		dialog	32	7333	1555	1556	1557
78	2	0	1		dialog	32	7335	1558	1559
78	3	0	1		killnpc	1	0	32|7334|2
78	4	0	1		dialog	32	7335	1560	1561	1562	1563	1564
79	1	0	1		dialog	32	7335	1561	1562	1563	1564
79	2	0	1	<i18n=21393>	convoy	32	7352	7336	3	75823|127891	72723|120275	72681|113044
79	3	0	1		killnpc	1	0	32|7328|2																														after	dialog	1567
79	4	0	1		dialog	32	7335	1568	1569	1570	1571
80	1	0	1		dialog	32	7335	1572	1573	1574	1575	1576
80	2	0	1	<i18n=21206>	convoy	32	7353	7337	3	75823|127891	72723|120275	72681|113044																										after	centermsg	<i18n=21142>
80	3	0	1		dialog	32	7338	1577	1578	1579	1580	1581	1582
80	4	0	1		dialog	101	7199	1583	1584	1585	1586	1587
80	5	0	1		dialog	101	9249	1588	1589	1590	1591
81	1	0	1		dialog	101	9249	1592	1593	1594	1595	1596	1597
81	2	0	1		dialog	100	7067	1598	1599	1600
81	3	0	1		dialog	48	7039	1601	1602
81	4	0	1		dialog	26	7137	1603	1604	1605	1606
81	5	0	1		dialog	1	4	1607	1608
82	1	0	1		dialog	1	4	1609	1610	1611	1612	1613
82	2	0	1		gotopos	55|10202|16970																																after	centermsg	<i18n=22146>
82	3	0	1	<i18n=21186>	gather	1	55|7339|0		1080|1
82	4	0	1		switchaward	1	4	Item|1080|1		1616	1617
83	1	0	1		dialog	1	4	1618	1619	1620	1621	1622
83	2	0	1		dialog	30	7355	1623	1624
83	3	0	1		killnpc	1	0	30|7354|2
83	4	0	1		dialog	30	7355	1625	1626
84	1	0	1		dialog	30	7355	1627	1628	1629
84	2	0	1		dialog	30	7358	1630	1631
84	3	0	1		killnpc	1	0	30|7356|1
84	4	0	1		dialog	30	7355	1632	1633	1634
84	5	0	1		killnpc	1	0	30|7357|2
84	6	0	1		dialog	30	7355	1635	1636																													after	dialog	1637
85	1	0	1		dialog	30	7355	1638	1639	1640	1641
85	2	0	1	<i18n=21355>	gather	1	30|7360|0		1081|1
85	3	0	1	<i18n=21967>	gather	1	30|7361|0		1082|1
85	4	0	1		dialog	30	7355	1642	1643
85	5	0	1		switchaward	30	7359	Item|1081|1;Item|1082|1		1644	1645
85	6	0	1	<i18n=21322>	gather	1	30|7362|0		1083|1
85	7	0	1		switchaward	30	7359	Item|1083|1		1646	1647
85	8	0	1		dialog	30	7355	1649	1650
86	1	0	1		dialog	30	7355	1651	1652	1653
86	2	0	1		dialog	1	4	1658	1659	1660	1661
86	3	0	1		dialog	100	7067	1656	1657
86	4	0	1		dialog	48	7039	1654	1655
86	5	0	1		dialog	26	7137	1662	1663
86	6	0	1		dialog	1	4	1664	1665
87	1	0	1		dialog	1	4	1669	1670
87	2	0	1		dialog	34	7363	1671	1672	1673
87	3	0	1		killnpc	1	0	34|7364|1
87	4	0	1		dialog	34	7363	1675	1676	1677																												after	dialog	1674
88	1	0	1		dialog	34	7363	1676	1677	1678	1679	1680	1681	1682
88	2	0	1		killnpc	1	1	34|7367	1085|1000000|1
88	3	0	1		killnpc	1	1	34|7368	1086|1000000|1
88	4	0	1		dialog	1	4	1683	1684	1685	1686
88	5	0	1		switchaward	66	7365	Item|1086|1;Item|1085|1		1687	1688
88	6	0	1		dialog	66	7366	1691	1692	1693
88	7	0	1		dialog	66	7124	1689	1690
89	1	0	1		dialog	66	7124	1694	1695	1696	1697
89	2	0	1	<i18n=22154>	dialog	34	7369	1698	1699	1700
89	3	0	1	<i18n=21941>	dialog	34	7370	1701	1702	1703
89	4	0	1	<i18n=21816>	dialog	34	7371	1704	1705	1706
89	5	0	1	<i18n=22142>	dialog	34	7372	1707	1708	1709
89	6	0	1		dialog	34	7373	1710	1711	1712	1713
89	7	0	1		dialog	66	7124	1714	1715
90	1	0	1		dialog	66	7124	1716	1717
90	2	0	1		killnpc	1	0	34|7374|1
90	3	0	1		killnpc	1	0	34|7375|1
90	4	0	1		killnpc	1	0	34|7376|1
90	5	0	1		dialog	34	7373	1718	1719	1720	1721	1722
90	6	0	1		dialog	66	7124	1723	1724
91	1	0	1		dialog	66	7039	1725	1726	1727	1728
91	2	0	1		dialog	1	4	1729	1730
91	3	0	1		dialog	66	7039	1731	1732
91	4	0	1		dialog	66	7124	1733	1734
92	1	0	1		dialog	66	7124	1735	1736	1737
92	2	0	1	<i18n=21843>	dialog	34	7378	1738	1739	1740
92	3	0	1		killnpc	1	0	34|7379|1																														after	dialog	1741
92	4	0	1		killnpc	1	0	34|7380|2
92	5	0	1		killnpc	1	0	34|7381|2
92	6	0	1		killnpc	1	0	34|7382|2																														after	centermsg	<i18n=21769>
92	7	0	1		killnpc	1	0	34|7383|1
92	8	0	1		dialog	66	7124	1742	1743
93	1	0	1		dialog	66	7124	1744	1745	1746
93	2	0	1		dialog	66	7039	1747	1748	1749	1750	1751
93	3	0	1		dialog	287	7315	1752	1753	1754	1755	1756
94	1	0	1		getitemfromnpc	287	7315	Item|1087|1;Item|1088|1|bAwardMsgView	1757
94	2	0	1	<i18n=21753>	gather	1	88|7384|0|1|1																															after	centermsg	<i18n=21784>
94	3	0	1	<i18n=21854>	gather	1	88|7385|0|1|2
94	4	0	1	<i18n=21755>	switchaward	88	7385	Item|1087|1;Item|1088|1		1760																												after	centermsg	<i18n=21834>
94	5	0	1	<i18n=21774>	gather	1	88|7386|0		1089|1
94	6	0	1		switchaward	287	7315	Item|1089|1		1758	1759
95	1	0	1		getitemfromnpc	287	7315	Item|1090|1|bAwardMsgView	1761
95	2	0	1		switchaward	66	7137	Item|1090|1		1762	1763	1764	1765
95	3	0	1		dialog	66	7039	1766	1767	1768
95	4	0	1		dialog	66	7124	1769	1770
95	5	0	1		dialog	1	4	1771	1772
96	1	0	1		dialog	1	4	1779	1780
96	2	0	1		getitemfromnpc	1	13	Item|1091|1|bAwardMsgView	1781	1782
96	3	0	1		getitemfromnpc	1	8	Item|1092|1|bAwardMsgView	1783	1784
96	4	0	1		switchaward	66	7137	Item|1091|1;Item|1092|1		1785	1786	1787
96	5	0	1		dialog	66	7039	1788	1789	1790	1791	1792	1793	1794	1795	1796
96	6	0	1		dialog	1	4	1797	1798
97	1	0	1		dialog	1	4	1799	1800	1801	1802	1803	1804	1805	1806	1807
97	2	0	1		dialog	38	7392	1808	1809	1810
97	3	0	1	<i18n=22896>	gotopos	38|114147|76314																																after	centermsg	<i18n=22788>
97	4	0	1		dialog	1	4	1812	1827
98	1	0	1		dialog	1	4	1813	1814	1815	1816
98	2	0	1		dialog	38	7395	1817	1818	1819	1820	1821
98	3	0	1		killnpc	1	0	38|7394|2
98	4	0	1	<i18n=22792>	dialog	38	7393	1822	1823
98	5	0	1	<i18n=22967>	gotopos	38|94273|82245																																after	dialog	1824
98	6	0	1		dialog	1	4	1825	1826
99	1	0	1		dialog	1	4	1828	1829
99	2	0	1	<i18n=22809>	gotopos	38|71078|126069																																after	dialog	1830
99	3	0	1		killnpc	1	0	38|7396|1
99	4	0	1		dialog	1	4	1831	1832	1833
99	5	0	1		killnpc	1	0	38|7397|1
99	6	0	1		dialog	66	7039	1834	1835
100	1	0	1		dialog	66	7039	1836	1837	1838
100	2	0	1	<i18n=22942>	gather	1	38|7398|0|1|2																															after	centermsg	<i18n=22815>
100	3	0	1	<i18n=22795>	gather	1	38|7399|0|1|2																															after	centermsg	<i18n=22815>
100	4	0	1	<i18n=22913>	gather	1	38|7400|0|1|2																															after	centermsg	<i18n=22815>
100	5	0	1	<i18n=22974>	gather	1	38|7401|0|1|2																															after	dialog	1840
100	6	0	1		dialog	66	7039	1841	1842
101	1	0	1	<i18n=22920>	getitemfromnpc	38	7039	Item|1093|2|bAwardMsgView	1843	1844	1845	1846	1847
101	2	0	1		switchaward	38	7366	Item|1093|1		1848
101	3	0	1		switchaward	38	7403	Item|1093|1		1849
101	4	0	1		dialog	38	7137	1850	1851	1852	1853
102	1	0	1		dialog	38	7137	1854	1855	1856	1857	1858	1859	1860	1861
102	2	0	1		killnpc	1	0	38|7404|3
102	3	0	1		killnpc	1	0	38|7405|1
102	4	0	1		dialog	38	7137	1862	1863
103	1	0	1		dialog	38	7137	1864	1865	1866	1867	1868	1869	1870	1871	1872
103	2	0	1	<i18n=22922>	gather	1	52|7406|0|1|2
103	3	0	1	<i18n=22879>	gather	1	52|7407|0|1|2																															after	centermsg	<i18n=22907>
103	4	0	1	<i18n=22796>	gather	1	52|7408|0|1|2
103	5	0	1		dialog	1	4	1873	1874
104	1	0	1		dialog	1	4	1876	1877	1878	1879	1880	1881
104	2	0	1		dialog	10	7039	1882	1883
104	3	0	1		dialog	100	7067	1884	1885
104	4	0	1		dialog	26	7137	1886	1887	1888
104	5	0	1		dialog	17	26	1889	1890	1891	1892
104	6	0	1		dialog	1	4	1893	1894	1895
105	1	0	1		dialog	1	4	1900	1901	1902	1903	1904	1905
105	2	0	1		dialog	1	4	1906	1907	1908	1909	1910	1911	1912	1913
105	3	0	1		dialog	17	27	1914	1915	1916	1917	1918	1919	1920
105	4	0	1		killnpc	1	0	38|7409|2
105	5	0	1		killnpc	1	0	39|7410|2
105	6	0	1		killnpc	1	0	35|7411|2
105	7	0	1		dialog	17	27	1921	1922	1923	1924
105	8	0	1		dialog	1	4	1925	1926
106	1	0	1		dialog	1	4	1931	1932	1933	1934	1935
106	2	0	1		dialog	90	7412	1936	1937	1938	1939	1940	1941
106	3	0	1		killnpc	1	0	35|7414|1
106	4	0	1		dialog	35	7415	1942	1943	1944	1945	1946	1947
106	5	0	1		dialog	35	7417	1948	1949	1950	1951	1952	1953	1954	1955
106	6	0	1	<i18n=42365>	convoy	35	7417	7416	4	109540|102488	106012|98573	101997|92949	99639|87114																									after	dialog	1956
107	1	0	1		dialog	35	7413	1957	1958	1959	1960	1961	1962	1963	1964
107	2	0	1		dialog	17	7412	1965	1966	1967	1968	1969	1970	1971
107	3	0	1		dialog	51	7418	1972	1973	1974	1975	1976
107	4	0	1	<i18n=42423>	convoy	51	7420	7419	3	97943|47124	101907|42772	107715|40814																										after	dialog	1977
107	5	0	1		dialog	17	7412	1978	1979	1980	1981	1982	1983	1984
107	6	0	1		dialog	35	7417	1985	1986	1987	1988	1989	1990	1991	1992
108	1	0	1		dialog	17	7412	1993	1994	1995
108	2	0	1		dialog	17	7417	1996
108	3	0	1	<i18n=42365>	convoy	17	7417	7416	3	87461|102093	84187|97468	79951|92892
108	4	0	1		dialog	17	7421	1997	1998	1999	2000
108	5	0	1	<i18n=42263>	dialog	17	27	2001	2002	2003
108	6	0	1		getitemfromnpc	17	7421	Item|1094|1|bAwardMsgView	2004	2005
108	7	0	1		switchaward	17	7417	Item|1094|1		2006	2007	2008	2009
109	1	0	1		dialog	17	7417	2010	2011	2012	2013	2014	2015
109	2	0	1		dialog	53	7417	2016	2017	2018	2019	2020	2021
109	3	0	1	<i18n=42458>	dialog	53	7422	2022	2023	2024	2025	2026	2027	2028	2029	2030
109	4	0	1		killnpc	1	0	35|7424|2
109	5	0	1		killnpc	1	0	35|7425|2
109	6	0	1		killnpc	1	0	35|7426|1
109	7	0	1		dialog	35	7427	2031	2032
109	8	0	1		dialog	53	7422	2033	2034
110	1	0	1		dialog	53	7422	2048	2049	2050	2051	2052	2053	2054	2055	2056
110	2	0	1		dialog	37	7428	2057	2058	2059
110	3	0	1		killnpc	1	0	37|7429|1																														after	dialog	2060
110	4	0	1		killnpc	1	0	37|7430|2
110	5	0	1		dialog	37	7431	2061	2062	2063	2064
110	6	0	1		dialog	53	7422	2065	2066	2067	2068
111	1	0	1		dialog	53	7422	2069	2070	2071	2072	2073	2074	2075
111	2	0	1		dialog	35	7413	2077	2078	2079	2080	2081	2082	2083	2084	2085
111	3	0	1		killnpc	1	0	37|7432|2																														after	centermsg	<i18n=43026>
111	4	0	1		dialog	37	7433	2086	2087	2088	2089	2090
111	5	0	1		dialog	17	7417	2091	2092	2093	2094	2095
112	1	0	1		dialog	17	27	2096	2097	2098	2099	2100	2101	2102	2103
112	2	0	1		dialog	17	27	2104	2105	2106	2107	2108
112	3	0	1		dialog	17	7417	2109	2110
112	4	0	1		dialog	53	7422	2111	2112	2113
112	5	0	1		dialog	17	27	2114	2115
112	6	0	1		dialog	17	7417	2116	2117	2118	2119
113	1	0	1		dialog	17	7412	2120	2121	2122
113	2	0	1		dialog	17	7417	2123	2124	2125	2126	2127
113	3	0	1		dialog	1	4	2128	2129	2130	2131	2132	2133	2134	2135
113	4	0	1		dialog	35	7413	2136	2137	2138	2139	2140	2141
113	5	0	1		dialog	17	27	2142	2143	2144	2145
113	6	0	1		dialog	17	7417	2146	2147
114	1	0	1		dialog	17	7417	2148	2149	2150
114	2	0	1		dialog	35	7417	2151	2152	2153	2154	2155	2156
114	3	0	1		dialog	17	7417	2157	2158
114	4	0	1		dialog	1	4	2159	2160
115	1	0			endTask
10001	1	0			getitemfromnpc	1	10	Item|207|5	967	968	969	970	971	972
10001	2	0		<i18n=15582>	custom	enhanceEquip	1
10001	3	0			dialog	1	10	982
10002	1	0		<i18n=2798>	custom	joinKin	1
10002	2	0			dialog	1	4	985
10003	1	0			getitemfromnpc	1	3	Item|303411|1|bAwardMsgView	977	979
10003	2	0		<i18n=9870>	custom	putOnStone	1
10003	3	0			dialog	1	3	983
10004	1	0			getitemfromnpc	1	10	Item|201|5|bAwardMsgView	973	974	975	976
10004	2	0		<i18n=11701>	custom	jingZhuEquip	1
10004	3	0			dialog	1	10	999
10005	1	0		<i18n=5427>	custom	kinPary	1	11
10005	2	0			dialog	1	6	987
10006	1	0		<i18n=15689>	custom	kinChallenge	1	10
10006	2	0			dialog	1	6	986
10007	1	0		<i18n=162>	custom	identifyEquip	1
10007	2	0			dialog	1	12	988
10008	1	0			getitemfromnpc	1	11	Item|15001|1|bAwardMsgView	1000	1001	1002	1003
10008	2	0		<i18n=10283>	custom	transferEquip	1
10008	3	0			dialog	1	11	984
10009	1	0		<i18n=2127>	custom	factionBattle	1	17
10009	2	0			dialog	1	6	989
10010	1	0			getitemfromnpc	1	3	Item|912|1|bAwardMsgView	1007
10010	2	0		<i18n=16135>	custom	honorLvUp	1
10010	3	0			dialog	1	3	990
10011	1	0		<i18n=3572>	custom	wuLinGaoShou	1	4
10011	2	0			dialog	1	3	991
10012	1	0			dialog	1	3	1426
10012	2	0		<i18n=13283>	custom	xoYoGame	1	15
10012	3	0			dialog	1	3	992
10013	1	0		<i18n=10430>	custom	xiuLian	1
10013	2	0			dialog	1	6	993
10014	1	0		<i18n=11578>	custom	baiHuTang	1	3
10014	2	0			dialog	1	3	994
10015	1	0			getitemfromnpc	1	8	Item|1076|1|bAwardMsgView	1429	1430
10015	2	0		<i18n=17868>	custom	sellThing	1
10015	3	0			dialog	1	8	995
10016	1	0		<i18n=11109>	custom	wearCape	1
10016	2	0			dialog	1	13	996
10017	1	0		<i18n=8486>	custom	buyThing	1
10017	2	0			dialog	1	8	997
10018	1	0		<i18n=2646>	custom	battleActivity	1	7
10018	2	0			dialog	1	6	998
10019	1	0			getitemfromnpc	1	4	Item|30037|1|bAwardMsgView	1004
10019	2	0		<i18n=257>	custom	cangBaoTu	1
10019	3	0			dialog	1	4	1005	1006
10020	1	0			getitemfromnpc	1	35	JingHuo|125	1008	1009	1010	1011	1012	1013	1014
10020	2	0		<i18n=4637>	custom	specialtyLifeSkill	1
10020	3	0		<i18n=6814>	custom	equipMake	1
10020	4	0			dialog	1	35	1017
10021	1	0			getitemfromnpc	1	35	Item|901|1;Item|43701|1|bAwardMsgView	1398	1399	1400	1401
10021	2	0		<i18n=17790>	custom	wuXingYinLevelUp	1
10021	3	0			dialog	1	35	1431
10022	1	0		<i18n=752>	custom	washSkillPoint	1
10022	2	0			dialog	1	8	1415
10023	1	0		<i18n=265>	custom	washPotentialPoint	1
10023	2	0			dialog	1	8	1415
10024	1	0		<i18n=6315>	custom	arena	1
10024	2	0			dialog	1	6	1420
10025	1	0		<i18n=2728>	custom	fuNiuMountain	1	16
10025	2	0			dialog	1	6	1415
10026	1	0			dialog	1	4	1416	1417	1418	1419
10027	1	0			dialog	1	4	3
10027	2	0		<i18n=6857>	custom	routeSwitch	1
10027	3	0		<i18n=639>	switchstepbranch	faction
10027	3	1		<i18n=639>	dialog	1	7003	1421
10027	3	2		<i18n=639>	dialog	1	7002	1421
10027	3	3		<i18n=639>	dialog	1	7006	1421
10027	3	4		<i18n=639>	dialog	1	7501	1421
10027	3	5		<i18n=639>	dialog	1	7007	1421
10027	3	6		<i18n=639>	dialog	1	7008	1421
10027	3	7		<i18n=639>	dialog	1	7011	1421
10027	3	8		<i18n=639>	dialog	1	7010	1421
10027	3	9		<i18n=639>	dialog	1	7013	1421
10027	3	10		<i18n=639>	dialog	1	7012	1421
10027	3	11		<i18n=639>	dialog	1	7005	1421
10027	3	12		<i18n=639>	dialog	1	7009	1421
10027	3	13		<i18n=639>	dialog	1	9265	1421
10027	3	14		<i18n=639>	dialog	1	9279	1421
10027	3	15		<i18n=639>	dialog	1	9283	1421
10027	3	16		<i18n=639>	dialog	1	9288	1421
10027	3	17		<i18n=639>	dialog	1	9296	1421
10027	3	18		<i18n=639>	dialog	1	9302	1421
10027	3	19		<i18n=639>	dialog	1	9313	1421
10027	3	20		<i18n=639>	dialog	1	9322	1421
10028	1	0			getitemfromnpc	1	3	Item|442|6;Item|43901|1|bAwardMsgView	1422	1423	1424	1425
10028	2	0		<i18n=11523>	custom	wearSecretBook	1
10028	3	0			dialog	1	3	1427	1428
10029	1	0			dialog	1	3	1666
10029	2	0		<i18n=20422>	custom	havePartner	1
10029	3	0			dialog	1	3	1667
10029	4	0		<i18n=25699>	custom	knowPartner	1
10029	5	0			dialog	1	3	1668
10030	1	0			dialog	287	7343	1490	1491	1492	1493	1494
10030	2	0	1		dialog	287	7312	1495	1496	1497	1498
10030	3	0	1		killnpc	1	1	88|7344	1079|10000000|1
10030	4	0	1		switchaward	287	7343	Item|1079|1		1499	1500
10031	1	0			dialog	1	4	1773	1774	1775	1776	1777	1778
10032	1	0			getitemfromnpc	1	4	Item|31999|1|bAwardMsgView	1896	1897	1898
10032	2	0		<i18n=26598>	custom	ZhenFa	1
10032	3	0			dialog	1	4	1899	2035
10035	1	0			getitemfromnpc	1	3	Item|250001|1;Item|250011|1|bAwardMsgView	2169	2170
10035	2	0		<i18n=44569>	custom	partnerequip	1
10035	3	0			getitemfromnpc	1	3	Item|3008|1|bAwardMsgView	2171	2172
10036	1	0		<i18n=44897>	getitemfromnpc	17	13133		2173
10036	2	0		<i18n=44926>	custom	LearnMarry	1
10036	3	0		<i18n=44897>	getitemfromnpc	17	13133		2174
10038	1	0		<i18n=59169>	dialog	1	3	2183	2184	2185	2186	2187	2188	2189
10038	2	0			dialog	1	3	2190	2191	2192
10040	1	0		<i18n=63113>	getitemfromnpc	1	35	Item|80005|1;Item|80000|20|bAwardMsgView	2201	2202	2203	2204
10040	2	0		<i18n=63744>	custom	shenbinguse	1
10040	3	0		<i18n=62934>	custom	shenbingactivate	1
10042	1	0		<i18n=69135>	custom	partnerZFPos	1
10043	1	0		<i18n=69130>	custom	partnerZFEye	1
10043	2	0		<i18n=69137>	custom	partnerZFActivate	1
10044	1	0			getitemfromnpc	1	10	Item|2500|1;Item|2501|1;Item|2502|1|bAwardMsgView	2213	2214
10044	2	0		<i18n=80138>	custom	equipcuiling	1
10044	3	0			getitemfromnpc	1	10	Item|2505|1|bAwardMsgView	2215	2216
