NpcName	ShowName	NpcTemplateId	NpcLevel	TitleID	XPos	YPos	ZPos	CanAutoPath	StandDir	NpcSeriesAuto	Removewhendeath	IsMapMonster	NpcPath	bPathRecycle	nShareType
鬼使	鬼使	6119	1		34163	83443	0	0	191	-1	0	0			1	
鬼奴 	鬼奴 	6118 	1		35664	83437	0	0	191	-1	0	0			1	
鬼奴 	鬼奴 	6118 	1		32680	83457	0	0	191	-1	0	0			1	
鬼奴 	鬼奴 	6118 	1		35689	85895	0	0	191	-1	0	0			1	
鬼奴 	鬼奴 	6118 	1		34213	85889	0	0	191	-1	0	0			1	
鬼奴 	鬼奴 	6118 	1		32698	85833	0	0	191	-1	0	0			1	
鬼奴 	鬼奴 	6118 	1		32691	81249	0	0	191	-1	0	0			1	
鬼奴 	鬼奴 	6118 	1		34179	81243	0	0	191	-1	0	0			1	
鬼奴 	鬼奴 	6118 	1		35628	81133	0	0	191	-1	0	0			1	
鬼奴 	鬼奴 	6118 	1		13722	66160	0	0	191	-1	0	0			1	
鬼奴 	鬼奴 	6118 	1		13704	63784	0	0	191	-1	0	0			1	
鬼奴 	鬼奴 	6118 	1		13715	61576	0	0	191	-1	0	0			1	
鬼奴 	鬼奴 	6118 	1		15203	61570	0	0	191	-1	0	0			1	
鬼使	鬼使	6119	1		15241	63789	0	0	191	-1	0	0			1	
鬼奴 	鬼奴 	6118 	1		15237	66216	0	0	191	-1	0	0			1	
鬼奴 	鬼奴 	6118 	1		16713	66222	0	0	191	-1	0	0			1	
鬼奴 	鬼奴 	6118 	1		16688	63764	0	0	191	-1	0	0			1	
鬼奴 	鬼奴 	6118 	1		16674	61541	0	0	191	-1	0	0			1	
鬼奴 	鬼奴 	6118 	1		49554	46103	0	0	191	-1	0	0			1	
鬼奴 	鬼奴 	6118 	1		48515	44651	0	0	191	-1	0	0			1	
鬼奴 	鬼奴 	6118 	1		50441	44617	0	0	191	-1	0	0			1	
鬼奴 	鬼奴 	6118 	1		49579	43047	0	0	191	-1	0	0			1	
鬼奴 	鬼奴 	6118 	1		67246	28272	0	0	191	-1	0	0			1	
鬼奴 	鬼奴 	6118 	1		66092	26785	0	0	191	-1	0	0			1	
鬼奴 	鬼奴 	6118 	1		68288	26734	0	0	191	-1	0	0			1	
鬼奴 	鬼奴 	6118 	1		67211	25385	0	0	191	-1	0	0			1	
鬼奴 	鬼奴 	6118 	1		41913	35541	0	0	191	-1	0	0			1	
鬼奴 	鬼奴 	6118 	1		40538	33687	0	0	191	-1	0	0			1	
鬼使 	鬼使 	6119	1		41875	33681	0	0	191	-1	0	0			1	
鬼奴 	鬼奴 	6118 	1		43164	33591	0	0	191	-1	0	0			1	
鬼奴 	鬼奴 	6118 	1		41894	32024	0	0	191	-1	0	0			1	
鬼奴 	鬼奴 	6118 	1		59725	55762	0	0	191	-1	0	0			1	
鬼奴 	鬼奴 	6118 	1		58802	54053	0	0	191	-1	0	0			1	
鬼奴 	鬼奴 	6118 	1		60661	53863	0	0	191	-1	0	0			1	
鬼奴 	鬼奴 	6118 	1		59766	52533	0	0	191	-1	0	0			1	
鬼奴	鬼奴	6118	1		27876	44674	0	0	191	-1	0	0			1	
鬼奴 	鬼奴 	6118 	1		29427	45898	0	0	191	-1	0	0			1	
鬼奴 	鬼奴 	6118 	1		29456	44645	0	0	191	-1	0	0			1	
鬼奴 	鬼奴 	6118 	1		46815	69121	0	0	191	-1	0	0			1	
鬼奴 	鬼奴 	6118 	1		46832	68075	0	0	191	-1	0	0			1	
鬼奴 	鬼奴 	6118 	1		47826	69191	0	0	191	-1	0	0			1	
鬼奴 	鬼奴 	6118 	1		47879	68145	0	0	191	-1	0	0			1	
鬼奴 	鬼奴 	6118 	1		71631	45794	0	0	191	-1	0	0			1	
鬼奴 	鬼奴 	6118 	1		71611	44408	0	0	191	-1	0	0			1	
鬼奴 	鬼奴 	6118 	1		72976	45387	0	0	191	-1	0	0			1	
鬼奴 	鬼奴 	6118 	1		72895	44367	0	0	191	-1	0	0			1	
鬼奴 	鬼奴 	6118 	1		53047	21291	0	0	191	-1	0	0			1	
鬼奴 	鬼奴 	6118 	1		53100	20191	0	0	191	-1	0	0			1	
鬼使	鬼使	6119	1		54253	21185	0	0	191	-1	0	0			1	
鬼奴 	鬼奴 	6118 	1		54218	20298	0	0	191	-1	0	0			1	
鬼奴 	鬼奴 	6118 	1		41205	53292	0	0	191	-1	0	0			1	
鬼奴 	鬼奴 	6118 	1		41288	52005	0	0	191	-1	0	0			1	
鬼奴 	鬼奴 	6118 	1		42525	53094	0	0	191	-1	0	0			1	
鬼奴 	鬼奴 	6118 	1		42542	52038	0	0	191	-1	0	0			1	
鬼奴 	鬼奴 	6118 	1		56981	37516	0	0	191	-1	0	0			1	
鬼奴 	鬼奴 	6118 	1		56981	35965	0	0	191	-1	0	0			1	
鬼奴 	鬼奴 	6118 	1		57905	37186	0	0	191	-1	0	0			1	
鬼奴 	鬼奴 	6118 	1		57971	35965	0	0	191	-1	0	0			1	
鬼奴 	鬼奴 	6118 	1		62617	22013	0	0	191	-1	0	0			1	
鬼奴 	鬼奴 	6118 	1		62678	20599	0	0	191	-1	0	0			1	
鬼奴 	鬼奴 	6118 	1		63941	21893	0	0	191	-1	0	0			1	
鬼奴 	鬼奴 	6118 	1		63941	20509	0	0	191	-1	0	0			1	
鬼奴 	鬼奴 	6118 	1		71507	32873	0	0	191	-1	0	0			1	
鬼奴 	鬼奴 	6118 	1		71507	31489	0	0	191	-1	0	0			1	
鬼奴 	鬼奴 	6118 	1		72905	32963	0	0	191	-1	0	0			1	
鬼奴 	鬼奴 	6118 	1		72845	31369	0	0	191	-1	0	0			1	
鬼奴 	鬼奴 	6118 	1		27927	46038	0	0	191	-1	0	0			1	
鬼使 	鬼使 	6119	1		49588	44516	0	0	191	-1	0	0			1	
鬼使 	鬼使 	6119	1		59772	53926	0	0	191	-1	0	0			1	
鬼使	鬼使	6119	1		67255	26547	0	0	191	-1	0	0			1	
鬼奴 	鬼奴 	6118 	1		75605	38714	0	0	191	-1	0	0			1	
鬼奴 	鬼奴 	6118 	1		77060	38598	0	0	191	-1	0	0			1	
鬼奴 	鬼奴 	6118 	1		76943	37210	0	0	191	-1	0	0			1	
鬼奴 	鬼奴 	6118 	1		75605	37330	0	0	191	-1	0	0			1	
鬼奴 	鬼奴 	6118 	1		58519	16415	0	0	191	-1	0	0			1	
鬼奴 	鬼奴 	6118 	1		56977	16396	0	0	191	-1	0	0			1	
鬼奴 	鬼奴 	6118 	1		56977	15012	0	0	191	-1	0	0			1	
鬼奴 	鬼奴 	6118 	1		58576	14744	0	0	191	-1	0	0			1	
