BuildingId	Level	MainBuildingLimit	LevelUpCost	Desc	nLimitedValue
1	1	1	0	<i18n=1590>
1	2	1	200000	<i18n=1590>
1	3	1	400000	<i18n=1590>
1	4	1	800000	<i18n=1590>
1	5	1	1200000	<i18n=1590>
1	6	1	1800000	<i18n=1590>
1	7	1	2100000	<i18n=1590>
1	8	1	2200000	<i18n=1590>
1	9	1	2800000	<i18n=1590>
1	10	1	2800000	<i18n=1590>
1	11	1	2800000	<i18n=1590>
1	12	1	2800000	<i18n=1590>
1	13	1	2800000	<i18n=1590>
1	14	1	2800000	<i18n=1590>
1	15	1	2800000	<i18n=1590>
1	16	1	2800000	<i18n=1590>
1	17	1	2800000	<i18n=1590>
1	18	1	2800000	<i18n=1590>
1	19	1	2800000	<i18n=1590>
1	20	1	4200000	<i18n=1590>
1	21	1	4200000	<i18n=1590>
1	22	1	4200000	<i18n=1590>
1	23	1	4200000	<i18n=1590>
1	24	1	4200000	<i18n=1590>
1	25	1	4200000	<i18n=1590>
1	26	1	4200000	<i18n=1590>
1	27	1	4200000	<i18n=1590>
1	28	1	4200000	<i18n=1590>
2	1	1	0	<i18n=330>
2	2	2	100000	<i18n=330>
2	3	3	200000	<i18n=330>
2	4	4	400000	<i18n=330>
2	5	5	600000	<i18n=330>
2	6	6	900000	<i18n=330>
2	7	7	1000000	<i18n=330>
2	8	8	1100000	<i18n=330>
2	9	9	1400000	<i18n=330>
2	10	10	1400000	<i18n=330>
2	11	11	1400000	<i18n=330>
2	12	12	1400000	<i18n=330>
2	13	13	1400000	<i18n=330>
2	14	14	1400000	<i18n=330>
2	15	15	1400000	<i18n=330>
2	16	16	1400000	<i18n=330>
2	17	17	1400000	<i18n=330>
2	18	18	1400000	<i18n=330>
2	19	19	1400000	<i18n=330>
2	20	20	2100000	<i18n=330>
2	21	21	2100000	<i18n=330>
2	22	22	2100000	<i18n=330>
2	23	23	2100000	<i18n=330>
2	24	24	2100000	<i18n=330>
2	25	25	2100000	<i18n=330>
2	26	26	2100000	<i18n=330>
2	27	27	2100000	<i18n=330>
2	28	28	2100000	<i18n=330>
3	1	1	0	<i18n=193>	10
3	2	2	100000	<i18n=193>	20
3	3	3	200000	<i18n=193>	30
3	4	4	400000	<i18n=193>	40
3	5	5	600000	<i18n=193>	50
3	6	6	900000	<i18n=193>	60
3	7	7	1000000	<i18n=193>	70
3	8	8	1100000	<i18n=193>	80
3	9	9	1400000	<i18n=193>	90
3	10	10	1400000	<i18n=193>	100
3	11	11	1400000	<i18n=193>	110
3	12	12	1400000	<i18n=193>	120
3	13	13	1400000	<i18n=193>	130
3	14	14	1400000	<i18n=193>	140
3	15	15	1400000	<i18n=193>	150
3	16	16	1400000	<i18n=193>	160
3	17	17	1400000	<i18n=193>	170
3	18	18	1400000	<i18n=193>	180
3	19	19	1400000	<i18n=193>	190
3	20	20	2100000	<i18n=193>	200
3	21	21	2100000	<i18n=193>	210
3	22	22	2100000	<i18n=193>	220
3	23	23	2100000	<i18n=193>	230
3	24	24	2100000	<i18n=193>	240
3	25	25	2100000	<i18n=193>	250
3	26	26	2100000	<i18n=193>	260
3	27	27	2100000	<i18n=193>	270
3	28	28	2100000	<i18n=193>	280
6	1	1	0	<i18n=8339>
6	2	2	100000	<i18n=8339>
6	3	3	200000	<i18n=8339>
6	4	4	400000	<i18n=8339>
6	5	5	600000	<i18n=8339>
6	6	6	900000	<i18n=8339>
6	7	7	1000000	<i18n=8339>
6	8	8	1100000	<i18n=8339>
6	9	9	1400000	<i18n=8339>
6	10	10	1400000	<i18n=8339>
6	11	11	1400000	<i18n=8339>
6	12	12	1400000	<i18n=8339>
6	13	13	1400000	<i18n=8339>
6	14	14	1400000	<i18n=8339>
6	15	15	1400000	<i18n=8339>
6	16	16	1400000	<i18n=8339>
6	17	17	1400000	<i18n=8339>
6	18	18	1400000	<i18n=8339>
6	19	19	1400000	<i18n=8339>
6	20	20	2100000	<i18n=8339>
6	21	21	2100000	<i18n=8339>
6	22	22	2100000	<i18n=8339>
6	23	23	2100000	<i18n=8339>
6	24	24	2100000	<i18n=8339>
6	25	25	2100000	<i18n=8339>
6	26	26	2100000	<i18n=8339>
6	27	27	2100000	<i18n=8339>
6	28	28	2100000	<i18n=8339>
