nLevel	nExp	nAwardKeyN	nAwardKeyM	nAwardKeyH	nShow	nHard	Desc
1	200	1001	2001	3001
2	200	1002	2002	3002
3	200	1003	2003	3003
4	200	1004	2004	3004
5	200	1005	2005	3005	1
6	200	1006	2006	3006
7	200	1007	2007	3007
8	200	1008	2008	3008
9	200	1009	2009	3009
10	200	1010	2010	3010	1
11	200	1011	2011	3011
12	200	1012	2012	3012
13	200	1013	2013	3013
14	200	1014	2014	3014
15	200	1015	2015	3015	1
16	200	1016	2016	3016
17	200	1017	2017	3017
18	200	1018	2018	3018
19	200	1019	2019	3019
20	200	1020	2020	3020	1
21	200	1021	2021	3021
22	200	1022	2022	3022
23	200	1023	2023	3023
24	200	1024	2024	3024
25	200	1025	2025	3025	1
26	200	1026	2026	3026
27	200	1027	2027	3027
28	200	1028	2028	3028
29	200	1029	2029	3029
30	200	1030	2030	3030	1
31	200	1031	2031	3031
32	200	1032	2032	3032
33	200	1033	2033	3033
34	200	1034	2034	3034
35	200	1035	2035	3035	1
36	200	1036	2036	3036
37	200	1037	2037	3037
38	200	1038	2038	3038
39	200	1039	2039	3039
40	200	1040	2040	3040	1
41	200	1041	2041	3041
42	200	1042	2042	3042
43	200	1043	2043	3043
44	200	1044	2044	3044
45	200	1045	2045	3045	1
46	200	1046	2046	3046
47	200	1047	2047	3047
48	200	1048	2048	3048
49	200	1049	2049	3049
50	200	1050	2050	3050	1
