szTimeFrame	nIndex	nBossIndex	nTempMapId	nBossId	Desc	nDifficulty	BossNum	nBossLevel	nBelongAwardId	nBelongAwardKey	nAssistAwardId	nAssistAwardKey	nShowAwardId	nShowAwardKey	nBossPosX	nBossPosY	nPlayerPosX	nPlayerPosY	nTimeMonsterRez	nOpenLevelDay	nFBMaxPlayerCnt	nPlayerOpenLevel	nRealHonorLevelLimit
OpenLevel89	1	1	398	13661	<i18n=80494>	5	1	80	1290	3004	1290	5001	1290	4004	20753	28684	18619	27502	1800	1	5		7
OpenLevel89	2	2	398	13662	<i18n=80494>	5	1	80	1290	3004	1290	5001	1290	4004	20753	28684	18619	27502	1800	1	5		7
OpenLevel89	3	3	398	13663	<i18n=80494>	5	1	80	1290	3004	1290	5001	1290	4004	20753	28684	18619	27502	1800	1	5		7
OpenLevel89	4	4	398	13700	<i18n=80494>	5	1	80	1290	3004	1290	5001	1290	4004	20753	28684	18619	27502	1800	1	5		7
OpenLevel89	5	5	398	13664	<i18n=76392>	4	1	80	1290	3003	1290	5001	1290	4003	20753	28684	18619	27502	900	1	5		7
OpenLevel89	6	6	398	13665	<i18n=76392>	4	1	80	1290	3003	1290	5001	1290	4003	20753	28684	18619	27502	900	1	5		7
OpenLevel89	7	7	398	13666	<i18n=76392>	4	1	80	1290	3003	1290	5001	1290	4003	20753	28684	18619	27502	900	1	5		7
OpenLevel89	8	8	398	13701	<i18n=76392>	4	1	80	1290	3003	1290	5001	1290	4003	20753	28684	18619	27502	900	1	5		7
OpenLevel89	9	9	398	13667	<i18n=21283>	3	1	80	1290	3002	1290	5001	1290	4002	20753	28684	18619	27502	300	1	5		6
OpenLevel89	10	10	398	13668	<i18n=21283>	3	1	80	1290	3002	1290	5001	1290	4002	20753	28684	18619	27502	300	1	5		6
OpenLevel89	11	11	398	13669	<i18n=21283>	3	1	80	1290	3002	1290	5001	1290	4002	20753	28684	18619	27502	300	1	5		6
OpenLevel89	12	12	398	13702	<i18n=21283>	3	1	80	1290	3002	1290	5001	1290	4002	20753	28684	18619	27502	300	1	5		6
OpenLevel89	13	13	398	13703	<i18n=21283>	3	1	80	1290	3002	1290	5001	1290	4002	20753	28684	18619	27502	300	1	5		6
OpenLevel89	14	14	398	13704	<i18n=21283>	3	1	80	1290	3002	1290	5001	1290	4002	20753	28684	18619	27502	300	1	5		6
OpenLevel89	15	15	398	13670	<i18n=21098>	2	1	80	1290	3001	1290	5001	1290	4001	20753	28684	18619	27502	60	1	5		1
OpenLevel89	16	16	398	13671	<i18n=21098>	2	1	80	1290	3001	1290	5001	1290	4001	20753	28684	18619	27502	60	1	5		1
OpenLevel89	17	17	398	13672	<i18n=21098>	2	1	80	1290	3001	1290	5001	1290	4001	20753	28684	18619	27502	60	1	5		1
OpenLevel89	18	18	398	13705	<i18n=21098>	2	1	80	1290	3001	1290	5001	1290	4001	20753	28684	18619	27502	60	1	5		1
OpenLevel89	19	19	398	13706	<i18n=21098>	2	1	80	1290	3001	1290	5001	1290	4001	20753	28684	18619	27502	60	1	5		1
OpenLevel89	20	20	398	13707	<i18n=21098>	2	1	80	1290	3001	1290	5001	1290	4001	20753	28684	18619	27502	60	1	5		1
OpenLevel99	1	21	398	13661	<i18n=80494>	5	1	90	1290	3004	1290	5001	1290	4004	20753	28684	18619	27502	1800	1	5		8
OpenLevel99	2	22	398	13662	<i18n=80494>	5	1	90	1290	3004	1290	5001	1290	4004	20753	28684	18619	27502	1800	1	5		8
OpenLevel99	3	23	398	13663	<i18n=80494>	5	1	90	1290	3004	1290	5001	1290	4004	20753	28684	18619	27502	1800	1	5		8
OpenLevel99	4	24	398	13700	<i18n=80494>	5	1	90	1290	3004	1290	5001	1290	4004	20753	28684	18619	27502	1800	1	5		8
OpenLevel99	5	25	398	13664	<i18n=76392>	4	1	90	1290	3003	1290	5001	1290	4003	20753	28684	18619	27502	900	1	5		8
OpenLevel99	6	26	398	13665	<i18n=76392>	4	1	90	1290	3003	1290	5001	1290	4003	20753	28684	18619	27502	900	1	5		8
OpenLevel99	7	27	398	13666	<i18n=76392>	4	1	90	1290	3003	1290	5001	1290	4003	20753	28684	18619	27502	900	1	5		8
OpenLevel99	8	28	398	13701	<i18n=76392>	4	1	90	1290	3003	1290	5001	1290	4003	20753	28684	18619	27502	900	1	5		8
OpenLevel99	9	29	398	13667	<i18n=21283>	3	1	90	1290	3002	1290	5001	1290	4002	20753	28684	18619	27502	300	1	5		7
OpenLevel99	10	30	398	13668	<i18n=21283>	3	1	90	1290	3002	1290	5001	1290	4002	20753	28684	18619	27502	300	1	5		7
OpenLevel99	11	31	398	13669	<i18n=21283>	3	1	90	1290	3002	1290	5001	1290	4002	20753	28684	18619	27502	300	1	5		7
OpenLevel99	12	32	398	13702	<i18n=21283>	3	1	90	1290	3002	1290	5001	1290	4002	20753	28684	18619	27502	300	1	5		7
OpenLevel99	13	33	398	13703	<i18n=21283>	3	1	90	1290	3002	1290	5001	1290	4002	20753	28684	18619	27502	300	1	5		7
OpenLevel99	14	34	398	13704	<i18n=21283>	3	1	90	1290	3002	1290	5001	1290	4002	20753	28684	18619	27502	300	1	5		7
OpenLevel99	15	35	398	13670	<i18n=21098>	2	1	90	1290	3001	1290	5001	1290	4001	20753	28684	18619	27502	60	1	5		1
OpenLevel99	16	36	398	13671	<i18n=21098>	2	1	90	1290	3001	1290	5001	1290	4001	20753	28684	18619	27502	60	1	5		1
OpenLevel99	17	37	398	13672	<i18n=21098>	2	1	90	1290	3001	1290	5001	1290	4001	20753	28684	18619	27502	60	1	5		1
OpenLevel99	18	38	398	13705	<i18n=21098>	2	1	90	1290	3001	1290	5001	1290	4001	20753	28684	18619	27502	60	1	5		1
OpenLevel99	19	39	398	13706	<i18n=21098>	2	1	90	1290	3001	1290	5001	1290	4001	20753	28684	18619	27502	60	1	5		1
OpenLevel99	20	40	398	13707	<i18n=21098>	2	1	90	1290	3001	1290	5001	1290	4001	20753	28684	18619	27502	60	1	5		1
OpenLevel109	1	41	398	13661	<i18n=80494>	5	1	100	1290	3004	1290	5001	1290	4004	20753	28684	18619	27502	1800	1	5		9
OpenLevel109	2	42	398	13662	<i18n=80494>	5	1	100	1290	3004	1290	5001	1290	4004	20753	28684	18619	27502	1800	1	5		9
OpenLevel109	3	43	398	13663	<i18n=80494>	5	1	100	1290	3004	1290	5001	1290	4004	20753	28684	18619	27502	1800	1	5		9
OpenLevel109	4	44	398	13700	<i18n=80494>	5	1	100	1290	3004	1290	5001	1290	4004	20753	28684	18619	27502	1800	1	5		9
OpenLevel109	5	45	398	13664	<i18n=76392>	4	1	100	1290	3003	1290	5001	1290	4003	20753	28684	18619	27502	900	1	5		9
OpenLevel109	6	46	398	13665	<i18n=76392>	4	1	100	1290	3003	1290	5001	1290	4003	20753	28684	18619	27502	900	1	5		9
OpenLevel109	7	47	398	13666	<i18n=76392>	4	1	100	1290	3003	1290	5001	1290	4003	20753	28684	18619	27502	900	1	5		9
OpenLevel109	8	48	398	13701	<i18n=76392>	4	1	100	1290	3003	1290	5001	1290	4003	20753	28684	18619	27502	900	1	5		9
OpenLevel109	9	49	398	13667	<i18n=21283>	3	1	100	1290	3002	1290	5001	1290	4002	20753	28684	18619	27502	300	1	5		8
OpenLevel109	10	50	398	13668	<i18n=21283>	3	1	100	1290	3002	1290	5001	1290	4002	20753	28684	18619	27502	300	1	5		8
OpenLevel109	11	51	398	13669	<i18n=21283>	3	1	100	1290	3002	1290	5001	1290	4002	20753	28684	18619	27502	300	1	5		8
OpenLevel109	12	52	398	13702	<i18n=21283>	3	1	100	1290	3002	1290	5001	1290	4002	20753	28684	18619	27502	300	1	5		8
OpenLevel109	13	53	398	13703	<i18n=21283>	3	1	100	1290	3002	1290	5001	1290	4002	20753	28684	18619	27502	300	1	5		8
OpenLevel109	14	54	398	13704	<i18n=21283>	3	1	100	1290	3002	1290	5001	1290	4002	20753	28684	18619	27502	300	1	5		8
OpenLevel109	15	55	398	13670	<i18n=21098>	2	1	100	1290	3001	1290	5001	1290	4001	20753	28684	18619	27502	60	1	5		1
OpenLevel109	16	56	398	13671	<i18n=21098>	2	1	100	1290	3001	1290	5001	1290	4001	20753	28684	18619	27502	60	1	5		1
OpenLevel109	17	57	398	13672	<i18n=21098>	2	1	100	1290	3001	1290	5001	1290	4001	20753	28684	18619	27502	60	1	5		1
OpenLevel109	18	58	398	13705	<i18n=21098>	2	1	100	1290	3001	1290	5001	1290	4001	20753	28684	18619	27502	60	1	5		1
OpenLevel109	19	59	398	13706	<i18n=21098>	2	1	100	1290	3001	1290	5001	1290	4001	20753	28684	18619	27502	60	1	5		1
OpenLevel109	20	60	398	13707	<i18n=21098>	2	1	100	1290	3001	1290	5001	1290	4001	20753	28684	18619	27502	60	1	5		1
OpenLevel119	1	61	398	13661	<i18n=80494>	5	1	110	1290	3004	1290	5001	1290	4004	20753	28684	18619	27502	1800	1	5		9
OpenLevel119	2	62	398	13662	<i18n=80494>	5	1	110	1290	3004	1290	5001	1290	4004	20753	28684	18619	27502	1800	1	5		9
OpenLevel119	3	63	398	13663	<i18n=80494>	5	1	110	1290	3004	1290	5001	1290	4004	20753	28684	18619	27502	1800	1	5		9
OpenLevel119	4	64	398	13700	<i18n=80494>	5	1	110	1290	3004	1290	5001	1290	4004	20753	28684	18619	27502	1800	1	5		9
OpenLevel119	5	65	398	13664	<i18n=76392>	4	1	110	1290	3003	1290	5001	1290	4003	20753	28684	18619	27502	900	1	5		9
OpenLevel119	6	66	398	13665	<i18n=76392>	4	1	110	1290	3003	1290	5001	1290	4003	20753	28684	18619	27502	900	1	5		9
OpenLevel119	7	67	398	13666	<i18n=76392>	4	1	110	1290	3003	1290	5001	1290	4003	20753	28684	18619	27502	900	1	5		9
OpenLevel119	8	68	398	13701	<i18n=76392>	4	1	110	1290	3003	1290	5001	1290	4003	20753	28684	18619	27502	900	1	5		9
OpenLevel119	9	69	398	13667	<i18n=21283>	3	1	110	1290	3002	1290	5001	1290	4002	20753	28684	18619	27502	300	1	5		8
OpenLevel119	10	70	398	13668	<i18n=21283>	3	1	110	1290	3002	1290	5001	1290	4002	20753	28684	18619	27502	300	1	5		8
OpenLevel119	11	71	398	13669	<i18n=21283>	3	1	110	1290	3002	1290	5001	1290	4002	20753	28684	18619	27502	300	1	5		8
OpenLevel119	12	72	398	13702	<i18n=21283>	3	1	110	1290	3002	1290	5001	1290	4002	20753	28684	18619	27502	300	1	5		8
OpenLevel119	13	73	398	13703	<i18n=21283>	3	1	110	1290	3002	1290	5001	1290	4002	20753	28684	18619	27502	300	1	5		8
OpenLevel119	14	74	398	13704	<i18n=21283>	3	1	110	1290	3002	1290	5001	1290	4002	20753	28684	18619	27502	300	1	5		8
OpenLevel119	15	75	398	13670	<i18n=21098>	2	1	110	1290	3001	1290	5001	1290	4001	20753	28684	18619	27502	60	1	5		1
OpenLevel119	16	76	398	13671	<i18n=21098>	2	1	110	1290	3001	1290	5001	1290	4001	20753	28684	18619	27502	60	1	5		1
OpenLevel119	17	77	398	13672	<i18n=21098>	2	1	110	1290	3001	1290	5001	1290	4001	20753	28684	18619	27502	60	1	5		1
OpenLevel119	18	78	398	13705	<i18n=21098>	2	1	110	1290	3001	1290	5001	1290	4001	20753	28684	18619	27502	60	1	5		1
OpenLevel119	19	79	398	13706	<i18n=21098>	2	1	110	1290	3001	1290	5001	1290	4001	20753	28684	18619	27502	60	1	5		1
OpenLevel119	20	80	398	13707	<i18n=21098>	2	1	110	1290	3001	1290	5001	1290	4001	20753	28684	18619	27502	60	1	5		1
OpenLevel129	1	81	398	13661	<i18n=80494>	5	1	120	1290	3008	1290	5001	1290	4008	20753	28684	18619	27502	1800	1	5		10
OpenLevel129	2	82	398	13662	<i18n=80494>	5	1	120	1290	3008	1290	5001	1290	4008	20753	28684	18619	27502	1800	1	5		10
OpenLevel129	3	83	398	13663	<i18n=80494>	5	1	120	1290	3008	1290	5001	1290	4008	20753	28684	18619	27502	1800	1	5		10
OpenLevel129	4	84	398	13700	<i18n=80494>	5	1	120	1290	3008	1290	5001	1290	4008	20753	28684	18619	27502	1800	1	5		10
OpenLevel129	5	85	398	13664	<i18n=76392>	4	1	120	1290	3007	1290	5001	1290	4007	20753	28684	18619	27502	900	1	5		10
OpenLevel129	6	86	398	13665	<i18n=76392>	4	1	120	1290	3007	1290	5001	1290	4007	20753	28684	18619	27502	900	1	5		10
OpenLevel129	7	87	398	13666	<i18n=76392>	4	1	120	1290	3007	1290	5001	1290	4007	20753	28684	18619	27502	900	1	5		10
OpenLevel129	8	88	398	13701	<i18n=76392>	4	1	120	1290	3007	1290	5001	1290	4007	20753	28684	18619	27502	900	1	5		10
OpenLevel129	9	89	398	13667	<i18n=21283>	3	1	120	1290	3006	1290	5001	1290	4006	20753	28684	18619	27502	300	1	5		9
OpenLevel129	10	90	398	13668	<i18n=21283>	3	1	120	1290	3006	1290	5001	1290	4006	20753	28684	18619	27502	300	1	5		9
OpenLevel129	11	91	398	13669	<i18n=21283>	3	1	120	1290	3006	1290	5001	1290	4006	20753	28684	18619	27502	300	1	5		9
OpenLevel129	12	92	398	13702	<i18n=21283>	3	1	120	1290	3006	1290	5001	1290	4006	20753	28684	18619	27502	300	1	5		9
OpenLevel129	13	93	398	13703	<i18n=21283>	3	1	120	1290	3006	1290	5001	1290	4006	20753	28684	18619	27502	300	1	5		9
OpenLevel129	14	94	398	13704	<i18n=21283>	3	1	120	1290	3006	1290	5001	1290	4006	20753	28684	18619	27502	300	1	5		9
OpenLevel129	15	95	398	13670	<i18n=21098>	2	1	120	1290	3005	1290	5001	1290	4005	20753	28684	18619	27502	60	1	5		1
OpenLevel129	16	96	398	13671	<i18n=21098>	2	1	120	1290	3005	1290	5001	1290	4005	20753	28684	18619	27502	60	1	5		1
OpenLevel129	17	97	398	13672	<i18n=21098>	2	1	120	1290	3005	1290	5001	1290	4005	20753	28684	18619	27502	60	1	5		1
OpenLevel129	18	98	398	13705	<i18n=21098>	2	1	120	1290	3005	1290	5001	1290	4005	20753	28684	18619	27502	60	1	5		1
OpenLevel129	19	99	398	13706	<i18n=21098>	2	1	120	1290	3005	1290	5001	1290	4005	20753	28684	18619	27502	60	1	5		1
OpenLevel129	20	100	398	13707	<i18n=21098>	2	1	120	1290	3005	1290	5001	1290	4005	20753	28684	18619	27502	60	1	5		1
OpenLevel139	1	101	398	13661	<i18n=80494>	5	1	130	1290	3008	1290	5001	1290	4008	20753	28684	18619	27502	1800	1	5		10
OpenLevel139	2	102	398	13662	<i18n=80494>	5	1	130	1290	3008	1290	5001	1290	4008	20753	28684	18619	27502	1800	1	5		10
OpenLevel139	3	103	398	13663	<i18n=80494>	5	1	130	1290	3008	1290	5001	1290	4008	20753	28684	18619	27502	1800	1	5		10
OpenLevel139	4	104	398	13700	<i18n=80494>	5	1	130	1290	3008	1290	5001	1290	4008	20753	28684	18619	27502	1800	1	5		10
OpenLevel139	5	105	398	13664	<i18n=76392>	4	1	130	1290	3007	1290	5001	1290	4007	20753	28684	18619	27502	900	1	5		10
OpenLevel139	6	106	398	13665	<i18n=76392>	4	1	130	1290	3007	1290	5001	1290	4007	20753	28684	18619	27502	900	1	5		10
OpenLevel139	7	107	398	13666	<i18n=76392>	4	1	130	1290	3007	1290	5001	1290	4007	20753	28684	18619	27502	900	1	5		10
OpenLevel139	8	108	398	13701	<i18n=76392>	4	1	130	1290	3007	1290	5001	1290	4007	20753	28684	18619	27502	900	1	5		10
OpenLevel139	9	109	398	13667	<i18n=21283>	3	1	130	1290	3006	1290	5001	1290	4006	20753	28684	18619	27502	300	1	5		9
OpenLevel139	10	110	398	13668	<i18n=21283>	3	1	130	1290	3006	1290	5001	1290	4006	20753	28684	18619	27502	300	1	5		9
OpenLevel139	11	111	398	13669	<i18n=21283>	3	1	130	1290	3006	1290	5001	1290	4006	20753	28684	18619	27502	300	1	5		9
OpenLevel139	12	112	398	13702	<i18n=21283>	3	1	130	1290	3006	1290	5001	1290	4006	20753	28684	18619	27502	300	1	5		9
OpenLevel139	13	113	398	13703	<i18n=21283>	3	1	130	1290	3006	1290	5001	1290	4006	20753	28684	18619	27502	300	1	5		9
OpenLevel139	14	114	398	13704	<i18n=21283>	3	1	130	1290	3006	1290	5001	1290	4006	20753	28684	18619	27502	300	1	5		9
OpenLevel139	15	115	398	13670	<i18n=21098>	2	1	130	1290	3005	1290	5001	1290	4005	20753	28684	18619	27502	60	1	5		1
OpenLevel139	16	116	398	13671	<i18n=21098>	2	1	130	1290	3005	1290	5001	1290	4005	20753	28684	18619	27502	60	1	5		1
OpenLevel139	17	117	398	13672	<i18n=21098>	2	1	130	1290	3005	1290	5001	1290	4005	20753	28684	18619	27502	60	1	5		1
OpenLevel139	18	118	398	13705	<i18n=21098>	2	1	130	1290	3005	1290	5001	1290	4005	20753	28684	18619	27502	60	1	5		1
OpenLevel139	19	119	398	13706	<i18n=21098>	2	1	130	1290	3005	1290	5001	1290	4005	20753	28684	18619	27502	60	1	5		1
OpenLevel139	20	120	398	13707	<i18n=21098>	2	1	130	1290	3005	1290	5001	1290	4005	20753	28684	18619	27502	60	1	5		1
OpenLevel149	1	121	398	13661	<i18n=80494>	5	1	140	1290	3008	1290	5001	1290	4008	20753	28684	18619	27502	1800	1	5		11
OpenLevel149	2	122	398	13662	<i18n=80494>	5	1	140	1290	3008	1290	5001	1290	4008	20753	28684	18619	27502	1800	1	5		11
OpenLevel149	3	123	398	13663	<i18n=80494>	5	1	140	1290	3008	1290	5001	1290	4008	20753	28684	18619	27502	1800	1	5		11
OpenLevel149	4	124	398	13700	<i18n=80494>	5	1	140	1290	3008	1290	5001	1290	4008	20753	28684	18619	27502	1800	1	5		11
OpenLevel149	5	125	398	13664	<i18n=76392>	4	1	140	1290	3007	1290	5001	1290	4007	20753	28684	18619	27502	900	1	5		11
OpenLevel149	6	126	398	13665	<i18n=76392>	4	1	140	1290	3007	1290	5001	1290	4007	20753	28684	18619	27502	900	1	5		11
OpenLevel149	7	127	398	13666	<i18n=76392>	4	1	140	1290	3007	1290	5001	1290	4007	20753	28684	18619	27502	900	1	5		11
OpenLevel149	8	128	398	13701	<i18n=76392>	4	1	140	1290	3007	1290	5001	1290	4007	20753	28684	18619	27502	900	1	5		11
OpenLevel149	9	129	398	13667	<i18n=21283>	3	1	140	1290	3006	1290	5001	1290	4006	20753	28684	18619	27502	300	1	5		10
OpenLevel149	10	130	398	13668	<i18n=21283>	3	1	140	1290	3006	1290	5001	1290	4006	20753	28684	18619	27502	300	1	5		10
OpenLevel149	11	131	398	13669	<i18n=21283>	3	1	140	1290	3006	1290	5001	1290	4006	20753	28684	18619	27502	300	1	5		10
OpenLevel149	12	132	398	13702	<i18n=21283>	3	1	140	1290	3006	1290	5001	1290	4006	20753	28684	18619	27502	300	1	5		10
OpenLevel149	13	133	398	13703	<i18n=21283>	3	1	140	1290	3006	1290	5001	1290	4006	20753	28684	18619	27502	300	1	5		10
OpenLevel149	14	134	398	13704	<i18n=21283>	3	1	140	1290	3006	1290	5001	1290	4006	20753	28684	18619	27502	300	1	5		10
OpenLevel149	15	135	398	13670	<i18n=21098>	2	1	140	1290	3005	1290	5001	1290	4005	20753	28684	18619	27502	60	1	5		1
OpenLevel149	16	136	398	13671	<i18n=21098>	2	1	140	1290	3005	1290	5001	1290	4005	20753	28684	18619	27502	60	1	5		1
OpenLevel149	17	137	398	13672	<i18n=21098>	2	1	140	1290	3005	1290	5001	1290	4005	20753	28684	18619	27502	60	1	5		1
OpenLevel149	18	138	398	13705	<i18n=21098>	2	1	140	1290	3005	1290	5001	1290	4005	20753	28684	18619	27502	60	1	5		1
OpenLevel149	19	139	398	13706	<i18n=21098>	2	1	140	1290	3005	1290	5001	1290	4005	20753	28684	18619	27502	60	1	5		1
OpenLevel149	20	140	398	13707	<i18n=21098>	2	1	140	1290	3005	1290	5001	1290	4005	20753	28684	18619	27502	60	1	5		1
OpenLevel159	1	141	398	13661	<i18n=80494>	5	1	150	1290	3008	1290	5001	1290	4008	20753	28684	18619	27502	1800	1	5		11
OpenLevel159	2	142	398	13662	<i18n=80494>	5	1	150	1290	3008	1290	5001	1290	4008	20753	28684	18619	27502	1800	1	5		11
OpenLevel159	3	143	398	13663	<i18n=80494>	5	1	150	1290	3008	1290	5001	1290	4008	20753	28684	18619	27502	1800	1	5		11
OpenLevel159	4	144	398	13700	<i18n=80494>	5	1	150	1290	3008	1290	5001	1290	4008	20753	28684	18619	27502	1800	1	5		11
OpenLevel159	5	145	398	13664	<i18n=76392>	4	1	150	1290	3007	1290	5001	1290	4007	20753	28684	18619	27502	900	1	5		11
OpenLevel159	6	146	398	13665	<i18n=76392>	4	1	150	1290	3007	1290	5001	1290	4007	20753	28684	18619	27502	900	1	5		11
OpenLevel159	7	147	398	13666	<i18n=76392>	4	1	150	1290	3007	1290	5001	1290	4007	20753	28684	18619	27502	900	1	5		11
OpenLevel159	8	148	398	13701	<i18n=76392>	4	1	150	1290	3007	1290	5001	1290	4007	20753	28684	18619	27502	900	1	5		11
OpenLevel159	9	149	398	13667	<i18n=21283>	3	1	150	1290	3006	1290	5001	1290	4006	20753	28684	18619	27502	300	1	5		10
OpenLevel159	10	150	398	13668	<i18n=21283>	3	1	150	1290	3006	1290	5001	1290	4006	20753	28684	18619	27502	300	1	5		10
OpenLevel159	11	151	398	13669	<i18n=21283>	3	1	150	1290	3006	1290	5001	1290	4006	20753	28684	18619	27502	300	1	5		10
OpenLevel159	12	152	398	13702	<i18n=21283>	3	1	150	1290	3006	1290	5001	1290	4006	20753	28684	18619	27502	300	1	5		10
OpenLevel159	13	153	398	13703	<i18n=21283>	3	1	150	1290	3006	1290	5001	1290	4006	20753	28684	18619	27502	300	1	5		10
OpenLevel159	14	154	398	13704	<i18n=21283>	3	1	150	1290	3006	1290	5001	1290	4006	20753	28684	18619	27502	300	1	5		10
OpenLevel159	15	155	398	13670	<i18n=21098>	2	1	150	1290	3005	1290	5001	1290	4005	20753	28684	18619	27502	60	1	5		1
OpenLevel159	16	156	398	13671	<i18n=21098>	2	1	150	1290	3005	1290	5001	1290	4005	20753	28684	18619	27502	60	1	5		1
OpenLevel159	17	157	398	13672	<i18n=21098>	2	1	150	1290	3005	1290	5001	1290	4005	20753	28684	18619	27502	60	1	5		1
OpenLevel159	18	158	398	13705	<i18n=21098>	2	1	150	1290	3005	1290	5001	1290	4005	20753	28684	18619	27502	60	1	5		1
OpenLevel159	19	159	398	13706	<i18n=21098>	2	1	150	1290	3005	1290	5001	1290	4005	20753	28684	18619	27502	60	1	5		1
OpenLevel159	20	160	398	13707	<i18n=21098>	2	1	150	1290	3005	1290	5001	1290	4005	20753	28684	18619	27502	60	1	5		1
OpenLevel169	1	161	398	13661	<i18n=80494>	5	1	160	1290	3012	1290	5002	1290	4012	20753	28684	18619	27502	1800	1	5		12
OpenLevel169	2	162	398	13662	<i18n=80494>	5	1	160	1290	3012	1290	5002	1290	4012	20753	28684	18619	27502	1800	1	5		12
OpenLevel169	3	163	398	13663	<i18n=80494>	5	1	160	1290	3012	1290	5002	1290	4012	20753	28684	18619	27502	1800	1	5		12
OpenLevel169	4	164	398	13700	<i18n=80494>	5	1	160	1290	3012	1290	5002	1290	4012	20753	28684	18619	27502	1800	1	5		12
OpenLevel169	5	165	398	13664	<i18n=76392>	4	1	160	1290	3011	1290	5002	1290	4011	20753	28684	18619	27502	900	1	5		12
OpenLevel169	6	166	398	13665	<i18n=76392>	4	1	160	1290	3011	1290	5002	1290	4011	20753	28684	18619	27502	900	1	5		12
OpenLevel169	7	167	398	13666	<i18n=76392>	4	1	160	1290	3011	1290	5002	1290	4011	20753	28684	18619	27502	900	1	5		12
OpenLevel169	8	168	398	13701	<i18n=76392>	4	1	160	1290	3011	1290	5002	1290	4011	20753	28684	18619	27502	900	1	5		12
OpenLevel169	9	169	398	13667	<i18n=21283>	3	1	160	1290	3010	1290	5002	1290	4010	20753	28684	18619	27502	300	1	5		11
OpenLevel169	10	170	398	13668	<i18n=21283>	3	1	160	1290	3010	1290	5002	1290	4010	20753	28684	18619	27502	300	1	5		11
OpenLevel169	11	171	398	13669	<i18n=21283>	3	1	160	1290	3010	1290	5002	1290	4010	20753	28684	18619	27502	300	1	5		11
OpenLevel169	12	172	398	13702	<i18n=21283>	3	1	160	1290	3010	1290	5002	1290	4010	20753	28684	18619	27502	300	1	5		11
OpenLevel169	13	173	398	13703	<i18n=21283>	3	1	160	1290	3010	1290	5002	1290	4010	20753	28684	18619	27502	300	1	5		11
OpenLevel169	14	174	398	13704	<i18n=21283>	3	1	160	1290	3010	1290	5002	1290	4010	20753	28684	18619	27502	300	1	5		11
OpenLevel169	15	175	398	13670	<i18n=21098>	2	1	160	1290	3009	1290	5002	1290	4009	20753	28684	18619	27502	60	1	5		1
OpenLevel169	16	176	398	13671	<i18n=21098>	2	1	160	1290	3009	1290	5002	1290	4009	20753	28684	18619	27502	60	1	5		1
OpenLevel169	17	177	398	13672	<i18n=21098>	2	1	160	1290	3009	1290	5002	1290	4009	20753	28684	18619	27502	60	1	5		1
OpenLevel169	18	178	398	13705	<i18n=21098>	2	1	160	1290	3009	1290	5002	1290	4009	20753	28684	18619	27502	60	1	5		1
OpenLevel169	19	179	398	13706	<i18n=21098>	2	1	160	1290	3009	1290	5002	1290	4009	20753	28684	18619	27502	60	1	5		1
OpenLevel169	20	180	398	13707	<i18n=21098>	2	1	160	1290	3009	1290	5002	1290	4009	20753	28684	18619	27502	60	1	5		1
OpenLevel179	1	181	398	13661	<i18n=80494>	5	1	170	1290	3012	1290	5002	1290	4012	20753	28684	18619	27502	1800	1	5		12
OpenLevel179	2	182	398	13662	<i18n=80494>	5	1	170	1290	3012	1290	5002	1290	4012	20753	28684	18619	27502	1800	1	5		12
OpenLevel179	3	183	398	13663	<i18n=80494>	5	1	170	1290	3012	1290	5002	1290	4012	20753	28684	18619	27502	1800	1	5		12
OpenLevel179	4	184	398	13700	<i18n=80494>	5	1	170	1290	3012	1290	5002	1290	4012	20753	28684	18619	27502	1800	1	5		12
OpenLevel179	5	185	398	13664	<i18n=76392>	4	1	170	1290	3011	1290	5002	1290	4011	20753	28684	18619	27502	900	1	5		12
OpenLevel179	6	186	398	13665	<i18n=76392>	4	1	170	1290	3011	1290	5002	1290	4011	20753	28684	18619	27502	900	1	5		12
OpenLevel179	7	187	398	13666	<i18n=76392>	4	1	170	1290	3011	1290	5002	1290	4011	20753	28684	18619	27502	900	1	5		12
OpenLevel179	8	188	398	13701	<i18n=76392>	4	1	170	1290	3011	1290	5002	1290	4011	20753	28684	18619	27502	900	1	5		12
OpenLevel179	9	189	398	13667	<i18n=21283>	3	1	170	1290	3010	1290	5002	1290	4010	20753	28684	18619	27502	300	1	5		11
OpenLevel179	10	190	398	13668	<i18n=21283>	3	1	170	1290	3010	1290	5002	1290	4010	20753	28684	18619	27502	300	1	5		11
OpenLevel179	11	191	398	13669	<i18n=21283>	3	1	170	1290	3010	1290	5002	1290	4010	20753	28684	18619	27502	300	1	5		11
OpenLevel179	12	192	398	13702	<i18n=21283>	3	1	170	1290	3010	1290	5002	1290	4010	20753	28684	18619	27502	300	1	5		11
OpenLevel179	13	193	398	13703	<i18n=21283>	3	1	170	1290	3010	1290	5002	1290	4010	20753	28684	18619	27502	300	1	5		11
OpenLevel179	14	194	398	13704	<i18n=21283>	3	1	170	1290	3010	1290	5002	1290	4010	20753	28684	18619	27502	300	1	5		11
OpenLevel179	15	195	398	13670	<i18n=21098>	2	1	170	1290	3009	1290	5002	1290	4009	20753	28684	18619	27502	60	1	5		1
OpenLevel179	16	196	398	13671	<i18n=21098>	2	1	170	1290	3009	1290	5002	1290	4009	20753	28684	18619	27502	60	1	5		1
OpenLevel179	17	197	398	13672	<i18n=21098>	2	1	170	1290	3009	1290	5002	1290	4009	20753	28684	18619	27502	60	1	5		1
OpenLevel179	18	198	398	13705	<i18n=21098>	2	1	170	1290	3009	1290	5002	1290	4009	20753	28684	18619	27502	60	1	5		1
OpenLevel179	19	199	398	13706	<i18n=21098>	2	1	170	1290	3009	1290	5002	1290	4009	20753	28684	18619	27502	60	1	5		1
OpenLevel179	20	200	398	13707	<i18n=21098>	2	1	170	1290	3009	1290	5002	1290	4009	20753	28684	18619	27502	60	1	5		1
OpenLevel189	1	201	398	13661	<i18n=80494>	5	1	180	1290	3012	1290	5002	1290	4012	20753	28684	18619	27502	1800	1	5		13
OpenLevel189	2	202	398	13662	<i18n=80494>	5	1	180	1290	3012	1290	5002	1290	4012	20753	28684	18619	27502	1800	1	5		13
OpenLevel189	3	203	398	13663	<i18n=80494>	5	1	180	1290	3012	1290	5002	1290	4012	20753	28684	18619	27502	1800	1	5		13
OpenLevel189	4	204	398	13700	<i18n=80494>	5	1	180	1290	3012	1290	5002	1290	4012	20753	28684	18619	27502	1800	1	5		13
OpenLevel189	5	205	398	13664	<i18n=76392>	4	1	180	1290	3011	1290	5002	1290	4011	20753	28684	18619	27502	900	1	5		13
OpenLevel189	6	206	398	13665	<i18n=76392>	4	1	180	1290	3011	1290	5002	1290	4011	20753	28684	18619	27502	900	1	5		13
OpenLevel189	7	207	398	13666	<i18n=76392>	4	1	180	1290	3011	1290	5002	1290	4011	20753	28684	18619	27502	900	1	5		13
OpenLevel189	8	208	398	13701	<i18n=76392>	4	1	180	1290	3011	1290	5002	1290	4011	20753	28684	18619	27502	900	1	5		13
OpenLevel189	9	209	398	13667	<i18n=21283>	3	1	180	1290	3010	1290	5002	1290	4010	20753	28684	18619	27502	300	1	5		12
OpenLevel189	10	210	398	13668	<i18n=21283>	3	1	180	1290	3010	1290	5002	1290	4010	20753	28684	18619	27502	300	1	5		12
OpenLevel189	11	211	398	13669	<i18n=21283>	3	1	180	1290	3010	1290	5002	1290	4010	20753	28684	18619	27502	300	1	5		12
OpenLevel189	12	212	398	13702	<i18n=21283>	3	1	180	1290	3010	1290	5002	1290	4010	20753	28684	18619	27502	300	1	5		12
OpenLevel189	13	213	398	13703	<i18n=21283>	3	1	180	1290	3010	1290	5002	1290	4010	20753	28684	18619	27502	300	1	5		12
OpenLevel189	14	214	398	13704	<i18n=21283>	3	1	180	1290	3010	1290	5002	1290	4010	20753	28684	18619	27502	300	1	5		12
OpenLevel189	15	215	398	13670	<i18n=21098>	2	1	180	1290	3009	1290	5002	1290	4009	20753	28684	18619	27502	60	1	5		1
OpenLevel189	16	216	398	13671	<i18n=21098>	2	1	180	1290	3009	1290	5002	1290	4009	20753	28684	18619	27502	60	1	5		1
OpenLevel189	17	217	398	13672	<i18n=21098>	2	1	180	1290	3009	1290	5002	1290	4009	20753	28684	18619	27502	60	1	5		1
OpenLevel189	18	218	398	13705	<i18n=21098>	2	1	180	1290	3009	1290	5002	1290	4009	20753	28684	18619	27502	60	1	5		1
OpenLevel189	19	219	398	13706	<i18n=21098>	2	1	180	1290	3009	1290	5002	1290	4009	20753	28684	18619	27502	60	1	5		1
OpenLevel189	20	220	398	13707	<i18n=21098>	2	1	180	1290	3009	1290	5002	1290	4009	20753	28684	18619	27502	60	1	5		1
OpenLevel199	1	221	398	13661	<i18n=80494>	5	1	190	1290	3012	1290	5002	1290	4012	20753	28684	18619	27502	1800	1	5		13
OpenLevel199	2	222	398	13662	<i18n=80494>	5	1	190	1290	3012	1290	5002	1290	4012	20753	28684	18619	27502	1800	1	5		13
OpenLevel199	3	223	398	13663	<i18n=80494>	5	1	190	1290	3012	1290	5002	1290	4012	20753	28684	18619	27502	1800	1	5		13
OpenLevel199	4	224	398	13700	<i18n=80494>	5	1	190	1290	3012	1290	5002	1290	4012	20753	28684	18619	27502	1800	1	5		13
OpenLevel199	5	225	398	13664	<i18n=76392>	4	1	190	1290	3011	1290	5002	1290	4011	20753	28684	18619	27502	900	1	5		13
OpenLevel199	6	226	398	13665	<i18n=76392>	4	1	190	1290	3011	1290	5002	1290	4011	20753	28684	18619	27502	900	1	5		13
OpenLevel199	7	227	398	13666	<i18n=76392>	4	1	190	1290	3011	1290	5002	1290	4011	20753	28684	18619	27502	900	1	5		13
OpenLevel199	8	228	398	13701	<i18n=76392>	4	1	190	1290	3011	1290	5002	1290	4011	20753	28684	18619	27502	900	1	5		13
OpenLevel199	9	229	398	13667	<i18n=21283>	3	1	190	1290	3010	1290	5002	1290	4010	20753	28684	18619	27502	300	1	5		12
OpenLevel199	10	230	398	13668	<i18n=21283>	3	1	190	1290	3010	1290	5002	1290	4010	20753	28684	18619	27502	300	1	5		12
OpenLevel199	11	231	398	13669	<i18n=21283>	3	1	190	1290	3010	1290	5002	1290	4010	20753	28684	18619	27502	300	1	5		12
OpenLevel199	12	232	398	13702	<i18n=21283>	3	1	190	1290	3010	1290	5002	1290	4010	20753	28684	18619	27502	300	1	5		12
OpenLevel199	13	233	398	13703	<i18n=21283>	3	1	190	1290	3010	1290	5002	1290	4010	20753	28684	18619	27502	300	1	5		12
OpenLevel199	14	234	398	13704	<i18n=21283>	3	1	190	1290	3010	1290	5002	1290	4010	20753	28684	18619	27502	300	1	5		12
OpenLevel199	15	235	398	13670	<i18n=21098>	2	1	190	1290	3009	1290	5002	1290	4009	20753	28684	18619	27502	60	1	5		1
OpenLevel199	16	236	398	13671	<i18n=21098>	2	1	190	1290	3009	1290	5002	1290	4009	20753	28684	18619	27502	60	1	5		1
OpenLevel199	17	237	398	13672	<i18n=21098>	2	1	190	1290	3009	1290	5002	1290	4009	20753	28684	18619	27502	60	1	5		1
OpenLevel199	18	238	398	13705	<i18n=21098>	2	1	190	1290	3009	1290	5002	1290	4009	20753	28684	18619	27502	60	1	5		1
OpenLevel199	19	239	398	13706	<i18n=21098>	2	1	190	1290	3009	1290	5002	1290	4009	20753	28684	18619	27502	60	1	5		1
OpenLevel199	20	240	398	13707	<i18n=21098>	2	1	190	1290	3009	1290	5002	1290	4009	20753	28684	18619	27502	60	1	5		1
OpenLevel209	1	241	398	13661	<i18n=80494>	5	1	200	1290	3012	1290	5002	1290	4012	20753	28684	18619	27502	1800	1	5		14
OpenLevel209	2	242	398	13662	<i18n=80494>	5	1	200	1290	3012	1290	5002	1290	4012	20753	28684	18619	27502	1800	1	5		14
OpenLevel209	3	243	398	13663	<i18n=80494>	5	1	200	1290	3012	1290	5002	1290	4012	20753	28684	18619	27502	1800	1	5		14
OpenLevel209	4	244	398	13700	<i18n=80494>	5	1	200	1290	3012	1290	5002	1290	4012	20753	28684	18619	27502	1800	1	5		14
OpenLevel209	5	245	398	13664	<i18n=76392>	4	1	200	1290	3011	1290	5002	1290	4011	20753	28684	18619	27502	900	1	5		14
OpenLevel209	6	246	398	13665	<i18n=76392>	4	1	200	1290	3011	1290	5002	1290	4011	20753	28684	18619	27502	900	1	5		14
OpenLevel209	7	247	398	13666	<i18n=76392>	4	1	200	1290	3011	1290	5002	1290	4011	20753	28684	18619	27502	900	1	5		14
OpenLevel209	8	248	398	13701	<i18n=76392>	4	1	200	1290	3011	1290	5002	1290	4011	20753	28684	18619	27502	900	1	5		14
OpenLevel209	9	249	398	13667	<i18n=21283>	3	1	200	1290	3010	1290	5002	1290	4010	20753	28684	18619	27502	300	1	5		13
OpenLevel209	10	250	398	13668	<i18n=21283>	3	1	200	1290	3010	1290	5002	1290	4010	20753	28684	18619	27502	300	1	5		13
OpenLevel209	11	251	398	13669	<i18n=21283>	3	1	200	1290	3010	1290	5002	1290	4010	20753	28684	18619	27502	300	1	5		13
OpenLevel209	12	252	398	13702	<i18n=21283>	3	1	200	1290	3010	1290	5002	1290	4010	20753	28684	18619	27502	300	1	5		13
OpenLevel209	13	253	398	13703	<i18n=21283>	3	1	200	1290	3010	1290	5002	1290	4010	20753	28684	18619	27502	300	1	5		13
OpenLevel209	14	254	398	13704	<i18n=21283>	3	1	200	1290	3010	1290	5002	1290	4010	20753	28684	18619	27502	300	1	5		13
OpenLevel209	15	255	398	13670	<i18n=21098>	2	1	200	1290	3009	1290	5002	1290	4009	20753	28684	18619	27502	60	1	5		1
OpenLevel209	16	256	398	13671	<i18n=21098>	2	1	200	1290	3009	1290	5002	1290	4009	20753	28684	18619	27502	60	1	5		1
OpenLevel209	17	257	398	13672	<i18n=21098>	2	1	200	1290	3009	1290	5002	1290	4009	20753	28684	18619	27502	60	1	5		1
OpenLevel209	18	258	398	13705	<i18n=21098>	2	1	200	1290	3009	1290	5002	1290	4009	20753	28684	18619	27502	60	1	5		1
OpenLevel209	19	259	398	13706	<i18n=21098>	2	1	200	1290	3009	1290	5002	1290	4009	20753	28684	18619	27502	60	1	5		1
OpenLevel209	20	260	398	13707	<i18n=21098>	2	1	200	1290	3009	1290	5002	1290	4009	20753	28684	18619	27502	60	1	5		1
OpenLevel219	1	261	398	13661	<i18n=80494>	5	1	210	1290	3012	1290	5002	1290	4012	20753	28684	18619	27502	1800	1	5		14
OpenLevel219	2	262	398	13662	<i18n=80494>	5	1	210	1290	3012	1290	5002	1290	4012	20753	28684	18619	27502	1800	1	5		14
OpenLevel219	3	263	398	13663	<i18n=80494>	5	1	210	1290	3012	1290	5002	1290	4012	20753	28684	18619	27502	1800	1	5		14
OpenLevel219	4	264	398	13700	<i18n=80494>	5	1	210	1290	3012	1290	5002	1290	4012	20753	28684	18619	27502	1800	1	5		14
OpenLevel219	5	265	398	13664	<i18n=76392>	4	1	210	1290	3011	1290	5002	1290	4011	20753	28684	18619	27502	900	1	5		14
OpenLevel219	6	266	398	13665	<i18n=76392>	4	1	210	1290	3011	1290	5002	1290	4011	20753	28684	18619	27502	900	1	5		14
OpenLevel219	7	267	398	13666	<i18n=76392>	4	1	210	1290	3011	1290	5002	1290	4011	20753	28684	18619	27502	900	1	5		14
OpenLevel219	8	268	398	13701	<i18n=76392>	4	1	210	1290	3011	1290	5002	1290	4011	20753	28684	18619	27502	900	1	5		14
OpenLevel219	9	269	398	13667	<i18n=21283>	3	1	210	1290	3010	1290	5002	1290	4010	20753	28684	18619	27502	300	1	5		13
OpenLevel219	10	270	398	13668	<i18n=21283>	3	1	210	1290	3010	1290	5002	1290	4010	20753	28684	18619	27502	300	1	5		13
OpenLevel219	11	271	398	13669	<i18n=21283>	3	1	210	1290	3010	1290	5002	1290	4010	20753	28684	18619	27502	300	1	5		13
OpenLevel219	12	272	398	13702	<i18n=21283>	3	1	210	1290	3010	1290	5002	1290	4010	20753	28684	18619	27502	300	1	5		13
OpenLevel219	13	273	398	13703	<i18n=21283>	3	1	210	1290	3010	1290	5002	1290	4010	20753	28684	18619	27502	300	1	5		13
OpenLevel219	14	274	398	13704	<i18n=21283>	3	1	210	1290	3010	1290	5002	1290	4010	20753	28684	18619	27502	300	1	5		13
OpenLevel219	15	275	398	13670	<i18n=21098>	2	1	210	1290	3009	1290	5002	1290	4009	20753	28684	18619	27502	60	1	5		1
OpenLevel219	16	276	398	13671	<i18n=21098>	2	1	210	1290	3009	1290	5002	1290	4009	20753	28684	18619	27502	60	1	5		1
OpenLevel219	17	277	398	13672	<i18n=21098>	2	1	210	1290	3009	1290	5002	1290	4009	20753	28684	18619	27502	60	1	5		1
OpenLevel219	18	278	398	13705	<i18n=21098>	2	1	210	1290	3009	1290	5002	1290	4009	20753	28684	18619	27502	60	1	5		1
OpenLevel219	19	279	398	13706	<i18n=21098>	2	1	210	1290	3009	1290	5002	1290	4009	20753	28684	18619	27502	60	1	5		1
OpenLevel219	20	280	398	13707	<i18n=21098>	2	1	210	1290	3009	1290	5002	1290	4009	20753	28684	18619	27502	60	1	5		1
OpenLevel229	1	281	398	13661	<i18n=80494>	5	1	220	1290	3012	1290	5002	1290	4012	20753	28684	18619	27502	1800	1	5		15
OpenLevel229	2	282	398	13662	<i18n=80494>	5	1	220	1290	3012	1290	5002	1290	4012	20753	28684	18619	27502	1800	1	5		15
OpenLevel229	3	283	398	13663	<i18n=80494>	5	1	220	1290	3012	1290	5002	1290	4012	20753	28684	18619	27502	1800	1	5		15
OpenLevel229	4	284	398	13700	<i18n=80494>	5	1	220	1290	3012	1290	5002	1290	4012	20753	28684	18619	27502	1800	1	5		15
OpenLevel229	5	285	398	13664	<i18n=76392>	4	1	220	1290	3011	1290	5002	1290	4011	20753	28684	18619	27502	900	1	5		15
OpenLevel229	6	286	398	13665	<i18n=76392>	4	1	220	1290	3011	1290	5002	1290	4011	20753	28684	18619	27502	900	1	5		15
OpenLevel229	7	287	398	13666	<i18n=76392>	4	1	220	1290	3011	1290	5002	1290	4011	20753	28684	18619	27502	900	1	5		15
OpenLevel229	8	288	398	13701	<i18n=76392>	4	1	220	1290	3011	1290	5002	1290	4011	20753	28684	18619	27502	900	1	5		15
OpenLevel229	9	289	398	13667	<i18n=21283>	3	1	220	1290	3010	1290	5002	1290	4010	20753	28684	18619	27502	300	1	5		14
OpenLevel229	10	290	398	13668	<i18n=21283>	3	1	220	1290	3010	1290	5002	1290	4010	20753	28684	18619	27502	300	1	5		14
OpenLevel229	11	291	398	13669	<i18n=21283>	3	1	220	1290	3010	1290	5002	1290	4010	20753	28684	18619	27502	300	1	5		14
OpenLevel229	12	292	398	13702	<i18n=21283>	3	1	220	1290	3010	1290	5002	1290	4010	20753	28684	18619	27502	300	1	5		14
OpenLevel229	13	293	398	13703	<i18n=21283>	3	1	220	1290	3010	1290	5002	1290	4010	20753	28684	18619	27502	300	1	5		14
OpenLevel229	14	294	398	13704	<i18n=21283>	3	1	220	1290	3010	1290	5002	1290	4010	20753	28684	18619	27502	300	1	5		14
OpenLevel229	15	295	398	13670	<i18n=21098>	2	1	220	1290	3009	1290	5002	1290	4009	20753	28684	18619	27502	60	1	5		1
OpenLevel229	16	296	398	13671	<i18n=21098>	2	1	220	1290	3009	1290	5002	1290	4009	20753	28684	18619	27502	60	1	5		1
OpenLevel229	17	297	398	13672	<i18n=21098>	2	1	220	1290	3009	1290	5002	1290	4009	20753	28684	18619	27502	60	1	5		1
OpenLevel229	18	298	398	13705	<i18n=21098>	2	1	220	1290	3009	1290	5002	1290	4009	20753	28684	18619	27502	60	1	5		1
OpenLevel229	19	299	398	13706	<i18n=21098>	2	1	220	1290	3009	1290	5002	1290	4009	20753	28684	18619	27502	60	1	5		1
OpenLevel229	20	300	398	13707	<i18n=21098>	2	1	220	1290	3009	1290	5002	1290	4009	20753	28684	18619	27502	60	1	5		1
OpenLevel239	1	301	398	13661	<i18n=80494>	5	1	230	1290	3012	1290	5002	1290	4012	20753	28684	18619	27502	1800	1	5		15
OpenLevel239	2	302	398	13662	<i18n=80494>	5	1	230	1290	3012	1290	5002	1290	4012	20753	28684	18619	27502	1800	1	5		15
OpenLevel239	3	303	398	13663	<i18n=80494>	5	1	230	1290	3012	1290	5002	1290	4012	20753	28684	18619	27502	1800	1	5		15
OpenLevel239	4	304	398	13700	<i18n=80494>	5	1	230	1290	3012	1290	5002	1290	4012	20753	28684	18619	27502	1800	1	5		15
OpenLevel239	5	305	398	13664	<i18n=76392>	4	1	230	1290	3011	1290	5002	1290	4011	20753	28684	18619	27502	900	1	5		15
OpenLevel239	6	306	398	13665	<i18n=76392>	4	1	230	1290	3011	1290	5002	1290	4011	20753	28684	18619	27502	900	1	5		15
OpenLevel239	7	307	398	13666	<i18n=76392>	4	1	230	1290	3011	1290	5002	1290	4011	20753	28684	18619	27502	900	1	5		15
OpenLevel239	8	308	398	13701	<i18n=76392>	4	1	230	1290	3011	1290	5002	1290	4011	20753	28684	18619	27502	900	1	5		15
OpenLevel239	9	309	398	13667	<i18n=21283>	3	1	230	1290	3010	1290	5002	1290	4010	20753	28684	18619	27502	300	1	5		14
OpenLevel239	10	310	398	13668	<i18n=21283>	3	1	230	1290	3010	1290	5002	1290	4010	20753	28684	18619	27502	300	1	5		14
OpenLevel239	11	311	398	13669	<i18n=21283>	3	1	230	1290	3010	1290	5002	1290	4010	20753	28684	18619	27502	300	1	5		14
OpenLevel239	12	312	398	13702	<i18n=21283>	3	1	230	1290	3010	1290	5002	1290	4010	20753	28684	18619	27502	300	1	5		14
OpenLevel239	13	313	398	13703	<i18n=21283>	3	1	230	1290	3010	1290	5002	1290	4010	20753	28684	18619	27502	300	1	5		14
OpenLevel239	14	314	398	13704	<i18n=21283>	3	1	230	1290	3010	1290	5002	1290	4010	20753	28684	18619	27502	300	1	5		14
OpenLevel239	15	315	398	13670	<i18n=21098>	2	1	230	1290	3009	1290	5002	1290	4009	20753	28684	18619	27502	60	1	5		1
OpenLevel239	16	316	398	13671	<i18n=21098>	2	1	230	1290	3009	1290	5002	1290	4009	20753	28684	18619	27502	60	1	5		1
OpenLevel239	17	317	398	13672	<i18n=21098>	2	1	230	1290	3009	1290	5002	1290	4009	20753	28684	18619	27502	60	1	5		1
OpenLevel239	18	318	398	13705	<i18n=21098>	2	1	230	1290	3009	1290	5002	1290	4009	20753	28684	18619	27502	60	1	5		1
OpenLevel239	19	319	398	13706	<i18n=21098>	2	1	230	1290	3009	1290	5002	1290	4009	20753	28684	18619	27502	60	1	5		1
OpenLevel239	20	320	398	13707	<i18n=21098>	2	1	230	1290	3009	1290	5002	1290	4009	20753	28684	18619	27502	60	1	5		1
OpenLevel249	1	321	398	13661	<i18n=80494>	5	1	240	1290	3012	1290	5002	1290	4012	20753	28684	18619	27502	1800	1	5		16
OpenLevel249	2	322	398	13662	<i18n=80494>	5	1	240	1290	3012	1290	5002	1290	4012	20753	28684	18619	27502	1800	1	5		16
OpenLevel249	3	323	398	13663	<i18n=80494>	5	1	240	1290	3012	1290	5002	1290	4012	20753	28684	18619	27502	1800	1	5		16
OpenLevel249	4	324	398	13700	<i18n=80494>	5	1	240	1290	3012	1290	5002	1290	4012	20753	28684	18619	27502	1800	1	5		16
OpenLevel249	5	325	398	13664	<i18n=76392>	4	1	240	1290	3011	1290	5002	1290	4011	20753	28684	18619	27502	900	1	5		16
OpenLevel249	6	326	398	13665	<i18n=76392>	4	1	240	1290	3011	1290	5002	1290	4011	20753	28684	18619	27502	900	1	5		16
OpenLevel249	7	327	398	13666	<i18n=76392>	4	1	240	1290	3011	1290	5002	1290	4011	20753	28684	18619	27502	900	1	5		16
OpenLevel249	8	328	398	13701	<i18n=76392>	4	1	240	1290	3011	1290	5002	1290	4011	20753	28684	18619	27502	900	1	5		16
OpenLevel249	9	329	398	13667	<i18n=21283>	3	1	240	1290	3010	1290	5002	1290	4010	20753	28684	18619	27502	300	1	5		15
OpenLevel249	10	330	398	13668	<i18n=21283>	3	1	240	1290	3010	1290	5002	1290	4010	20753	28684	18619	27502	300	1	5		15
OpenLevel249	11	331	398	13669	<i18n=21283>	3	1	240	1290	3010	1290	5002	1290	4010	20753	28684	18619	27502	300	1	5		15
OpenLevel249	12	332	398	13702	<i18n=21283>	3	1	240	1290	3010	1290	5002	1290	4010	20753	28684	18619	27502	300	1	5		15
OpenLevel249	13	333	398	13703	<i18n=21283>	3	1	240	1290	3010	1290	5002	1290	4010	20753	28684	18619	27502	300	1	5		15
OpenLevel249	14	334	398	13704	<i18n=21283>	3	1	240	1290	3010	1290	5002	1290	4010	20753	28684	18619	27502	300	1	5		15
OpenLevel249	15	335	398	13670	<i18n=21098>	2	1	240	1290	3009	1290	5002	1290	4009	20753	28684	18619	27502	60	1	5		1
OpenLevel249	16	336	398	13671	<i18n=21098>	2	1	240	1290	3009	1290	5002	1290	4009	20753	28684	18619	27502	60	1	5		1
OpenLevel249	17	337	398	13672	<i18n=21098>	2	1	240	1290	3009	1290	5002	1290	4009	20753	28684	18619	27502	60	1	5		1
OpenLevel249	18	338	398	13705	<i18n=21098>	2	1	240	1290	3009	1290	5002	1290	4009	20753	28684	18619	27502	60	1	5		1
OpenLevel249	19	339	398	13706	<i18n=21098>	2	1	240	1290	3009	1290	5002	1290	4009	20753	28684	18619	27502	60	1	5		1
OpenLevel249	20	340	398	13707	<i18n=21098>	2	1	240	1290	3009	1290	5002	1290	4009	20753	28684	18619	27502	60	1	5		1
OpenLevel259	1	341	398	13661	<i18n=80494>	5	1	250	1290	3012	1290	5002	1290	4012	20753	28684	18619	27502	1800	1	5		16
OpenLevel259	2	342	398	13662	<i18n=80494>	5	1	250	1290	3012	1290	5002	1290	4012	20753	28684	18619	27502	1800	1	5		16
OpenLevel259	3	343	398	13663	<i18n=80494>	5	1	250	1290	3012	1290	5002	1290	4012	20753	28684	18619	27502	1800	1	5		16
OpenLevel259	4	344	398	13700	<i18n=80494>	5	1	250	1290	3012	1290	5002	1290	4012	20753	28684	18619	27502	1800	1	5		16
OpenLevel259	5	345	398	13664	<i18n=76392>	4	1	250	1290	3011	1290	5002	1290	4011	20753	28684	18619	27502	900	1	5		16
OpenLevel259	6	346	398	13665	<i18n=76392>	4	1	250	1290	3011	1290	5002	1290	4011	20753	28684	18619	27502	900	1	5		16
OpenLevel259	7	347	398	13666	<i18n=76392>	4	1	250	1290	3011	1290	5002	1290	4011	20753	28684	18619	27502	900	1	5		16
OpenLevel259	8	348	398	13701	<i18n=76392>	4	1	250	1290	3011	1290	5002	1290	4011	20753	28684	18619	27502	900	1	5		16
OpenLevel259	9	349	398	13667	<i18n=21283>	3	1	250	1290	3010	1290	5002	1290	4010	20753	28684	18619	27502	300	1	5		15
OpenLevel259	10	350	398	13668	<i18n=21283>	3	1	250	1290	3010	1290	5002	1290	4010	20753	28684	18619	27502	300	1	5		15
OpenLevel259	11	351	398	13669	<i18n=21283>	3	1	250	1290	3010	1290	5002	1290	4010	20753	28684	18619	27502	300	1	5		15
OpenLevel259	12	352	398	13702	<i18n=21283>	3	1	250	1290	3010	1290	5002	1290	4010	20753	28684	18619	27502	300	1	5		15
OpenLevel259	13	353	398	13703	<i18n=21283>	3	1	250	1290	3010	1290	5002	1290	4010	20753	28684	18619	27502	300	1	5		15
OpenLevel259	14	354	398	13704	<i18n=21283>	3	1	250	1290	3010	1290	5002	1290	4010	20753	28684	18619	27502	300	1	5		15
OpenLevel259	15	355	398	13670	<i18n=21098>	2	1	250	1290	3009	1290	5002	1290	4009	20753	28684	18619	27502	60	1	5		1
OpenLevel259	16	356	398	13671	<i18n=21098>	2	1	250	1290	3009	1290	5002	1290	4009	20753	28684	18619	27502	60	1	5		1
OpenLevel259	17	357	398	13672	<i18n=21098>	2	1	250	1290	3009	1290	5002	1290	4009	20753	28684	18619	27502	60	1	5		1
OpenLevel259	18	358	398	13705	<i18n=21098>	2	1	250	1290	3009	1290	5002	1290	4009	20753	28684	18619	27502	60	1	5		1
OpenLevel259	19	359	398	13706	<i18n=21098>	2	1	250	1290	3009	1290	5002	1290	4009	20753	28684	18619	27502	60	1	5		1
OpenLevel259	20	360	398	13707	<i18n=21098>	2	1	250	1290	3009	1290	5002	1290	4009	20753	28684	18619	27502	60	1	5		1
OpenLevel269	1	361	398	13661	<i18n=80494>	5	1	260	1290	3012	1290	5002	1290	4012	20753	28684	18619	27502	1800	1	5		17
OpenLevel269	2	362	398	13662	<i18n=80494>	5	1	260	1290	3012	1290	5002	1290	4012	20753	28684	18619	27502	1800	1	5		17
OpenLevel269	3	363	398	13663	<i18n=80494>	5	1	260	1290	3012	1290	5002	1290	4012	20753	28684	18619	27502	1800	1	5		17
OpenLevel269	4	364	398	13700	<i18n=80494>	5	1	260	1290	3012	1290	5002	1290	4012	20753	28684	18619	27502	1800	1	5		17
OpenLevel269	5	365	398	13664	<i18n=76392>	4	1	260	1290	3011	1290	5002	1290	4011	20753	28684	18619	27502	900	1	5		17
OpenLevel269	6	366	398	13665	<i18n=76392>	4	1	260	1290	3011	1290	5002	1290	4011	20753	28684	18619	27502	900	1	5		17
OpenLevel269	7	367	398	13666	<i18n=76392>	4	1	260	1290	3011	1290	5002	1290	4011	20753	28684	18619	27502	900	1	5		17
OpenLevel269	8	368	398	13701	<i18n=76392>	4	1	260	1290	3011	1290	5002	1290	4011	20753	28684	18619	27502	900	1	5		17
OpenLevel269	9	369	398	13667	<i18n=21283>	3	1	260	1290	3010	1290	5002	1290	4010	20753	28684	18619	27502	300	1	5		16
OpenLevel269	10	370	398	13668	<i18n=21283>	3	1	260	1290	3010	1290	5002	1290	4010	20753	28684	18619	27502	300	1	5		16
OpenLevel269	11	371	398	13669	<i18n=21283>	3	1	260	1290	3010	1290	5002	1290	4010	20753	28684	18619	27502	300	1	5		16
OpenLevel269	12	372	398	13702	<i18n=21283>	3	1	260	1290	3010	1290	5002	1290	4010	20753	28684	18619	27502	300	1	5		16
OpenLevel269	13	373	398	13703	<i18n=21283>	3	1	260	1290	3010	1290	5002	1290	4010	20753	28684	18619	27502	300	1	5		16
OpenLevel269	14	374	398	13704	<i18n=21283>	3	1	260	1290	3010	1290	5002	1290	4010	20753	28684	18619	27502	300	1	5		16
OpenLevel269	15	375	398	13670	<i18n=21098>	2	1	260	1290	3009	1290	5002	1290	4009	20753	28684	18619	27502	60	1	5		1
OpenLevel269	16	376	398	13671	<i18n=21098>	2	1	260	1290	3009	1290	5002	1290	4009	20753	28684	18619	27502	60	1	5		1
OpenLevel269	17	377	398	13672	<i18n=21098>	2	1	260	1290	3009	1290	5002	1290	4009	20753	28684	18619	27502	60	1	5		1
OpenLevel269	18	378	398	13705	<i18n=21098>	2	1	260	1290	3009	1290	5002	1290	4009	20753	28684	18619	27502	60	1	5		1
OpenLevel269	19	379	398	13706	<i18n=21098>	2	1	260	1290	3009	1290	5002	1290	4009	20753	28684	18619	27502	60	1	5		1
OpenLevel269	20	380	398	13707	<i18n=21098>	2	1	260	1290	3009	1290	5002	1290	4009	20753	28684	18619	27502	60	1	5		1
OpenLevel279	1	381	398	13661	<i18n=80494>	5	1	270	1290	3012	1290	5002	1290	4012	20753	28684	18619	27502	1800	1	5		17
OpenLevel279	2	382	398	13662	<i18n=80494>	5	1	270	1290	3012	1290	5002	1290	4012	20753	28684	18619	27502	1800	1	5		17
OpenLevel279	3	383	398	13663	<i18n=80494>	5	1	270	1290	3012	1290	5002	1290	4012	20753	28684	18619	27502	1800	1	5		17
OpenLevel279	4	384	398	13700	<i18n=80494>	5	1	270	1290	3012	1290	5002	1290	4012	20753	28684	18619	27502	1800	1	5		17
OpenLevel279	5	385	398	13664	<i18n=76392>	4	1	270	1290	3011	1290	5002	1290	4011	20753	28684	18619	27502	900	1	5		17
OpenLevel279	6	386	398	13665	<i18n=76392>	4	1	270	1290	3011	1290	5002	1290	4011	20753	28684	18619	27502	900	1	5		17
OpenLevel279	7	387	398	13666	<i18n=76392>	4	1	270	1290	3011	1290	5002	1290	4011	20753	28684	18619	27502	900	1	5		17
OpenLevel279	8	388	398	13701	<i18n=76392>	4	1	270	1290	3011	1290	5002	1290	4011	20753	28684	18619	27502	900	1	5		17
OpenLevel279	9	389	398	13667	<i18n=21283>	3	1	270	1290	3010	1290	5002	1290	4010	20753	28684	18619	27502	300	1	5		16
OpenLevel279	10	390	398	13668	<i18n=21283>	3	1	270	1290	3010	1290	5002	1290	4010	20753	28684	18619	27502	300	1	5		16
OpenLevel279	11	391	398	13669	<i18n=21283>	3	1	270	1290	3010	1290	5002	1290	4010	20753	28684	18619	27502	300	1	5		16
OpenLevel279	12	392	398	13702	<i18n=21283>	3	1	270	1290	3010	1290	5002	1290	4010	20753	28684	18619	27502	300	1	5		16
OpenLevel279	13	393	398	13703	<i18n=21283>	3	1	270	1290	3010	1290	5002	1290	4010	20753	28684	18619	27502	300	1	5		16
OpenLevel279	14	394	398	13704	<i18n=21283>	3	1	270	1290	3010	1290	5002	1290	4010	20753	28684	18619	27502	300	1	5		16
OpenLevel279	15	395	398	13670	<i18n=21098>	2	1	270	1290	3009	1290	5002	1290	4009	20753	28684	18619	27502	60	1	5		1
OpenLevel279	16	396	398	13671	<i18n=21098>	2	1	270	1290	3009	1290	5002	1290	4009	20753	28684	18619	27502	60	1	5		1
OpenLevel279	17	397	398	13672	<i18n=21098>	2	1	270	1290	3009	1290	5002	1290	4009	20753	28684	18619	27502	60	1	5		1
OpenLevel279	18	398	398	13705	<i18n=21098>	2	1	270	1290	3009	1290	5002	1290	4009	20753	28684	18619	27502	60	1	5		1
OpenLevel279	19	399	398	13706	<i18n=21098>	2	1	270	1290	3009	1290	5002	1290	4009	20753	28684	18619	27502	60	1	5		1
OpenLevel279	20	400	398	13707	<i18n=21098>	2	1	270	1290	3009	1290	5002	1290	4009	20753	28684	18619	27502	60	1	5		1
OpenLevel289	1	401	398	13661	<i18n=80494>	5	1	280	1290	3012	1290	5002	1290	4012	20753	28684	18619	27502	1800	1	5		18
OpenLevel289	2	402	398	13662	<i18n=80494>	5	1	280	1290	3012	1290	5002	1290	4012	20753	28684	18619	27502	1800	1	5		18
OpenLevel289	3	403	398	13663	<i18n=80494>	5	1	280	1290	3012	1290	5002	1290	4012	20753	28684	18619	27502	1800	1	5		18
OpenLevel289	4	404	398	13700	<i18n=80494>	5	1	280	1290	3012	1290	5002	1290	4012	20753	28684	18619	27502	1800	1	5		18
OpenLevel289	5	405	398	13664	<i18n=76392>	4	1	280	1290	3011	1290	5002	1290	4011	20753	28684	18619	27502	900	1	5		18
OpenLevel289	6	406	398	13665	<i18n=76392>	4	1	280	1290	3011	1290	5002	1290	4011	20753	28684	18619	27502	900	1	5		18
OpenLevel289	7	407	398	13666	<i18n=76392>	4	1	280	1290	3011	1290	5002	1290	4011	20753	28684	18619	27502	900	1	5		18
OpenLevel289	8	408	398	13701	<i18n=76392>	4	1	280	1290	3011	1290	5002	1290	4011	20753	28684	18619	27502	900	1	5		18
OpenLevel289	9	409	398	13667	<i18n=21283>	3	1	280	1290	3010	1290	5002	1290	4010	20753	28684	18619	27502	300	1	5		17
OpenLevel289	10	410	398	13668	<i18n=21283>	3	1	280	1290	3010	1290	5002	1290	4010	20753	28684	18619	27502	300	1	5		17
OpenLevel289	11	411	398	13669	<i18n=21283>	3	1	280	1290	3010	1290	5002	1290	4010	20753	28684	18619	27502	300	1	5		17
OpenLevel289	12	412	398	13702	<i18n=21283>	3	1	280	1290	3010	1290	5002	1290	4010	20753	28684	18619	27502	300	1	5		17
OpenLevel289	13	413	398	13703	<i18n=21283>	3	1	280	1290	3010	1290	5002	1290	4010	20753	28684	18619	27502	300	1	5		17
OpenLevel289	14	414	398	13704	<i18n=21283>	3	1	280	1290	3010	1290	5002	1290	4010	20753	28684	18619	27502	300	1	5		17
OpenLevel289	15	415	398	13670	<i18n=21098>	2	1	280	1290	3009	1290	5002	1290	4009	20753	28684	18619	27502	60	1	5		1
OpenLevel289	16	416	398	13671	<i18n=21098>	2	1	280	1290	3009	1290	5002	1290	4009	20753	28684	18619	27502	60	1	5		1
OpenLevel289	17	417	398	13672	<i18n=21098>	2	1	280	1290	3009	1290	5002	1290	4009	20753	28684	18619	27502	60	1	5		1
OpenLevel289	18	418	398	13705	<i18n=21098>	2	1	280	1290	3009	1290	5002	1290	4009	20753	28684	18619	27502	60	1	5		1
OpenLevel289	19	419	398	13706	<i18n=21098>	2	1	280	1290	3009	1290	5002	1290	4009	20753	28684	18619	27502	60	1	5		1
OpenLevel289	20	420	398	13707	<i18n=21098>	2	1	280	1290	3009	1290	5002	1290	4009	20753	28684	18619	27502	60	1	5		1
OpenLevel299	1	421	398	13661	<i18n=80494>	5	1	290	1290	3012	1290	5002	1290	4012	20753	28684	18619	27502	1800	1	5		18
OpenLevel299	2	422	398	13662	<i18n=80494>	5	1	290	1290	3012	1290	5002	1290	4012	20753	28684	18619	27502	1800	1	5		18
OpenLevel299	3	423	398	13663	<i18n=80494>	5	1	290	1290	3012	1290	5002	1290	4012	20753	28684	18619	27502	1800	1	5		18
OpenLevel299	4	424	398	13700	<i18n=80494>	5	1	290	1290	3012	1290	5002	1290	4012	20753	28684	18619	27502	1800	1	5		18
OpenLevel299	5	425	398	13664	<i18n=76392>	4	1	290	1290	3011	1290	5002	1290	4011	20753	28684	18619	27502	900	1	5		18
OpenLevel299	6	426	398	13665	<i18n=76392>	4	1	290	1290	3011	1290	5002	1290	4011	20753	28684	18619	27502	900	1	5		18
OpenLevel299	7	427	398	13666	<i18n=76392>	4	1	290	1290	3011	1290	5002	1290	4011	20753	28684	18619	27502	900	1	5		18
OpenLevel299	8	428	398	13701	<i18n=76392>	4	1	290	1290	3011	1290	5002	1290	4011	20753	28684	18619	27502	900	1	5		18
OpenLevel299	9	429	398	13667	<i18n=21283>	3	1	290	1290	3010	1290	5002	1290	4010	20753	28684	18619	27502	300	1	5		17
OpenLevel299	10	430	398	13668	<i18n=21283>	3	1	290	1290	3010	1290	5002	1290	4010	20753	28684	18619	27502	300	1	5		17
OpenLevel299	11	431	398	13669	<i18n=21283>	3	1	290	1290	3010	1290	5002	1290	4010	20753	28684	18619	27502	300	1	5		17
OpenLevel299	12	432	398	13702	<i18n=21283>	3	1	290	1290	3010	1290	5002	1290	4010	20753	28684	18619	27502	300	1	5		17
OpenLevel299	13	433	398	13703	<i18n=21283>	3	1	290	1290	3010	1290	5002	1290	4010	20753	28684	18619	27502	300	1	5		17
OpenLevel299	14	434	398	13704	<i18n=21283>	3	1	290	1290	3010	1290	5002	1290	4010	20753	28684	18619	27502	300	1	5		17
OpenLevel299	15	435	398	13670	<i18n=21098>	2	1	290	1290	3009	1290	5002	1290	4009	20753	28684	18619	27502	60	1	5		1
OpenLevel299	16	436	398	13671	<i18n=21098>	2	1	290	1290	3009	1290	5002	1290	4009	20753	28684	18619	27502	60	1	5		1
OpenLevel299	17	437	398	13672	<i18n=21098>	2	1	290	1290	3009	1290	5002	1290	4009	20753	28684	18619	27502	60	1	5		1
OpenLevel299	18	438	398	13705	<i18n=21098>	2	1	290	1290	3009	1290	5002	1290	4009	20753	28684	18619	27502	60	1	5		1
OpenLevel299	19	439	398	13706	<i18n=21098>	2	1	290	1290	3009	1290	5002	1290	4009	20753	28684	18619	27502	60	1	5		1
OpenLevel299	20	440	398	13707	<i18n=21098>	2	1	290	1290	3009	1290	5002	1290	4009	20753	28684	18619	27502	60	1	5		1
