[Partner]
PlayerExp2PartnerExp=0.8
ExpItemValue2PartnerExp=0.125
ValueToFightPower=1
PartnerPickItemId=3007
PartnerPotentialItemId=3002
PartnerExpItemId=3003
PartnerRebornItemId=3004
XiSuiItemId=3001
XiSuiPotentialDeltaValue=1,13
XiSuiCost=30
PotentialCost=3
PosDistance=1300
SkillBookFragmentItemId=3005
JueXingItemId=921
JueXingLevelLimit=90
JueXingStarLimit=1
JueXingItemDunWuValue=20
DunWuDoubleValue=1
WuYinShuiItemId=3022
[PosNeedLevel]
1=25
2=25
3=40
4=50
5=150
[PosDir]
1=-32
2=32
3=96
4=160
[LevelupGrowthValue]
1=120
2=100
3=80
4=70
5=60
[StarUpPotentialDeltaValue]
1=0
2=0
3=0
4=0
5=0
[StarUpPotentialLimitDeltaValue]
1=552,552,1104,1656,2220,2220,2772,3324,3324,3324,3324,3324,3324,3324,3324,3324,3324
2=460,460,920,1380,1850,1850,2310,2310,2770,2770,2770,2770,2770,2770,2770,2770,2770
3=368,368,736,1104,1480,1480,1848,1848,2216,2216,2216,2216,2216,2216,2216,2216,2216
4=322,322,644,966,1295,1295,1617,1617,1939,1939,1939,1939,1939,1939,1939,1939,1939
5=276,276,552,828,1110,1110,1386,1386,1662,1662,1662,1662,1662,1662,1662,1662,1662
[GradeUpPotentialLimitDeltaValue]
1=600,600,600,1200,1200,1200,1800,1800,1800,2400,2400,2400,2400,2400,2400,2400,2400,2400,2400,2400,2400,2400,2400,2400,2400,2400,2400,2400,2400,2400
2=500,500,500,1000,1000,1000,1500,1500,1500,2000,2000,2000,2000,2000,2000,2000,2000,2000,2000,2000,2000,2000,2000,2000,2000,2000,2000,2000,2000,2000
3=400,400,400,800,800,800,1200,1200,1200,1600,1600,1600,1600,1600,1600,1600,1600,1600,1600,1600,1600,1600,1600,1600,1600,1600,1600,1600,1600,1600
4=350,350,350,700,700,700,1050,1050,1050,1400,1400,1400,1400,1400,1400,1400,1400,1400,1400,1400,1400,1400,1400,1400,1400,1400,1400,1400,1400,1400
5=300,300,300,600,600,600,900,900,900,1200,1200,1200,1200,1200,1200,1200,1200,1200,1200,1200,1200,1200,1200,1200,1200,1200,1200,1200,1200,1200
[QualityStarFightValue]
1=5904,11808,17724,29544,47268,70908,94548,124092,153648,189108,224568,260016,295476,342756,390036,437316,484584,531864
2=4920,9840,14770,24620,39390,59090,78790,103410,128040,157590,187140,216680,246230,285630,325030,364430,403820,443220
3=1816,3632,5456,9096,14552,21824,29104,38200,47296,58112,69008,79904,90800,105426,119969,134511,149050,163593
4=1589,3178,4774,7959,12733,19096,25466,33425,41384,50848,60382,69916,79450,92230,104952,117674,130393,143116
5=1362,2724,4092,6822,10914,16368,21828,28650,35472,43584,51756,59928,68100,79071,89978,100885,111789,122696
[ServeranceCost]
1=3
2=2
3=1
4=1
5=1
[ProtectSkillLevel]
1=1000,200,63,70,80
2=2400,2400,2125,2380,2720
3=4600,4600,4188,4690,5360
4=6800,6800,6250,7000,8000
5=9000,9000,8313,9310,10640
6=11200,11200,10375,11620,13280
7=13400,13400,12438,13930,15920
8=15600,15600,14500,16240,18560
9=17800,17800,16563,18550,21200
10=20000,20000,18625,20860,23840
11=22500,22500,20750,23240,26560
12=25000,25000,22875,25620,29280
13=27500,27500,25000,28000,32000
14=30000,30000,27125,30380,34720
15=32500,32500,29250,32760,37440
16=35000,35000,31375,35140,40160
17=37500,37500,33500,37520,42880
18=40000,40000,35625,39900,57000
19=42500,42500,37750,42280,64175
20=45000,45000,40000,44800,72000
21=49000,49000,45000,50400,81000
22=53000,53000,50000,56000,90000
23=57000,57000,55000,71500,99000
24=61000,61000,60000,84000,108000
25=65000,65000,65000,97500,117000
26=69000,69000,70000,112000,126000
27=73000,73000,75000,120000,135000
28=77000,77000,80000,128000,144000
29=81000,81000,85000,136000,153000
30=85000,85000,90000,144000,162000
31=90000,90000,95000,152000,171000
32=95000,95000,100000,160000,180000
33=100000,100000,105000,168000,189000
34=105000,105000,110000,176000,198000
35=110000,110000,115000,184000,207000
36=115000,115000,120000,192000,216000
37=120000,120000,125000,200000,225000
38=125000,125000,130000,208000,234000
39=130000,130000,135000,216000,243000
40=135000,135000,140000,224000,252000
41=141000,141000,145000,232000,261000
42=147000,147000,150000,240000,270000
43=153000,153000,155000,248000,279000
44=161000,161000,160000,256000,288000
45=169000,169000,165000,264000,297000
46=177000,177000,170000,272000,306000
47=185000,185000,180000,288000,324000
48=195000,195000,190000,304000,342000
49=205000,205000,200000,320000,360000
50=215000,215000,210000,336000,378000
51=225000,225000,220000,352000,396000
52=235000,235000,230000,368000,414000
53=245000,245000,240000,384000,432000
54=255000,255000,250000,400000,450000
55=265000,265000,260000,416000,468000
56=275000,275000,270000,432000,486000
57=285000,285000,280000,448000,504000
58=295000,295000,290000,464000,522000
59=305000,305000,300000,480000,540000
60=315000,315000,310000,496000,558000
61=325000,325000,320000,512000,576000
62=335000,335000,330000,528000,594000
63=345000,345000,340000,544000,612000
64=355000,355000,350000,560000,630000
65=365000,365000,360000,576000,648000
66=375000,375000,370000,592000,666000
67=385000,385000,380000,608000,684000
68=395000,395000,390000,624000,702000
69=405000,405000,400000,640000,720000
70=415000,415000,410000,656000,738000
71=425000,425000,420000,672000,756000
72=435000,435000,430000,688000,774000
73=445000,445000,440000,704000,792000
74=455000,455000,450000,720000,810000
75=465000,465000,460000,736000,828000
76=475000,475000,470000,752000,846000
77=485000,485000,480000,768000,864000
78=495000,495000,490000,784000,882000
79=505000,505000,500000,800000,900000
80=515000,515000,510000,816000,918000
81=525000,525000,520000,832000,936000
82=535000,535000,530000,848000,954000
83=545000,545000,540000,864000,972000
84=555000,555000,550000,880000,990000
85=565000,565000,560000,896000,1008000
86=575000,575000,570000,912000,1026000
87=585000,585000,580000,928000,1044000
88=595000,595000,590000,944000,1062000
89=605000,605000,600000,960000,1080000
90=615000,615000,610000,976000,1098000
91=625000,625000,620000,992000,1116000
92=635000,635000,630000,1008000,1134000
93=645000,645000,640000,1024000,1152000
94=655000,655000,650000,1040000,1170000
95=665000,665000,660000,1056000,1188000
96=675000,675000,670000,1072000,1206000
97=685000,685000,680000,1088000,1224000
98=695000,695000,690000,1104000,1242000
99=705000,705000,700000,1120000,1260000
100=715000,715000,710000,1136000,1278000
101=725000,725000,720000,1152000,1296000
102=735000,735000,730000,1168000,1314000
103=745000,745000,740000,1184000,1332000
104=755000,755000,750000,1200000,1350000
105=765000,765000,760000,1216000,1368000
106=775000,775000,770000,1232000,1386000
107=785000,785000,780000,1248000,1404000
108=795000,795000,790000,1264000,1422000
109=805000,805000,800000,1280000,1440000
110=815000,815000,810000,1296000,1458000
111=825000,825000,820000,1312000,1476000
112=835000,835000,830000,1328000,1494000
113=845000,845000,840000,1344000,1512000
114=855000,855000,850000,1360000,1530000
115=865000,865000,860000,1376000,1548000
116=875000,875000,870000,1392000,1566000
117=885000,885000,880000,1408000,1584000
118=895000,895000,890000,1424000,1602000
119=905000,905000,900000,1440000,1620000
120=915000,915000,910000,1456000,1638000
[PotentialName]
1=<i18n=4293>
2=<i18n=5265>
3=<i18n=8507>
4=<i18n=7532>
[StarLevelExtSkillNum]
0=1
1=2
2=3
3=4
4=5
5=6
6=7
7=8
8=9
[PotentialLevel]
1=0
2=0.3
3=0.5
4=0.8
[DecomposeReturn]
1=1000,100,40
2=500,50,20
3=100,10,4
4=20,2,0
5=10,0,0
[Attribute]
1=nStrength
2=nDexterity
3=nVitality
4=nEnergy
[SkillLevelFightValue]
1=400
2=1000
3=1800
4=2800
5=4000
6=5400
7=7000
8=8800
9=10800
10=12800
11=14800
12=16800
13=18800
14=20800
15=22800
16=24800
17=26800
18=28800
[SkillLevelTimeFrame]
1=OpenLevel39
2=OpenLevel49
3=OpenLevel59
4=OpenLevel69
5=OpenLevel79
6=OpenLevel89
7=OpenLevel99
8=OpenLevel109
9=OpenLevel119
10=OpenLevel139
11=OpenLevel159
12=OpenLevel179
13=OpenLevel199
14=OpenLevel219
15=OpenLevel239
16=OpenLevel259
17=OpenLevel279
18=OpenLevel299
[SkillLevelQuality]
1=18
2=18
3=14
4=9
5=7
[StarUpLimitLevel]
1=17
2=17
3=17
4=8
5=8
[SkillLevelPartnerStar]
1=0
2=0
3=0
4=0
5=0
6=0
7=0
8=4
9=5
10=6
11=7
12=8
13=9
14=10
15=11
16=12
17=13
18=14
[JueXingSkillFightPower]
1=7200,15600,25200,37200,50400,66000,85200,104400,123600,142800,162000,181200,200400,219600,238800,258000
2=6000,13000,21000,31000,42000,55000,71000,87000,103000,119000,135000,151000,167000,183000,199000,215000
3=4200,9100,14700,21700,29400,38500,49700,60900,72100,83300,94500,105700,0,0,0,0
4=0,0,0,0,0,0,0,0,0,0,0,0,0,0,0,0
5=0,0,0,0,0,0,0,0,0,0,0,0,0,0,0,0
[JueXingSkillLevelLimit]
1=16
2=16
3=12
4=0
5=0
[JueXingSkillDunWuNeeded]
1=576,672,768,960,1056,1248,1536,1536,1536,1536,1536,1536,1536,1536,1536,1536
2=480,560,640,800,880,1040,1280,1280,1280,1280,1280,1280,1280,1280,1280,1280
3=336,392,448,560,616,728,896,896,896,896,896,896,0,0,0,0
4=0,0,0,0,0,0,0,0,0,0,0,0,0,0,0,0
5=0,0,0,0,0,0,0,0,0,0,0,0,0,0,0,0
[JueXingSkillJueXingItemNeeded]
1=44,51,58,72,80,94,116,116,116,116,116,116,116,116,116,116
2=36,42,48,60,66,78,96,96,96,96,96,96,96,96,96,96
3=26,30,34,42,46,56,68,68,68,68,68,68,0,0,0,0
4=0,0,0,0,0,0,0,0,0,0,0,0,0,0,0,0
5=0,0,0,0,0,0,0,0,0,0,0,0,0,0,0,0
[PartnerJueXingExpValue]
1=400
2=200
3=40
4=8
5=2
[SSSPartnerJueXingLevelLimit]
1=OpenLevel99
2=OpenLevel109
3=OpenLevel119
4=OpenLevel129
5=OpenLevel139
6=OpenLevel149
7=OpenLevel159
8=OpenLevel169
9=OpenLevel179
10=OpenLevel189
11=OpenLevel199
12=OpenLevel219
13=OpenLevel239
14=OpenLevel259
15=OpenLevel279
16=OpenLevel299
[SSPartnerJueXingLevelLimit]
1=OpenLevel99
2=OpenLevel109
3=OpenLevel119
4=OpenLevel129
5=OpenLevel139
6=OpenLevel149
7=OpenLevel159
8=OpenLevel169
9=OpenLevel179
10=OpenLevel189
11=OpenLevel199
12=OpenLevel219
13=OpenLevel239
14=OpenLevel259
15=OpenLevel279
16=OpenLevel299
[SPartnerJueXingLevelLimit]
1=OpenLevel99
2=OpenLevel109
3=OpenLevel119
4=OpenLevel129
5=OpenLevel149
6=OpenLevel169
7=OpenLevel189
8=OpenLevel209
9=OpenLevel229
10=OpenLevel249
11=OpenLevel269
12=OpenLevel289
