nLevel	nSSS	nSSS_Base	nSS	nSS_Base	nS	nS_Base	nA	nA_Base	nB	nB_Base
1	150000	3000	125000	3000	100000	3000	87500	3000	75000	3000
2	225000	3000	187500	3000	150000	3000	131250	3000	112500	3000
3	300000	3000	250000	3000	200000	3000	175000	3000	150000	3000
4	375000	3000	312500	3000	250000	3000	218750	3000	187500	3000
5	450000	3000	375000	3000	300000	3000	262500	3000	225000	3000
6	525000	3000	437500	3000	350000	3000	306250	3000	262500	3000
7	600000	3000	500000	3000	400000	3000	350000	3000	300000	3000
8	675000	3000	562500	3000	450000	3000	393750	3000	337500	3000
9	750000	3000	625000	3000	500000	3000	437500	3000	375000	3000
10	825000	3000	687500	3000	550000	3000	481250	3000	412500	3000
11	900000	3000	750000	3000	600000	3000	525000	3000	450000	3000
12	975000	3000	812500	3000	650000	3000	568750	3000	487500	3000
13	1050000	3000	875000	3000	700000	3000	612500	3000	525000	3000
14	1125000	3000	937500	3000	750000	3000	656250	3000	562500	3000
15	1200000	3000	1000000	3000	800000	3000	700000	3000	600000	3000
16	1275000	3000	1062500	3000	850000	3000	743750	3000	637500	3000
17	1350000	3000	1125000	3000	900000	3000	787500	3000	675000	3000
18	1425000	3000	1187500	3000	950000	3000	831250	3000	712500	3000
19	1500000	3000	1250000	3000	1000000	3000	875000	3000	750000	3000
20	1575000	3000	1312500	3000	1050000	3000	918750	3000	787500	3000
21	1650000	3000	1375000	3000	1100000	3000	962500	3000	825000	3000
22	1725000	3000	1437500	3000	1150000	3000	1006250	3000	862500	3000
23	1800000	3000	1500000	3000	1200000	3000	1050000	3000	900000	3000
24	1875000	3000	1562500	3000	1250000	3000	1093750	3000	937500	3000
25	1950000	3000	1625000	3000	1300000	3000	1137500	3000	975000	3000
26	2025000	3000	1687500	3000	1350000	3000	1181250	3000	1012500	3000
27	2100000	3000	1750000	3000	1400000	3000	1225000	3000	1050000	3000
28	2175000	3000	1812500	3000	1450000	3000	1268750	3000	1087500	3000
29	2250000	3000	1875000	3000	1500000	3000	1312500	3000	1125000	3000
30	4500000	3000	3750000	3000	3000000	3000	2625000	3000	2250000	3000
31	5100000	3000	4250000	3000	3400000	3000	2975000	3000	2550000	3000
32	5700000	3000	4750000	3000	3800000	3000	3325000	3000	2850000	3000
33	6300000	3000	5250000	3000	4200000	3000	3675000	3000	3150000	3000
34	6900000	3000	5750000	3000	4600000	3000	4025000	3000	3450000	3000
35	7500000	3000	6250000	3000	5000000	3000	4375000	3000	3750000	3000
36	8100000	3000	6750000	3000	5400000	3000	4725000	3000	4050000	3000
37	8700000	3000	7250000	3000	5800000	3000	5075000	3000	4350000	3000
38	9300000	3000	7750000	3000	6200000	3000	5425000	3000	4650000	3000
39	9900000	3000	8250000	3000	6600000	3000	5775000	3000	4950000	3000
40	14250000	5000	11875000	5000	9500000	5000	8312500	5000	7125000	5000
41	16500000	5000	13750000	5000	11000000	5000	9625000	5000	8250000	5000
42	18750000	5000	15625000	5000	12500000	5000	10937500	5000	9375000	5000
43	21000000	5000	17500000	5000	14000000	5000	12250000	5000	10500000	5000
44	23250000	5000	19375000	5000	15500000	5000	13562500	5000	11625000	5000
45	25500000	5000	21250000	5000	17000000	5000	14875000	5000	12750000	5000
46	27750000	5000	23125000	5000	18500000	5000	16187500	5000	13875000	5000
47	30000000	5000	25000000	5000	20000000	5000	17500000	5000	15000000	5000
48	32250000	5000	26875000	5000	21500000	5000	18812500	5000	16125000	5000
49	34500000	5000	28750000	5000	23000000	5000	20125000	5000	17250000	5000
50	41250000	7000	34375000	7000	27500000	7000	24062500	7000	20625000	7000
51	45000000	7000	37500000	7000	30000000	7000	26250000	7000	22500000	7000
52	48750000	7000	40625000	7000	32500000	7000	28437500	7000	24375000	7000
53	52500000	7000	43750000	7000	35000000	7000	30625000	7000	26250000	7000
54	56250000	7000	46875000	7000	37500000	7000	32812500	7000	28125000	7000
55	60000000	7000	50000000	7000	40000000	7000	35000000	7000	30000000	7000
56	63750000	7000	53125000	7000	42500000	7000	37187500	7000	31875000	7000
57	67500000	7000	56250000	7000	45000000	7000	39375000	7000	33750000	7000
58	71250000	7000	59375000	7000	47500000	7000	41562500	7000	35625000	7000
59	75000000	7000	62500000	7000	50000000	7000	43750000	7000	37500000	7000
60	105000000	11000	87500000	11000	70000000	11000	61250000	11000	52500000	11000
61	112500000	11000	93750000	11000	75000000	11000	65625000	11000	56250000	11000
62	120000000	11000	100000000	11000	80000000	11000	70000000	11000	60000000	11000
63	127500000	11000	106250000	11000	85000000	11000	74375000	11000	63750000	11000
64	135000000	11000	112500000	11000	90000000	11000	78750000	11000	67500000	11000
65	142500000	11000	118750000	11000	95000000	11000	83125000	11000	71250000	11000
66	150000000	11000	125000000	11000	100000000	11000	87500000	11000	75000000	11000
67	157500000	11000	131250000	11000	105000000	11000	91875000	11000	78750000	11000
68	165000000	11000	137500000	11000	110000000	11000	96250000	11000	82500000	11000
69	172500000	11000	143750000	11000	115000000	11000	100625000	11000	86250000	11000
70	181500000	11000	151250000	11000	121000000	11000	105875000	11000	90750000	11000
71	190500000	11000	158750000	11000	127000000	11000	111125000	11000	95250000	11000
72	199500000	11000	166250000	11000	133000000	11000	116375000	11000	99750000	11000
73	208500000	11000	173750000	11000	139000000	11000	121625000	11000	104250000	11000
74	217500000	11000	181250000	11000	145000000	11000	126875000	11000	108750000	11000
75	226500000	11000	188750000	11000	151000000	11000	132125000	11000	113250000	11000
76	235500000	11000	196250000	11000	157000000	11000	137375000	11000	117750000	11000
77	244500000	11000	203750000	11000	163000000	11000	142625000	11000	122250000	11000
78	253500000	11000	211250000	11000	169000000	11000	147875000	11000	126750000	11000
79	262500000	11000	218750000	11000	175000000	11000	153125000	11000	131250000	11000
80	274500000	13000	228750000	13000	183000000	13000	160125000	13000	137250000	13000
81	286500000	13000	238750000	13000	191000000	13000	167125000	13000	143250000	13000
82	298500000	13000	248750000	13000	199000000	13000	174125000	13000	149250000	13000
83	310500000	13000	258750000	13000	207000000	13000	181125000	13000	155250000	13000
84	322500000	13000	268750000	13000	215000000	13000	188125000	13000	161250000	13000
85	334500000	13000	278750000	13000	223000000	13000	195125000	13000	167250000	13000
86	346500000	13000	288750000	13000	231000000	13000	202125000	13000	173250000	13000
87	358500000	13000	298750000	13000	239000000	13000	209125000	13000	179250000	13000
88	370500000	13000	308750000	13000	247000000	13000	216125000	13000	185250000	13000
89	382500000	13000	318750000	13000	255000000	13000	223125000	13000	191250000	13000
90	397500000	14000	331250000	14000	265000000	14000	231875000	14000	198750000	14000
91	412500000	14000	343750000	14000	275000000	14000	240625000	14000	206250000	14000
92	427500000	14000	356250000	14000	285000000	14000	249375000	14000	213750000	14000
93	442500000	14000	368750000	14000	295000000	14000	258125000	14000	221250000	14000
94	457500000	14000	381250000	14000	305000000	14000	266875000	14000	228750000	14000
95	472500000	14000	393750000	14000	315000000	14000	275625000	14000	236250000	14000
96	487500000	14000	406250000	14000	325000000	14000	284375000	14000	243750000	14000
97	502500000	14000	418750000	14000	335000000	14000	293125000	14000	251250000	14000
98	517500000	14000	431250000	14000	345000000	14000	301875000	14000	258750000	14000
99	532500000	14000	443750000	14000	355000000	14000	310625000	14000	266250000	14000
100	555000000	15000	462500000	15000	370000000	15000	323750000	15000	277500000	15000
101	570000000	15000	475000000	15000	380000000	15000	332500000	15000	285000000	15000
102	585000000	15000	487500000	15000	390000000	15000	341250000	15000	292500000	15000
103	600000000	15000	500000000	15000	400000000	15000	350000000	15000	300000000	15000
104	615000000	15000	512500000	15000	410000000	15000	358750000	15000	307500000	15000
105	630000000	15000	525000000	15000	420000000	15000	367500000	15000	315000000	15000
106	645000000	15000	537500000	15000	430000000	15000	376250000	15000	322500000	15000
107	660000000	15000	550000000	15000	440000000	15000	385000000	15000	330000000	15000
108	675000000	15000	562500000	15000	450000000	15000	393750000	15000	337500000	15000
109	690000000	15000	575000000	15000	460000000	15000	402500000	15000	345000000	15000
110	705000000	18000	587500000	18000	470000000	18000	411250000	18000	352500000	18000
111	720000000	18000	600000000	18000	480000000	18000	420000000	18000	360000000	18000
112	735000000	18000	612500000	18000	490000000	18000	428750000	18000	367500000	18000
113	750000000	18000	625000000	18000	500000000	18000	437500000	18000	375000000	18000
114	765000000	18000	637500000	18000	510000000	18000	446250000	18000	382500000	18000
115	780000000	18000	650000000	18000	520000000	18000	455000000	18000	390000000	18000
116	795000000	18000	662500000	18000	530000000	18000	463750000	18000	397500000	18000
117	810000000	18000	675000000	18000	540000000	18000	472500000	18000	405000000	18000
118	825000000	18000	687500000	18000	550000000	18000	481250000	18000	412500000	18000
119	840000000	18000	700000000	18000	560000000	18000	490000000	18000	420000000	18000
120	855000000	22000	712500000	22000	570000000	22000	498750000	22000	427500000	22000
121	870000000	22000	725000000	22000	580000000	22000	507500000	22000	435000000	22000
122	885000000	22000	737500000	22000	590000000	22000	516250000	22000	442500000	22000
123	900000000	22000	750000000	22000	600000000	22000	525000000	22000	450000000	22000
124	915000000	22000	762500000	22000	610000000	22000	533750000	22000	457500000	22000
125	930000000	22000	775000000	22000	620000000	22000	542500000	22000	465000000	22000
126	945000000	22000	787500000	22000	630000000	22000	551250000	22000	472500000	22000
127	960000000	22000	800000000	22000	640000000	22000	560000000	22000	480000000	22000
128	975000000	22000	812500000	22000	650000000	22000	568750000	22000	487500000	22000
129	990000000	22000	825000000	22000	660000000	22000	577500000	22000	495000000	22000
130	990000000	24000	825000000	24000	660000000	24000	577500000	24000	495000000	24000
131	990000000	24000	825000000	24000	660000000	24000	577500000	24000	495000000	24000
132	990000000	24000	825000000	24000	660000000	24000	577500000	24000	495000000	24000
133	990000000	24000	825000000	24000	660000000	24000	577500000	24000	495000000	24000
134	990000000	24000	825000000	24000	660000000	24000	577500000	24000	495000000	24000
135	990000000	24000	825000000	24000	660000000	24000	577500000	24000	495000000	24000
136	990000000	24000	825000000	24000	660000000	24000	577500000	24000	495000000	24000
137	990000000	24000	825000000	24000	660000000	24000	577500000	24000	495000000	24000
138	990000000	24000	825000000	24000	660000000	24000	577500000	24000	495000000	24000
139	990000000	24000	825000000	24000	660000000	24000	577500000	24000	495000000	24000
140	990000000	24000	825000000	24000	660000000	24000	577500000	24000	495000000	24000
141	990000000	24000	825000000	24000	660000000	24000	577500000	24000	495000000	24000
142	990000000	24000	825000000	24000	660000000	24000	577500000	24000	495000000	24000
143	990000000	24000	825000000	24000	660000000	24000	577500000	24000	495000000	24000
144	990000000	24000	825000000	24000	660000000	24000	577500000	24000	495000000	24000
145	990000000	24000	825000000	24000	660000000	24000	577500000	24000	495000000	24000
146	990000000	24000	825000000	24000	660000000	24000	577500000	24000	495000000	24000
147	990000000	24000	825000000	24000	660000000	24000	577500000	24000	495000000	24000
148	990000000	24000	825000000	24000	660000000	24000	577500000	24000	495000000	24000
149	990000000	24000	825000000	24000	660000000	24000	577500000	24000	495000000	24000
150	990000000	24000	825000000	24000	660000000	24000	577500000	24000	495000000	24000
151	990000000	24000	825000000	24000	660000000	24000	577500000	24000	495000000	24000
152	990000000	24000	825000000	24000	660000000	24000	577500000	24000	495000000	24000
153	990000000	24000	825000000	24000	660000000	24000	577500000	24000	495000000	24000
154	990000000	24000	825000000	24000	660000000	24000	577500000	24000	495000000	24000
155	990000000	24000	825000000	24000	660000000	24000	577500000	24000	495000000	24000
156	990000000	24000	825000000	24000	660000000	24000	577500000	24000	495000000	24000
157	990000000	24000	825000000	24000	660000000	24000	577500000	24000	495000000	24000
158	990000000	24000	825000000	24000	660000000	24000	577500000	24000	495000000	24000
159	990000000	24000	825000000	24000	660000000	24000	577500000	24000	495000000	24000
160	990000000	24000	825000000	24000	660000000	24000	577500000	24000	495000000	24000
161	990000000	24000	825000000	24000	660000000	24000	577500000	24000	495000000	24000
162	990000000	24000	825000000	24000	660000000	24000	577500000	24000	495000000	24000
163	990000000	24000	825000000	24000	660000000	24000	577500000	24000	495000000	24000
164	990000000	24000	825000000	24000	660000000	24000	577500000	24000	495000000	24000
165	990000000	24000	825000000	24000	660000000	24000	577500000	24000	495000000	24000
166	990000000	24000	825000000	24000	660000000	24000	577500000	24000	495000000	24000
167	990000000	24000	825000000	24000	660000000	24000	577500000	24000	495000000	24000
168	990000000	24000	825000000	24000	660000000	24000	577500000	24000	495000000	24000
169	990000000	24000	825000000	24000	660000000	24000	577500000	24000	495000000	24000
170	990000000	24000	825000000	24000	660000000	24000	577500000	24000	495000000	24000
171	990000000	24000	825000000	24000	660000000	24000	577500000	24000	495000000	24000
172	990000000	24000	825000000	24000	660000000	24000	577500000	24000	495000000	24000
173	990000000	24000	825000000	24000	660000000	24000	577500000	24000	495000000	24000
174	990000000	24000	825000000	24000	660000000	24000	577500000	24000	495000000	24000
175	990000000	24000	825000000	24000	660000000	24000	577500000	24000	495000000	24000
176	990000000	24000	825000000	24000	660000000	24000	577500000	24000	495000000	24000
177	990000000	24000	825000000	24000	660000000	24000	577500000	24000	495000000	24000
178	990000000	24000	825000000	24000	660000000	24000	577500000	24000	495000000	24000
179	990000000	24000	825000000	24000	660000000	24000	577500000	24000	495000000	24000
180	990000000	24000	825000000	24000	660000000	24000	577500000	24000	495000000	24000
181	990000000	24000	825000000	24000	660000000	24000	577500000	24000	495000000	24000
182	990000000	24000	825000000	24000	660000000	24000	577500000	24000	495000000	24000
183	990000000	24000	825000000	24000	660000000	24000	577500000	24000	495000000	24000
184	990000000	24000	825000000	24000	660000000	24000	577500000	24000	495000000	24000
185	990000000	24000	825000000	24000	660000000	24000	577500000	24000	495000000	24000
186	990000000	24000	825000000	24000	660000000	24000	577500000	24000	495000000	24000
187	990000000	24000	825000000	24000	660000000	24000	577500000	24000	495000000	24000
188	990000000	24000	825000000	24000	660000000	24000	577500000	24000	495000000	24000
189	990000000	24000	825000000	24000	660000000	24000	577500000	24000	495000000	24000
190	990000000	24000	825000000	24000	660000000	24000	577500000	24000	495000000	24000
191	990000000	24000	825000000	24000	660000000	24000	577500000	24000	495000000	24000
192	990000000	24000	825000000	24000	660000000	24000	577500000	24000	495000000	24000
193	990000000	24000	825000000	24000	660000000	24000	577500000	24000	495000000	24000
194	990000000	24000	825000000	24000	660000000	24000	577500000	24000	495000000	24000
195	990000000	24000	825000000	24000	660000000	24000	577500000	24000	495000000	24000
196	990000000	24000	825000000	24000	660000000	24000	577500000	24000	495000000	24000
197	990000000	24000	825000000	24000	660000000	24000	577500000	24000	495000000	24000
198	990000000	24000	825000000	24000	660000000	24000	577500000	24000	495000000	24000
199	990000000	24000	825000000	24000	660000000	24000	577500000	24000	495000000	24000
200	990000000	24000	825000000	24000	660000000	24000	577500000	24000	495000000	24000
201	990000000	24000	825000000	24000	660000000	24000	577500000	24000	495000000	24000
202	990000000	24000	825000000	24000	660000000	24000	577500000	24000	495000000	24000
203	990000000	24000	825000000	24000	660000000	24000	577500000	24000	495000000	24000
204	990000000	24000	825000000	24000	660000000	24000	577500000	24000	495000000	24000
205	990000000	24000	825000000	24000	660000000	24000	577500000	24000	495000000	24000
206	990000000	24000	825000000	24000	660000000	24000	577500000	24000	495000000	24000
207	990000000	24000	825000000	24000	660000000	24000	577500000	24000	495000000	24000
208	990000000	24000	825000000	24000	660000000	24000	577500000	24000	495000000	24000
209	990000000	24000	825000000	24000	660000000	24000	577500000	24000	495000000	24000
210	990000000	24000	825000000	24000	660000000	24000	577500000	24000	495000000	24000
211	990000000	24000	825000000	24000	660000000	24000	577500000	24000	495000000	24000
212	990000000	24000	825000000	24000	660000000	24000	577500000	24000	495000000	24000
213	990000000	24000	825000000	24000	660000000	24000	577500000	24000	495000000	24000
214	990000000	24000	825000000	24000	660000000	24000	577500000	24000	495000000	24000
215	990000000	24000	825000000	24000	660000000	24000	577500000	24000	495000000	24000
216	990000000	24000	825000000	24000	660000000	24000	577500000	24000	495000000	24000
217	990000000	24000	825000000	24000	660000000	24000	577500000	24000	495000000	24000
218	990000000	24000	825000000	24000	660000000	24000	577500000	24000	495000000	24000
219	990000000	24000	825000000	24000	660000000	24000	577500000	24000	495000000	24000
220	990000000	24000	825000000	24000	660000000	24000	577500000	24000	495000000	24000
221	990000000	24000	825000000	24000	660000000	24000	577500000	24000	495000000	24000
222	990000000	24000	825000000	24000	660000000	24000	577500000	24000	495000000	24000
223	990000000	24000	825000000	24000	660000000	24000	577500000	24000	495000000	24000
224	990000000	24000	825000000	24000	660000000	24000	577500000	24000	495000000	24000
225	990000000	24000	825000000	24000	660000000	24000	577500000	24000	495000000	24000
226	990000000	24000	825000000	24000	660000000	24000	577500000	24000	495000000	24000
227	990000000	24000	825000000	24000	660000000	24000	577500000	24000	495000000	24000
228	990000000	24000	825000000	24000	660000000	24000	577500000	24000	495000000	24000
229	990000000	24000	825000000	24000	660000000	24000	577500000	24000	495000000	24000
230	990000000	24000	825000000	24000	660000000	24000	577500000	24000	495000000	24000
231	990000000	24000	825000000	24000	660000000	24000	577500000	24000	495000000	24000
232	990000000	24000	825000000	24000	660000000	24000	577500000	24000	495000000	24000
233	990000000	24000	825000000	24000	660000000	24000	577500000	24000	495000000	24000
234	990000000	24000	825000000	24000	660000000	24000	577500000	24000	495000000	24000
235	990000000	24000	825000000	24000	660000000	24000	577500000	24000	495000000	24000
236	990000000	24000	825000000	24000	660000000	24000	577500000	24000	495000000	24000
237	990000000	24000	825000000	24000	660000000	24000	577500000	24000	495000000	24000
238	990000000	24000	825000000	24000	660000000	24000	577500000	24000	495000000	24000
239	990000000	24000	825000000	24000	660000000	24000	577500000	24000	495000000	24000
240	990000000	24000	825000000	24000	660000000	24000	577500000	24000	495000000	24000
241	990000000	24000	825000000	24000	660000000	24000	577500000	24000	495000000	24000
242	990000000	24000	825000000	24000	660000000	24000	577500000	24000	495000000	24000
243	990000000	24000	825000000	24000	660000000	24000	577500000	24000	495000000	24000
244	990000000	24000	825000000	24000	660000000	24000	577500000	24000	495000000	24000
245	990000000	24000	825000000	24000	660000000	24000	577500000	24000	495000000	24000
246	990000000	24000	825000000	24000	660000000	24000	577500000	24000	495000000	24000
247	990000000	24000	825000000	24000	660000000	24000	577500000	24000	495000000	24000
248	990000000	24000	825000000	24000	660000000	24000	577500000	24000	495000000	24000
249	990000000	24000	825000000	24000	660000000	24000	577500000	24000	495000000	24000
250	990000000	24000	825000000	24000	660000000	24000	577500000	24000	495000000	24000
251	990000000	24000	825000000	24000	660000000	24000	577500000	24000	495000000	24000
252	990000000	24000	825000000	24000	660000000	24000	577500000	24000	495000000	24000
253	990000000	24000	825000000	24000	660000000	24000	577500000	24000	495000000	24000
254	990000000	24000	825000000	24000	660000000	24000	577500000	24000	495000000	24000
255	990000000	24000	825000000	24000	660000000	24000	577500000	24000	495000000	24000
256	990000000	24000	825000000	24000	660000000	24000	577500000	24000	495000000	24000
257	990000000	24000	825000000	24000	660000000	24000	577500000	24000	495000000	24000
258	990000000	24000	825000000	24000	660000000	24000	577500000	24000	495000000	24000
259	990000000	24000	825000000	24000	660000000	24000	577500000	24000	495000000	24000
260	990000000	24000	825000000	24000	660000000	24000	577500000	24000	495000000	24000
261	990000000	24000	825000000	24000	660000000	24000	577500000	24000	495000000	24000
262	990000000	24000	825000000	24000	660000000	24000	577500000	24000	495000000	24000
263	990000000	24000	825000000	24000	660000000	24000	577500000	24000	495000000	24000
264	990000000	24000	825000000	24000	660000000	24000	577500000	24000	495000000	24000
265	990000000	24000	825000000	24000	660000000	24000	577500000	24000	495000000	24000
266	990000000	24000	825000000	24000	660000000	24000	577500000	24000	495000000	24000
267	990000000	24000	825000000	24000	660000000	24000	577500000	24000	495000000	24000
268	990000000	24000	825000000	24000	660000000	24000	577500000	24000	495000000	24000
269	990000000	24000	825000000	24000	660000000	24000	577500000	24000	495000000	24000
270	990000000	24000	825000000	24000	660000000	24000	577500000	24000	495000000	24000
271	990000000	24000	825000000	24000	660000000	24000	577500000	24000	495000000	24000
272	990000000	24000	825000000	24000	660000000	24000	577500000	24000	495000000	24000
273	990000000	24000	825000000	24000	660000000	24000	577500000	24000	495000000	24000
274	990000000	24000	825000000	24000	660000000	24000	577500000	24000	495000000	24000
275	990000000	24000	825000000	24000	660000000	24000	577500000	24000	495000000	24000
276	990000000	24000	825000000	24000	660000000	24000	577500000	24000	495000000	24000
277	990000000	24000	825000000	24000	660000000	24000	577500000	24000	495000000	24000
278	990000000	24000	825000000	24000	660000000	24000	577500000	24000	495000000	24000
279	990000000	24000	825000000	24000	660000000	24000	577500000	24000	495000000	24000
280	990000000	24000	825000000	24000	660000000	24000	577500000	24000	495000000	24000
281	990000000	24000	825000000	24000	660000000	24000	577500000	24000	495000000	24000
282	990000000	24000	825000000	24000	660000000	24000	577500000	24000	495000000	24000
283	990000000	24000	825000000	24000	660000000	24000	577500000	24000	495000000	24000
284	990000000	24000	825000000	24000	660000000	24000	577500000	24000	495000000	24000
285	990000000	24000	825000000	24000	660000000	24000	577500000	24000	495000000	24000
286	990000000	24000	825000000	24000	660000000	24000	577500000	24000	495000000	24000
287	990000000	24000	825000000	24000	660000000	24000	577500000	24000	495000000	24000
288	990000000	24000	825000000	24000	660000000	24000	577500000	24000	495000000	24000
289	990000000	24000	825000000	24000	660000000	24000	577500000	24000	495000000	24000
290	990000000	24000	825000000	24000	660000000	24000	577500000	24000	495000000	24000
291	990000000	24000	825000000	24000	660000000	24000	577500000	24000	495000000	24000
292	990000000	24000	825000000	24000	660000000	24000	577500000	24000	495000000	24000
293	990000000	24000	825000000	24000	660000000	24000	577500000	24000	495000000	24000
294	990000000	24000	825000000	24000	660000000	24000	577500000	24000	495000000	24000
295	990000000	24000	825000000	24000	660000000	24000	577500000	24000	495000000	24000
296	990000000	24000	825000000	24000	660000000	24000	577500000	24000	495000000	24000
297	990000000	24000	825000000	24000	660000000	24000	577500000	24000	495000000	24000
298	990000000	24000	825000000	24000	660000000	24000	577500000	24000	495000000	24000
299	990000000	24000	825000000	24000	660000000	24000	577500000	24000	495000000	24000
300	990000000	24000	825000000	24000	660000000	24000	577500000	24000	495000000	24000
301	990000000	24000	825000000	24000	660000000	24000	577500000	24000	495000000	24000
302	990000000	24000	825000000	24000	660000000	24000	577500000	24000	495000000	24000
303	990000000	24000	825000000	24000	660000000	24000	577500000	24000	495000000	24000
304	990000000	24000	825000000	24000	660000000	24000	577500000	24000	495000000	24000
305	990000000	24000	825000000	24000	660000000	24000	577500000	24000	495000000	24000
306	990000000	24000	825000000	24000	660000000	24000	577500000	24000	495000000	24000
307	990000000	24000	825000000	24000	660000000	24000	577500000	24000	495000000	24000
308	990000000	24000	825000000	24000	660000000	24000	577500000	24000	495000000	24000
309	990000000	24000	825000000	24000	660000000	24000	577500000	24000	495000000	24000
310	990000000	24000	825000000	24000	660000000	24000	577500000	24000	495000000	24000
311	990000000	24000	825000000	24000	660000000	24000	577500000	24000	495000000	24000
312	990000000	24000	825000000	24000	660000000	24000	577500000	24000	495000000	24000
313	990000000	24000	825000000	24000	660000000	24000	577500000	24000	495000000	24000
314	990000000	24000	825000000	24000	660000000	24000	577500000	24000	495000000	24000
315	990000000	24000	825000000	24000	660000000	24000	577500000	24000	495000000	24000
316	990000000	24000	825000000	24000	660000000	24000	577500000	24000	495000000	24000
317	990000000	24000	825000000	24000	660000000	24000	577500000	24000	495000000	24000
318	990000000	24000	825000000	24000	660000000	24000	577500000	24000	495000000	24000
319	990000000	24000	825000000	24000	660000000	24000	577500000	24000	495000000	24000
320	990000000	24000	825000000	24000	660000000	24000	577500000	24000	495000000	24000
321	990000000	24000	825000000	24000	660000000	24000	577500000	24000	495000000	24000
322	990000000	24000	825000000	24000	660000000	24000	577500000	24000	495000000	24000
323	990000000	24000	825000000	24000	660000000	24000	577500000	24000	495000000	24000
324	990000000	24000	825000000	24000	660000000	24000	577500000	24000	495000000	24000
325	990000000	24000	825000000	24000	660000000	24000	577500000	24000	495000000	24000
326	990000000	24000	825000000	24000	660000000	24000	577500000	24000	495000000	24000
327	990000000	24000	825000000	24000	660000000	24000	577500000	24000	495000000	24000
328	990000000	24000	825000000	24000	660000000	24000	577500000	24000	495000000	24000
329	990000000	24000	825000000	24000	660000000	24000	577500000	24000	495000000	24000
330	990000000	24000	825000000	24000	660000000	24000	577500000	24000	495000000	24000
331	990000000	24000	825000000	24000	660000000	24000	577500000	24000	495000000	24000
332	990000000	24000	825000000	24000	660000000	24000	577500000	24000	495000000	24000
333	990000000	24000	825000000	24000	660000000	24000	577500000	24000	495000000	24000
334	990000000	24000	825000000	24000	660000000	24000	577500000	24000	495000000	24000
335	990000000	24000	825000000	24000	660000000	24000	577500000	24000	495000000	24000
336	990000000	24000	825000000	24000	660000000	24000	577500000	24000	495000000	24000
337	990000000	24000	825000000	24000	660000000	24000	577500000	24000	495000000	24000
338	990000000	24000	825000000	24000	660000000	24000	577500000	24000	495000000	24000
339	990000000	24000	825000000	24000	660000000	24000	577500000	24000	495000000	24000
340	990000000	24000	825000000	24000	660000000	24000	577500000	24000	495000000	24000
341	990000000	24000	825000000	24000	660000000	24000	577500000	24000	495000000	24000
342	990000000	24000	825000000	24000	660000000	24000	577500000	24000	495000000	24000
343	990000000	24000	825000000	24000	660000000	24000	577500000	24000	495000000	24000
344	990000000	24000	825000000	24000	660000000	24000	577500000	24000	495000000	24000
345	990000000	24000	825000000	24000	660000000	24000	577500000	24000	495000000	24000
346	990000000	24000	825000000	24000	660000000	24000	577500000	24000	495000000	24000
347	990000000	24000	825000000	24000	660000000	24000	577500000	24000	495000000	24000
348	990000000	24000	825000000	24000	660000000	24000	577500000	24000	495000000	24000
349	990000000	24000	825000000	24000	660000000	24000	577500000	24000	495000000	24000
350	990000000	24000	825000000	24000	660000000	24000	577500000	24000	495000000	24000
351	990000000	24000	825000000	24000	660000000	24000	577500000	24000	495000000	24000
352	990000000	24000	825000000	24000	660000000	24000	577500000	24000	495000000	24000
353	990000000	24000	825000000	24000	660000000	24000	577500000	24000	495000000	24000
354	990000000	24000	825000000	24000	660000000	24000	577500000	24000	495000000	24000
355	990000000	24000	825000000	24000	660000000	24000	577500000	24000	495000000	24000
356	990000000	24000	825000000	24000	660000000	24000	577500000	24000	495000000	24000
357	990000000	24000	825000000	24000	660000000	24000	577500000	24000	495000000	24000
358	990000000	24000	825000000	24000	660000000	24000	577500000	24000	495000000	24000
359	990000000	24000	825000000	24000	660000000	24000	577500000	24000	495000000	24000
360	990000000	24000	825000000	24000	660000000	24000	577500000	24000	495000000	24000
361	990000000	24000	825000000	24000	660000000	24000	577500000	24000	495000000	24000
362	990000000	24000	825000000	24000	660000000	24000	577500000	24000	495000000	24000
363	990000000	24000	825000000	24000	660000000	24000	577500000	24000	495000000	24000
364	990000000	24000	825000000	24000	660000000	24000	577500000	24000	495000000	24000
365	990000000	24000	825000000	24000	660000000	24000	577500000	24000	495000000	24000
366	990000000	24000	825000000	24000	660000000	24000	577500000	24000	495000000	24000
367	990000000	24000	825000000	24000	660000000	24000	577500000	24000	495000000	24000
368	990000000	24000	825000000	24000	660000000	24000	577500000	24000	495000000	24000
369	990000000	24000	825000000	24000	660000000	24000	577500000	24000	495000000	24000
370	990000000	24000	825000000	24000	660000000	24000	577500000	24000	495000000	24000
371	990000000	24000	825000000	24000	660000000	24000	577500000	24000	495000000	24000
372	990000000	24000	825000000	24000	660000000	24000	577500000	24000	495000000	24000
373	990000000	24000	825000000	24000	660000000	24000	577500000	24000	495000000	24000
374	990000000	24000	825000000	24000	660000000	24000	577500000	24000	495000000	24000
375	990000000	24000	825000000	24000	660000000	24000	577500000	24000	495000000	24000
376	990000000	24000	825000000	24000	660000000	24000	577500000	24000	495000000	24000
377	990000000	24000	825000000	24000	660000000	24000	577500000	24000	495000000	24000
378	990000000	24000	825000000	24000	660000000	24000	577500000	24000	495000000	24000
379	990000000	24000	825000000	24000	660000000	24000	577500000	24000	495000000	24000
380	990000000	24000	825000000	24000	660000000	24000	577500000	24000	495000000	24000
381	990000000	24000	825000000	24000	660000000	24000	577500000	24000	495000000	24000
382	990000000	24000	825000000	24000	660000000	24000	577500000	24000	495000000	24000
383	990000000	24000	825000000	24000	660000000	24000	577500000	24000	495000000	24000
384	990000000	24000	825000000	24000	660000000	24000	577500000	24000	495000000	24000
385	990000000	24000	825000000	24000	660000000	24000	577500000	24000	495000000	24000
386	990000000	24000	825000000	24000	660000000	24000	577500000	24000	495000000	24000
387	990000000	24000	825000000	24000	660000000	24000	577500000	24000	495000000	24000
388	990000000	24000	825000000	24000	660000000	24000	577500000	24000	495000000	24000
389	990000000	24000	825000000	24000	660000000	24000	577500000	24000	495000000	24000
390	990000000	24000	825000000	24000	660000000	24000	577500000	24000	495000000	24000
391	990000000	24000	825000000	24000	660000000	24000	577500000	24000	495000000	24000
392	990000000	24000	825000000	24000	660000000	24000	577500000	24000	495000000	24000
393	990000000	24000	825000000	24000	660000000	24000	577500000	24000	495000000	24000
394	990000000	24000	825000000	24000	660000000	24000	577500000	24000	495000000	24000
395	990000000	24000	825000000	24000	660000000	24000	577500000	24000	495000000	24000
396	990000000	24000	825000000	24000	660000000	24000	577500000	24000	495000000	24000
397	990000000	24000	825000000	24000	660000000	24000	577500000	24000	495000000	24000
398	990000000	24000	825000000	24000	660000000	24000	577500000	24000	495000000	24000
399	990000000	24000	825000000	24000	660000000	24000	577500000	24000	495000000	24000
