nGroupId	nAttrId	nWeight	nAttrValueMin1	nAttrValueMax1	nAttrValueMin2	nAttrValueMax2	nAttrValueMin3	nAttrValueMax3
1	1	20000	45	54	0	0	45	54
1	2	20000	45	54	0	0	0	0
1	3	20000	45	54	0	0	0	0
1	4	20000	45	54	0	0	0	0
1	5	20000	45	54	0	0	0	0
1	6	20000	45	54	9	9	0	0
1	7	30000	45	54	9	9	0	0
1	8	20000	45	54	0	0	0	0
1	9	30000	224	268	0	0	0	0
1	10	30000	224	268	0	0	0	0
1	11	30000	224	268	0	0	0	0
1	12	30000	224	268	0	0	0	0
1	13	30000	224	268	0	0	0	0
1	14	20000	100	100	45	54	0	0
1	15	30000	45	54	0	0	0	0
1	16	20000	45	54	0	0	0	0
1	17	20000	45	54	0	0	0	0
1	18	30000	895	1070	0	0	0	0
1	19	30000	895	1070	0	0	0	0
1	20	20000	45	54	0	0	0	0
1	21	20000	45	54	0	0	0	0
1	22	20000	45	54	0	0	0	0
1	23	20000	45	54	0	0	0	0
1	24	30000	90	107	0	0	0	0
1	25	30000	90	107	0	0	0	0
1	26	30000	179	214	0	0	0	0
1	27	30000	179	214	0	0	0	0
1	28	30000	179	214	0	0	0	0
1	29	30000	179	214	0	0	0	0
1	30	30000	100	100	45	54	0	0
1	31	30000	100	100	45	54	0	0
1	32	30000	100	100	45	54	0	0
1	33	30000	100	100	45	54	0	0
1	34	30000	100	100	45	54	0	0
1	35	30000	45	54	0	0	0	0
1	36	30000	45	54	0	0	0	0
1	37	30000	90	107	0	0	0	0
1	38	30000	90	107	0	0	0	0
2	1	20000	63	75	0	0	63	75
2	2	20000	63	75	0	0	0	0
2	3	20000	63	75	0	0	0	0
2	4	20000	63	75	0	0	0	0
2	5	20000	63	75	0	0	0	0
2	6	20000	63	75	9	9	0	0
2	7	30000	63	75	9	9	0	0
2	8	20000	63	75	0	0	0	0
2	9	30000	311	372	0	0	0	0
2	10	30000	311	372	0	0	0	0
2	11	30000	311	372	0	0	0	0
2	12	30000	311	372	0	0	0	0
2	13	30000	311	372	0	0	0	0
2	14	20000	100	100	63	75	0	0
2	15	30000	63	75	0	0	0	0
2	16	20000	63	75	0	0	0	0
2	17	20000	63	75	0	0	0	0
2	18	30000	1242	1485	0	0	0	0
2	19	30000	1242	1485	0	0	0	0
2	20	20000	63	75	0	0	0	0
2	21	20000	63	75	0	0	0	0
2	22	20000	63	75	0	0	0	0
2	23	20000	63	75	0	0	0	0
2	24	30000	125	149	0	0	0	0
2	25	30000	125	149	0	0	0	0
2	26	30000	249	297	0	0	0	0
2	27	30000	249	297	0	0	0	0
2	28	30000	249	297	0	0	0	0
2	29	30000	249	297	0	0	0	0
2	30	30000	100	100	63	75	0	0
2	31	30000	100	100	63	75	0	0
2	32	30000	100	100	63	75	0	0
2	33	30000	100	100	63	75	0	0
2	34	30000	100	100	63	75	0	0
2	35	30000	63	75	0	0	0	0
2	36	30000	63	75	0	0	0	0
2	37	30000	125	149	0	0	0	0
2	38	30000	125	149	0	0	0	0
3	1	20000	75	90	0	0	75	90
3	2	20000	75	90	0	0	0	0
3	3	20000	75	90	0	0	0	0
3	4	20000	75	90	0	0	0	0
3	5	20000	75	90	0	0	0	0
3	6	20000	75	90	9	9	0	0
3	7	30000	75	90	9	9	0	0
3	8	20000	75	90	0	0	0	0
3	9	30000	373	446	0	0	0	0
3	10	30000	373	446	0	0	0	0
3	11	30000	373	446	0	0	0	0
3	12	30000	373	446	0	0	0	0
3	13	30000	373	446	0	0	0	0
3	14	20000	100	100	75	90	0	0
3	15	30000	75	90	0	0	0	0
3	16	20000	75	90	0	0	0	0
3	17	20000	75	90	0	0	0	0
3	18	30000	1491	1782	0	0	0	0
3	19	30000	1491	1782	0	0	0	0
3	20	20000	75	90	0	0	0	0
3	21	20000	75	90	0	0	0	0
3	22	20000	75	90	0	0	0	0
3	23	20000	75	90	0	0	0	0
3	24	30000	150	179	0	0	0	0
3	25	30000	150	179	0	0	0	0
3	26	30000	299	357	0	0	0	0
3	27	30000	299	357	0	0	0	0
3	28	30000	299	357	0	0	0	0
3	29	30000	299	357	0	0	0	0
3	30	30000	100	100	75	90	0	0
3	31	30000	100	100	75	90	0	0
3	32	30000	100	100	75	90	0	0
3	33	30000	100	100	75	90	0	0
3	34	30000	100	100	75	90	0	0
3	35	30000	75	90	0	0	0	0
3	36	30000	75	90	0	0	0	0
3	37	30000	150	179	0	0	0	0
3	38	30000	150	179	0	0	0	0
4	1	20000	90	107	0	0	90	107
4	2	20000	90	107	0	0	0	0
4	3	20000	90	107	0	0	0	0
4	4	20000	90	107	0	0	0	0
4	5	20000	90	107	0	0	0	0
4	6	20000	90	107	9	9	0	0
4	7	30000	90	107	9	9	0	0
4	8	20000	90	107	0	0	0	0
4	9	30000	448	535	0	0	0	0
4	10	30000	448	535	0	0	0	0
4	11	30000	448	535	0	0	0	0
4	12	30000	448	535	0	0	0	0
4	13	30000	448	535	0	0	0	0
4	14	20000	100	100	90	107	0	0
4	15	30000	90	107	0	0	0	0
4	16	20000	90	107	0	0	0	0
4	17	20000	90	107	0	0	0	0
4	18	30000	1789	2139	0	0	0	0
4	19	30000	1789	2139	0	0	0	0
4	20	20000	90	107	0	0	0	0
4	21	20000	90	107	0	0	0	0
4	22	20000	90	107	0	0	0	0
4	23	20000	90	107	0	0	0	0
4	24	30000	179	214	0	0	0	0
4	25	30000	179	214	0	0	0	0
4	26	30000	358	428	0	0	0	0
4	27	30000	358	428	0	0	0	0
4	28	30000	358	428	0	0	0	0
4	29	30000	358	428	0	0	0	0
4	30	30000	100	100	90	107	0	0
4	31	30000	100	100	90	107	0	0
4	32	30000	100	100	90	107	0	0
4	33	30000	100	100	90	107	0	0
4	34	30000	100	100	90	107	0	0
4	35	30000	90	107	0	0	0	0
4	36	30000	90	107	0	0	0	0
4	37	30000	179	214	0	0	0	0
4	38	30000	179	214	0	0	0	0
5	1	20000	108	129	0	0	108	129
5	2	20000	108	129	0	0	0	0
5	3	20000	108	129	0	0	0	0
5	4	20000	108	129	0	0	0	0
5	5	20000	108	129	0	0	0	0
5	6	20000	108	129	9	9	0	0
5	7	30000	108	129	9	9	0	0
5	8	20000	108	129	0	0	0	0
5	9	30000	537	642	0	0	0	0
5	10	30000	537	642	0	0	0	0
5	11	30000	537	642	0	0	0	0
5	12	30000	537	642	0	0	0	0
5	13	30000	537	642	0	0	0	0
5	14	20000	100	100	108	129	0	0
5	15	30000	108	129	0	0	0	0
5	16	20000	108	129	0	0	0	0
5	17	20000	108	129	0	0	0	0
5	18	30000	2147	2567	0	0	0	0
5	19	30000	2147	2567	0	0	0	0
5	20	20000	108	129	0	0	0	0
5	21	20000	108	129	0	0	0	0
5	22	20000	108	129	0	0	0	0
5	23	20000	108	129	0	0	0	0
5	24	30000	215	257	0	0	0	0
5	25	30000	215	257	0	0	0	0
5	26	30000	430	514	0	0	0	0
5	27	30000	430	514	0	0	0	0
5	28	30000	430	514	0	0	0	0
5	29	30000	430	514	0	0	0	0
5	30	30000	100	100	108	129	0	0
5	31	30000	100	100	108	129	0	0
5	32	30000	100	100	108	129	0	0
5	33	30000	100	100	108	129	0	0
5	34	30000	100	100	108	129	0	0
5	35	30000	108	129	0	0	0	0
5	36	30000	108	129	0	0	0	0
5	37	30000	215	257	0	0	0	0
5	38	30000	215	257	0	0	0	0
6	1	20000	129	154	0	0	129	154
6	2	20000	129	154	0	0	0	0
6	3	20000	129	154	0	0	0	0
6	4	20000	129	154	0	0	0	0
6	5	20000	129	154	0	0	0	0
6	6	20000	129	154	9	9	0	0
6	7	30000	129	154	9	9	0	0
6	8	20000	129	154	0	0	0	0
6	9	30000	644	770	0	0	0	0
6	10	30000	644	770	0	0	0	0
6	11	30000	644	770	0	0	0	0
6	12	30000	644	770	0	0	0	0
6	13	30000	644	770	0	0	0	0
6	14	20000	100	100	129	154	0	0
6	15	30000	129	154	0	0	0	0
6	16	20000	129	154	0	0	0	0
6	17	20000	129	154	0	0	0	0
6	18	30000	2576	3080	0	0	0	0
6	19	30000	2576	3080	0	0	0	0
6	20	20000	129	154	0	0	0	0
6	21	20000	129	154	0	0	0	0
6	22	20000	129	154	0	0	0	0
6	23	20000	129	154	0	0	0	0
6	24	30000	258	308	0	0	0	0
6	25	30000	258	308	0	0	0	0
6	26	30000	516	616	0	0	0	0
6	27	30000	516	616	0	0	0	0
6	28	30000	516	616	0	0	0	0
6	29	30000	516	616	0	0	0	0
6	30	30000	100	100	129	154	0	0
6	31	30000	100	100	129	154	0	0
6	32	30000	100	100	129	154	0	0
6	33	30000	100	100	129	154	0	0
6	34	30000	100	100	129	154	0	0
6	35	30000	129	154	0	0	0	0
6	36	30000	129	154	0	0	0	0
6	37	30000	258	308	0	0	0	0
6	38	30000	258	308	0	0	0	0
7	1	20000	155	185	0	0	155	185
7	2	20000	155	185	0	0	0	0
7	3	20000	155	185	0	0	0	0
7	4	20000	155	185	0	0	0	0
7	5	20000	155	185	0	0	0	0
7	6	20000	155	185	9	9	0	0
7	7	30000	155	185	9	9	0	0
7	8	20000	155	185	0	0	0	0
7	9	30000	773	924	0	0	0	0
7	10	30000	773	924	0	0	0	0
7	11	30000	773	924	0	0	0	0
7	12	30000	773	924	0	0	0	0
7	13	30000	773	924	0	0	0	0
7	14	20000	100	100	155	185	0	0
7	15	30000	155	185	0	0	0	0
7	16	20000	155	185	0	0	0	0
7	17	20000	155	185	0	0	0	0
7	18	30000	3092	3696	0	0	0	0
7	19	30000	3092	3696	0	0	0	0
7	20	20000	155	185	0	0	0	0
7	21	20000	155	185	0	0	0	0
7	22	20000	155	185	0	0	0	0
7	23	20000	155	185	0	0	0	0
7	24	30000	310	370	0	0	0	0
7	25	30000	310	370	0	0	0	0
7	26	30000	619	740	0	0	0	0
7	27	30000	619	740	0	0	0	0
7	28	30000	619	740	0	0	0	0
7	29	30000	619	740	0	0	0	0
7	30	30000	100	100	155	185	0	0
7	31	30000	100	100	155	185	0	0
7	32	30000	100	100	155	185	0	0
7	33	30000	100	100	155	185	0	0
7	34	30000	100	100	155	185	0	0
7	35	30000	155	185	0	0	0	0
7	36	30000	155	185	0	0	0	0
7	37	30000	310	370	0	0	0	0
7	38	30000	310	370	0	0	0	0
8	1	20000	186	222	0	0	186	222
8	2	20000	186	222	0	0	0	0
8	3	20000	186	222	0	0	0	0
8	4	20000	186	222	0	0	0	0
8	5	20000	186	222	0	0	0	0
8	6	20000	186	222	9	9	0	0
8	7	30000	186	222	9	9	0	0
8	8	20000	186	222	0	0	0	0
8	9	30000	928	1109	0	0	0	0
8	10	30000	928	1109	0	0	0	0
8	11	30000	928	1109	0	0	0	0
8	12	30000	928	1109	0	0	0	0
8	13	30000	928	1109	0	0	0	0
8	14	20000	100	100	186	222	0	0
8	15	30000	186	222	0	0	0	0
8	16	20000	186	222	0	0	0	0
8	17	20000	186	222	0	0	0	0
8	18	30000	3710	4436	0	0	0	0
8	19	30000	3710	4436	0	0	0	0
8	20	20000	186	222	0	0	0	0
8	21	20000	186	222	0	0	0	0
8	22	20000	186	222	0	0	0	0
8	23	20000	186	222	0	0	0	0
8	24	30000	371	444	0	0	0	0
8	25	30000	371	444	0	0	0	0
8	26	30000	742	888	0	0	0	0
8	27	30000	742	888	0	0	0	0
8	28	30000	742	888	0	0	0	0
8	29	30000	742	888	0	0	0	0
8	30	30000	100	100	186	222	0	0
8	31	30000	100	100	186	222	0	0
8	32	30000	100	100	186	222	0	0
8	33	30000	100	100	186	222	0	0
8	34	30000	100	100	186	222	0	0
8	35	30000	186	222	0	0	0	0
8	36	30000	186	222	0	0	0	0
8	37	30000	371	444	0	0	0	0
8	38	30000	371	444	0	0	0	0
9	1	20000	223	267	0	0	223	267
9	2	20000	223	267	0	0	0	0
9	3	20000	223	267	0	0	0	0
9	4	20000	223	267	0	0	0	0
9	5	20000	223	267	0	0	0	0
9	6	20000	223	267	9	9	0	0
9	7	30000	223	267	9	9	0	0
9	8	20000	223	267	0	0	0	0
9	9	30000	1113	1331	0	0	0	0
9	10	30000	1113	1331	0	0	0	0
9	11	30000	1113	1331	0	0	0	0
9	12	30000	1113	1331	0	0	0	0
9	13	30000	1113	1331	0	0	0	0
9	14	20000	100	100	223	267	0	0
9	15	30000	223	267	0	0	0	0
9	16	20000	223	267	0	0	0	0
9	17	20000	223	267	0	0	0	0
9	18	30000	4451	5322	0	0	0	0
9	19	30000	4451	5322	0	0	0	0
9	20	20000	223	267	0	0	0	0
9	21	20000	223	267	0	0	0	0
9	22	20000	223	267	0	0	0	0
9	23	20000	223	267	0	0	0	0
9	24	30000	446	533	0	0	0	0
9	25	30000	446	533	0	0	0	0
9	26	30000	891	1065	0	0	0	0
9	27	30000	891	1065	0	0	0	0
9	28	30000	891	1065	0	0	0	0
9	29	30000	891	1065	0	0	0	0
9	30	30000	100	100	223	267	0	0
9	31	30000	100	100	223	267	0	0
9	32	30000	100	100	223	267	0	0
9	33	30000	100	100	223	267	0	0
9	34	30000	100	100	223	267	0	0
9	35	30000	223	267	0	0	0	0
9	36	30000	223	267	0	0	0	0
9	37	30000	446	533	0	0	0	0
9	38	30000	446	533	0	0	0	0
10	1	20000	268	320	0	0	268	320
10	2	20000	268	320	0	0	0	0
10	3	20000	268	320	0	0	0	0
10	4	20000	268	320	0	0	0	0
10	5	20000	268	320	0	0	0	0
10	6	20000	268	320	9	9	0	0
10	7	30000	268	320	9	9	0	0
10	8	20000	268	320	0	0	0	0
10	9	30000	1336	1597	0	0	0	0
10	10	30000	1336	1597	0	0	0	0
10	11	30000	1336	1597	0	0	0	0
10	12	30000	1336	1597	0	0	0	0
10	13	30000	1336	1597	0	0	0	0
10	14	20000	100	100	268	320	0	0
10	15	30000	268	320	0	0	0	0
10	16	20000	268	320	0	0	0	0
10	17	20000	268	320	0	0	0	0
10	18	30000	5342	6387	0	0	0	0
10	19	30000	5342	6387	0	0	0	0
10	20	20000	268	320	0	0	0	0
10	21	20000	268	320	0	0	0	0
10	22	20000	268	320	0	0	0	0
10	23	20000	268	320	0	0	0	0
10	24	30000	535	639	0	0	0	0
10	25	30000	535	639	0	0	0	0
10	26	30000	1069	1278	0	0	0	0
10	27	30000	1069	1278	0	0	0	0
10	28	30000	1069	1278	0	0	0	0
10	29	30000	1069	1278	0	0	0	0
10	30	30000	100	100	268	320	0	0
10	31	30000	100	100	268	320	0	0
10	32	30000	100	100	268	320	0	0
10	33	30000	100	100	268	320	0	0
10	34	30000	100	100	268	320	0	0
10	35	30000	268	320	0	0	0	0
10	36	30000	268	320	0	0	0	0
10	37	30000	535	639	0	0	0	0
10	38	30000	535	639	0	0	0	0
11	1	30000	54	59	0	0	54	59
11	2	30000	54	59	0	0	0	0
11	3	30000	54	59	0	0	0	0
11	4	30000	54	59	0	0	0	0
11	5	30000	54	59	0	0	0	0
11	6	25000	54	59	9	9	0	0
11	7	30000	54	59	9	9	0	0
11	8	20000	54	59	0	0	0	0
11	9	20000	268	292	0	0	0	0
11	10	20000	268	292	0	0	0	0
11	11	20000	268	292	0	0	0	0
11	12	20000	268	292	0	0	0	0
11	13	20000	268	292	0	0	0	0
11	14	20000	100	100	54	59	0	0
11	15	30000	54	59	0	0	0	0
11	16	20000	54	59	0	0	0	0
11	17	20000	54	59	0	0	0	0
11	18	30000	1070	1167	0	0	0	0
11	19	30000	1070	1167	0	0	0	0
11	20	30000	54	59	0	0	0	0
11	21	30000	54	59	0	0	0	0
11	22	30000	54	59	0	0	0	0
11	23	30000	54	59	0	0	0	0
11	24	20000	107	117	0	0	0	0
11	25	20000	107	117	0	0	0	0
11	26	20000	214	234	0	0	0	0
11	27	20000	214	234	0	0	0	0
11	28	20000	214	234	0	0	0	0
11	29	20000	214	234	0	0	0	0
11	30	25000	100	100	54	59	0	0
11	31	25000	100	100	54	59	0	0
11	32	25000	100	100	54	59	0	0
11	33	25000	100	100	54	59	0	0
11	34	25000	100	100	54	59	0	0
11	35	25000	54	59	0	0	0	0
11	36	25000	54	59	0	0	0	0
11	37	25000	107	117	0	0	0	0
11	38	25000	107	117	0	0	0	0
11	39	15000	5	6	0	0	0	0
11	40	15000	5	6	0	0	0	0
11	41	15000	5	6	0	0	0	0
11	42	15000	5	6	0	0	0	0
12	1	30000	75	81	0	0	75	81
12	2	30000	75	81	0	0	0	0
12	3	30000	75	81	0	0	0	0
12	4	30000	75	81	0	0	0	0
12	5	30000	75	81	0	0	0	0
12	6	25000	75	81	9	9	0	0
12	7	30000	75	81	9	9	0	0
12	8	20000	75	81	0	0	0	0
12	9	20000	372	405	0	0	0	0
12	10	20000	372	405	0	0	0	0
12	11	20000	372	405	0	0	0	0
12	12	20000	372	405	0	0	0	0
12	13	20000	372	405	0	0	0	0
12	14	20000	100	100	75	81	0	0
12	15	30000	75	81	0	0	0	0
12	16	20000	75	81	0	0	0	0
12	17	20000	75	81	0	0	0	0
12	18	30000	1485	1620	0	0	0	0
12	19	30000	1485	1620	0	0	0	0
12	20	30000	75	81	0	0	0	0
12	21	30000	75	81	0	0	0	0
12	22	30000	75	81	0	0	0	0
12	23	30000	75	81	0	0	0	0
12	24	20000	149	162	0	0	0	0
12	25	20000	149	162	0	0	0	0
12	26	20000	297	324	0	0	0	0
12	27	20000	297	324	0	0	0	0
12	28	20000	297	324	0	0	0	0
12	29	20000	297	324	0	0	0	0
12	30	25000	100	100	75	81	0	0
12	31	25000	100	100	75	81	0	0
12	32	25000	100	100	75	81	0	0
12	33	25000	100	100	75	81	0	0
12	34	25000	100	100	75	81	0	0
12	35	25000	75	81	0	0	0	0
12	36	25000	75	81	0	0	0	0
12	37	25000	149	162	0	0	0	0
12	38	25000	149	162	0	0	0	0
12	39	15000	7	8	0	0	0	0
12	40	15000	7	8	0	0	0	0
12	41	15000	7	8	0	0	0	0
12	42	15000	7	8	0	0	0	0
13	1	30000	90	98	0	0	90	98
13	2	30000	90	98	0	0	0	0
13	3	30000	90	98	0	0	0	0
13	4	30000	90	98	0	0	0	0
13	5	30000	90	98	0	0	0	0
13	6	25000	90	98	9	9	0	0
13	7	30000	90	98	9	9	0	0
13	8	20000	90	98	0	0	0	0
13	9	20000	446	486	0	0	0	0
13	10	20000	446	486	0	0	0	0
13	11	20000	446	486	0	0	0	0
13	12	20000	446	486	0	0	0	0
13	13	20000	446	486	0	0	0	0
13	14	20000	100	100	90	98	0	0
13	15	30000	90	98	0	0	0	0
13	16	20000	90	98	0	0	0	0
13	17	20000	90	98	0	0	0	0
13	18	30000	1782	1944	0	0	0	0
13	19	30000	1782	1944	0	0	0	0
13	20	30000	90	98	0	0	0	0
13	21	30000	90	98	0	0	0	0
13	22	30000	90	98	0	0	0	0
13	23	30000	90	98	0	0	0	0
13	24	20000	179	195	0	0	0	0
13	25	20000	179	195	0	0	0	0
13	26	20000	357	389	0	0	0	0
13	27	20000	357	389	0	0	0	0
13	28	20000	357	389	0	0	0	0
13	29	20000	357	389	0	0	0	0
13	30	25000	100	100	90	98	0	0
13	31	25000	100	100	90	98	0	0
13	32	25000	100	100	90	98	0	0
13	33	25000	100	100	90	98	0	0
13	34	25000	100	100	90	98	0	0
13	35	25000	90	98	0	0	0	0
13	36	25000	90	98	0	0	0	0
13	37	25000	179	195	0	0	0	0
13	38	25000	179	195	0	0	0	0
13	39	15000	9	10	0	0	0	0
13	40	15000	9	10	0	0	0	0
13	41	15000	9	10	0	0	0	0
13	42	15000	9	10	0	0	0	0
14	1	30000	107	117	0	0	107	117
14	2	30000	107	117	0	0	0	0
14	3	30000	107	117	0	0	0	0
14	4	30000	107	117	0	0	0	0
14	5	30000	107	117	0	0	0	0
14	6	25000	107	117	9	9	0	0
14	7	30000	107	117	9	9	0	0
14	8	20000	107	117	0	0	0	0
14	9	20000	535	584	0	0	0	0
14	10	20000	535	584	0	0	0	0
14	11	20000	535	584	0	0	0	0
14	12	20000	535	584	0	0	0	0
14	13	20000	535	584	0	0	0	0
14	14	20000	100	100	107	117	0	0
14	15	30000	107	117	0	0	0	0
14	16	20000	107	117	0	0	0	0
14	17	20000	107	117	0	0	0	0
14	18	30000	2139	2333	0	0	0	0
14	19	30000	2139	2333	0	0	0	0
14	20	30000	107	117	0	0	0	0
14	21	30000	107	117	0	0	0	0
14	22	30000	107	117	0	0	0	0
14	23	30000	107	117	0	0	0	0
14	24	20000	214	234	0	0	0	0
14	25	20000	214	234	0	0	0	0
14	26	20000	428	467	0	0	0	0
14	27	20000	428	467	0	0	0	0
14	28	20000	428	467	0	0	0	0
14	29	20000	428	467	0	0	0	0
14	30	25000	100	100	107	117	0	0
14	31	25000	100	100	107	117	0	0
14	32	25000	100	100	107	117	0	0
14	33	25000	100	100	107	117	0	0
14	34	25000	100	100	107	117	0	0
14	35	25000	107	117	0	0	0	0
14	36	25000	107	117	0	0	0	0
14	37	25000	214	234	0	0	0	0
14	38	25000	214	234	0	0	0	0
14	39	15000	11	12	0	0	0	0
14	40	15000	11	12	0	0	0	0
14	41	15000	11	12	0	0	0	0
14	42	15000	11	12	0	0	0	0
15	1	30000	129	140	0	0	129	140
15	2	30000	129	140	0	0	0	0
15	3	30000	129	140	0	0	0	0
15	4	30000	129	140	0	0	0	0
15	5	30000	129	140	0	0	0	0
15	6	25000	129	140	9	9	0	0
15	7	30000	129	140	9	9	0	0
15	8	20000	129	140	0	0	0	0
15	9	20000	642	700	0	0	0	0
15	10	20000	642	700	0	0	0	0
15	11	20000	642	700	0	0	0	0
15	12	20000	642	700	0	0	0	0
15	13	20000	642	700	0	0	0	0
15	14	20000	100	100	129	140	0	0
15	15	30000	129	140	0	0	0	0
15	16	20000	129	140	0	0	0	0
15	17	20000	129	140	0	0	0	0
15	18	30000	2567	2800	0	0	0	0
15	19	30000	2567	2800	0	0	0	0
15	20	30000	129	140	0	0	0	0
15	21	30000	129	140	0	0	0	0
15	22	30000	129	140	0	0	0	0
15	23	30000	129	140	0	0	0	0
15	24	20000	257	280	0	0	0	0
15	25	20000	257	280	0	0	0	0
15	26	20000	514	560	0	0	0	0
15	27	20000	514	560	0	0	0	0
15	28	20000	514	560	0	0	0	0
15	29	20000	514	560	0	0	0	0
15	30	25000	100	100	129	140	0	0
15	31	25000	100	100	129	140	0	0
15	32	25000	100	100	129	140	0	0
15	33	25000	100	100	129	140	0	0
15	34	25000	100	100	129	140	0	0
15	35	25000	129	140	0	0	0	0
15	36	25000	129	140	0	0	0	0
15	37	25000	257	280	0	0	0	0
15	38	25000	257	280	0	0	0	0
15	39	15000	13	14	0	0	0	0
15	40	15000	13	14	0	0	0	0
15	41	15000	13	14	0	0	0	0
15	42	15000	13	14	0	0	0	0
16	1	30000	154	168	0	0	154	168
16	2	30000	154	168	0	0	0	0
16	3	30000	154	168	0	0	0	0
16	4	30000	154	168	0	0	0	0
16	5	30000	154	168	0	0	0	0
16	6	25000	154	168	9	9	0	0
16	7	30000	154	168	9	9	0	0
16	8	20000	154	168	0	0	0	0
16	9	20000	770	840	0	0	0	0
16	10	20000	770	840	0	0	0	0
16	11	20000	770	840	0	0	0	0
16	12	20000	770	840	0	0	0	0
16	13	20000	770	840	0	0	0	0
16	14	20000	100	100	154	168	0	0
16	15	30000	154	168	0	0	0	0
16	16	20000	154	168	0	0	0	0
16	17	20000	154	168	0	0	0	0
16	18	30000	3080	3360	0	0	0	0
16	19	30000	3080	3360	0	0	0	0
16	20	30000	154	168	0	0	0	0
16	21	30000	154	168	0	0	0	0
16	22	30000	154	168	0	0	0	0
16	23	30000	154	168	0	0	0	0
16	24	20000	308	336	0	0	0	0
16	25	20000	308	336	0	0	0	0
16	26	20000	616	672	0	0	0	0
16	27	20000	616	672	0	0	0	0
16	28	20000	616	672	0	0	0	0
16	29	20000	616	672	0	0	0	0
16	30	25000	100	100	154	168	0	0
16	31	25000	100	100	154	168	0	0
16	32	25000	100	100	154	168	0	0
16	33	25000	100	100	154	168	0	0
16	34	25000	100	100	154	168	0	0
16	35	25000	154	168	0	0	0	0
16	36	25000	154	168	0	0	0	0
16	37	25000	308	336	0	0	0	0
16	38	25000	308	336	0	0	0	0
16	39	15000	15	17	0	0	0	0
16	40	15000	15	17	0	0	0	0
16	41	15000	15	17	0	0	0	0
16	42	15000	15	17	0	0	0	0
17	1	30000	185	202	0	0	185	202
17	2	30000	185	202	0	0	0	0
17	3	30000	185	202	0	0	0	0
17	4	30000	185	202	0	0	0	0
17	5	30000	185	202	0	0	0	0
17	6	25000	185	202	9	9	0	0
17	7	30000	185	202	9	9	0	0
17	8	20000	185	202	0	0	0	0
17	9	20000	924	1008	0	0	0	0
17	10	20000	924	1008	0	0	0	0
17	11	20000	924	1008	0	0	0	0
17	12	20000	924	1008	0	0	0	0
17	13	20000	924	1008	0	0	0	0
17	14	20000	100	100	185	202	0	0
17	15	30000	185	202	0	0	0	0
17	16	20000	185	202	0	0	0	0
17	17	20000	185	202	0	0	0	0
17	18	30000	3696	4032	0	0	0	0
17	19	30000	3696	4032	0	0	0	0
17	20	30000	185	202	0	0	0	0
17	21	30000	185	202	0	0	0	0
17	22	30000	185	202	0	0	0	0
17	23	30000	185	202	0	0	0	0
17	24	20000	370	404	0	0	0	0
17	25	20000	370	404	0	0	0	0
17	26	20000	740	807	0	0	0	0
17	27	20000	740	807	0	0	0	0
17	28	20000	740	807	0	0	0	0
17	29	20000	740	807	0	0	0	0
17	30	25000	100	100	185	202	0	0
17	31	25000	100	100	185	202	0	0
17	32	25000	100	100	185	202	0	0
17	33	25000	100	100	185	202	0	0
17	34	25000	100	100	185	202	0	0
17	35	25000	185	202	0	0	0	0
17	36	25000	185	202	0	0	0	0
17	37	25000	370	404	0	0	0	0
17	38	25000	370	404	0	0	0	0
17	39	15000	18	20	0	0	0	0
17	40	15000	18	20	0	0	0	0
17	41	15000	18	20	0	0	0	0
17	42	15000	18	20	0	0	0	0
18	1	30000	222	242	0	0	222	242
18	2	30000	222	242	0	0	0	0
18	3	30000	222	242	0	0	0	0
18	4	30000	222	242	0	0	0	0
18	5	30000	222	242	0	0	0	0
18	6	25000	222	242	9	9	0	0
18	7	30000	222	242	9	9	0	0
18	8	20000	222	242	0	0	0	0
18	9	20000	1109	1210	0	0	0	0
18	10	20000	1109	1210	0	0	0	0
18	11	20000	1109	1210	0	0	0	0
18	12	20000	1109	1210	0	0	0	0
18	13	20000	1109	1210	0	0	0	0
18	14	20000	100	100	222	242	0	0
18	15	30000	222	242	0	0	0	0
18	16	20000	222	242	0	0	0	0
18	17	20000	222	242	0	0	0	0
18	18	30000	4436	4839	0	0	0	0
18	19	30000	4436	4839	0	0	0	0
18	20	30000	222	242	0	0	0	0
18	21	30000	222	242	0	0	0	0
18	22	30000	222	242	0	0	0	0
18	23	30000	222	242	0	0	0	0
18	24	20000	444	484	0	0	0	0
18	25	20000	444	484	0	0	0	0
18	26	20000	888	968	0	0	0	0
18	27	20000	888	968	0	0	0	0
18	28	20000	888	968	0	0	0	0
18	29	20000	888	968	0	0	0	0
18	30	25000	100	100	222	242	0	0
18	31	25000	100	100	222	242	0	0
18	32	25000	100	100	222	242	0	0
18	33	25000	100	100	222	242	0	0
18	34	25000	100	100	222	242	0	0
18	35	25000	222	242	0	0	0	0
18	36	25000	222	242	0	0	0	0
18	37	25000	444	484	0	0	0	0
18	38	25000	444	484	0	0	0	0
18	39	15000	22	24	0	0	0	0
18	40	15000	22	24	0	0	0	0
18	41	15000	22	24	0	0	0	0
18	42	15000	22	24	0	0	0	0
19	1	30000	267	291	0	0	267	291
19	2	30000	267	291	0	0	0	0
19	3	30000	267	291	0	0	0	0
19	4	30000	267	291	0	0	0	0
19	5	30000	267	291	0	0	0	0
19	6	25000	267	291	9	9	0	0
19	7	30000	267	291	9	9	0	0
19	8	20000	267	291	0	0	0	0
19	9	20000	1331	1452	0	0	0	0
19	10	20000	1331	1452	0	0	0	0
19	11	20000	1331	1452	0	0	0	0
19	12	20000	1331	1452	0	0	0	0
19	13	20000	1331	1452	0	0	0	0
19	14	20000	100	100	267	291	0	0
19	15	30000	267	291	0	0	0	0
19	16	20000	267	291	0	0	0	0
19	17	20000	267	291	0	0	0	0
19	18	30000	5322	5806	0	0	0	0
19	19	30000	5322	5806	0	0	0	0
19	20	30000	267	291	0	0	0	0
19	21	30000	267	291	0	0	0	0
19	22	30000	267	291	0	0	0	0
19	23	30000	267	291	0	0	0	0
19	24	20000	533	581	0	0	0	0
19	25	20000	533	581	0	0	0	0
19	26	20000	1065	1162	0	0	0	0
19	27	20000	1065	1162	0	0	0	0
19	28	20000	1065	1162	0	0	0	0
19	29	20000	1065	1162	0	0	0	0
19	30	25000	100	100	267	291	0	0
19	31	25000	100	100	267	291	0	0
19	32	25000	100	100	267	291	0	0
19	33	25000	100	100	267	291	0	0
19	34	25000	100	100	267	291	0	0
19	35	25000	267	291	0	0	0	0
19	36	25000	267	291	0	0	0	0
19	37	25000	533	581	0	0	0	0
19	38	25000	533	581	0	0	0	0
19	39	15000	27	29	0	0	0	0
19	40	15000	27	29	0	0	0	0
19	41	15000	27	29	0	0	0	0
19	42	15000	27	29	0	0	0	0
20	1	30000	320	349	0	0	320	349
20	2	30000	320	349	0	0	0	0
20	3	30000	320	349	0	0	0	0
20	4	30000	320	349	0	0	0	0
20	5	30000	320	349	0	0	0	0
20	6	25000	320	349	9	9	0	0
20	7	30000	320	349	9	9	0	0
20	8	20000	320	349	0	0	0	0
20	9	20000	1597	1742	0	0	0	0
20	10	20000	1597	1742	0	0	0	0
20	11	20000	1597	1742	0	0	0	0
20	12	20000	1597	1742	0	0	0	0
20	13	20000	1597	1742	0	0	0	0
20	14	20000	100	100	320	349	0	0
20	15	30000	320	349	0	0	0	0
20	16	20000	320	349	0	0	0	0
20	17	20000	320	349	0	0	0	0
20	18	30000	6387	6968	0	0	0	0
20	19	30000	6387	6968	0	0	0	0
20	20	30000	320	349	0	0	0	0
20	21	30000	320	349	0	0	0	0
20	22	30000	320	349	0	0	0	0
20	23	30000	320	349	0	0	0	0
20	24	20000	639	697	0	0	0	0
20	25	20000	639	697	0	0	0	0
20	26	20000	1278	1394	0	0	0	0
20	27	20000	1278	1394	0	0	0	0
20	28	20000	1278	1394	0	0	0	0
20	29	20000	1278	1394	0	0	0	0
20	30	25000	100	100	320	349	0	0
20	31	25000	100	100	320	349	0	0
20	32	25000	100	100	320	349	0	0
20	33	25000	100	100	320	349	0	0
20	34	25000	100	100	320	349	0	0
20	35	25000	320	349	0	0	0	0
20	36	25000	320	349	0	0	0	0
20	37	25000	639	697	0	0	0	0
20	38	25000	639	697	0	0	0	0
20	39	15000	32	35	0	0	0	0
20	40	15000	32	35	0	0	0	0
20	41	15000	32	35	0	0	0	0
20	42	15000	32	35	0	0	0	0
