NpcName	NpcTemplateId	NpcLevel	TitleID	XPos	YPos	ZPos	CanAutoPath	StandDir	NpcSeriesAuto	Removewhendeath	IsMapMonster	NpcPath	bPathRecycle	nShareType	ShowName	LevelSettingKey
<i18n=3998>	3144	45	5	91660	41391	0	0	191	-1	0	0				
<i18n=4249>	3145	45	5	31177	83837	0	0	191	-1	0	0				
<i18n=7277>	3146	45	5	39301	46956	0	0	191	-1	0	0				
<i18n=10278>	3147	45	5	86569	43619	0	0	191	-1	0	0				
<i18n=1189>	3148	45	5	40721	70498	0	0	191	-1	0	0				
<i18n=6926>	3149	45	5	55162	48830	0	0	191	-1	0	0				
<i18n=7983>	3150	45	5	87951	77181	0	0	191	-1	0	0				
<i18n=314>	3151	45	5	89398	58453	0	0	191	-1	0	0				
<i18n=9565>	3152	45	5	72841	120483	0	0	191	-1	0	0				
<i18n=11341>	3153	45	5	68623	112143	0	0	191	-1	0	0				
<i18n=1511>	3154	45	5	48131	111261	0	0	191	-1	0	0				
<i18n=2770>	3155	45	5	24194	84462	0	0	191	-1	0	0				
<i18n=11236>	9053	40		40150	155659	0	0	191	-1	0	0			1		maplevel140	
<i18n=11236>	9053	40		39868	153082	0	0	191	-1	0	0			1		maplevel140	
<i18n=11236>	9053	40		45326	154773	0	0	191	-1	0	0			1		maplevel140	
<i18n=11236>	9053	40		44154	150905	0	0	191	-1	0	0			1		maplevel140	
<i18n=11236>	9053	40		45138	150944	0	0	191	-1	0	0			1		maplevel140	
<i18n=11236>	9053	40		45111	148842	0	0	191	-1	0	0			1		maplevel140	
<i18n=11236>	9053	40		43682	148372	0	0	191	-1	0	0			1		maplevel140	
<i18n=11236>	9053	40		42759	150858	0	0	191	-1	0	0			1		maplevel140	
<i18n=11236>	9053	40		42641	154341	0	0	191	-1	0	0			1		maplevel140	
<i18n=11236>	9053	40		41363	153825	0	0	191	-1	0	0			1		maplevel140	
<i18n=11236>	9053	40		41466	150883	0	0	191	-1	0	0			1		maplevel140	
<i18n=11236>	9053	40		45429	152840	0	0	191	-1	0	0			1		maplevel140	
<i18n=11236>	9053	40		41110	148503	0	0	191	-1	0	0			1		maplevel140	
<i18n=11236>	9053	40		39763	150512	0	0	191	-1	0	0			1		maplevel140	
<i18n=11236>	9053	40		43876	153720	0	0	191	-1	0	0			1		maplevel140	
<i18n=11236>	9053	40		63720	156813	0	0	191	-1	0	0			1		maplevel140	
<i18n=11236>	9053	40		66299	157098	0	0	191	-1	0	0			1		maplevel140	
<i18n=11236>	9053	40		67921	156912	0	0	191	-1	0	0			1		maplevel140	
<i18n=11236>	9053	40		68740	152591	0	0	191	-1	0	0			1		maplevel140	
<i18n=11236>	9053	40		68460	150601	0	0	191	-1	0	0			1		maplevel140	
<i18n=11236>	9053	40		66918	149712	0	0	191	-1	0	0			1		maplevel140	
<i18n=11236>	9053	40		65483	149332	0	0	191	-1	0	0			1		maplevel140	
<i18n=11236>	9053	40		63392	150958	0	0	191	-1	0	0			1		maplevel140	
<i18n=11236>	9053	40		62867	153229	0	0	191	-1	0	0			1		maplevel140	
<i18n=11236>	9053	40		67062	155134	0	0	191	-1	0	0			1		maplevel140	
<i18n=11236>	9053	40		68482	155053	0	0	191	-1	0	0			1		maplevel140	
<i18n=11236>	9053	40		67016	151551	0	0	191	-1	0	0			1		maplevel140	
<i18n=11236>	9053	40		64639	151477	0	0	191	-1	0	0			1		maplevel140	
<i18n=11236>	9053	40		64387	154896	0	0	191	-1	0	0			1		maplevel140	
<i18n=11236>	9053	40		65835	153201	0	0	191	-1	0	0			1		maplevel140	
<i18n=11236>	9053	40		42544	129905	0	0	191	-1	0	0			1		maplevel140	
<i18n=11236>	9053	40		42097	132243	0	0	191	-1	0	0			1		maplevel140	
<i18n=11236>	9053	40		43629	132785	0	0	191	-1	0	0			1		maplevel140	
<i18n=11236>	9053	40		45100	135456	0	0	191	-1	0	0			1		maplevel140	
<i18n=11236>	9053	40		47825	132850	0	0	191	-1	0	0			1		maplevel140	
<i18n=11236>	9053	40		47896	130678	0	0	191	-1	0	0			1		maplevel140	
<i18n=11236>	9053	40		47737	128434	0	0	191	-1	0	0			1		maplevel140	
<i18n=11236>	9053	40		45032	127483	0	0	191	-1	0	0			1		maplevel140	
<i18n=11236>	9053	40		43514	127490	0	0	191	-1	0	0			1		maplevel140	
<i18n=11236>	9053	40		43711	129653	0	0	191	-1	0	0			1		maplevel140	
<i18n=11236>	9053	40		46598	132750	0	0	191	-1	0	0			1		maplevel140	
<i18n=11236>	9053	40		45216	132842	0	0	191	-1	0	0			1		maplevel140	
<i18n=11236>	9053	40		46496	127588	0	0	191	-1	0	0			1		maplevel140	
<i18n=11236>	9053	40		45410	129701	0	0	191	-1	0	0			1		maplevel140	
<i18n=11236>	9053	40		46668	129816	0	0	191	-1	0	0			1		maplevel140	
<i18n=11236>	9053	40		53573	125380	0	0	191	-1	0	0			1		maplevel140	
<i18n=11236>	9053	40		53911	128022	0	0	191	-1	0	0			1		maplevel140	
<i18n=11236>	9053	40		56633	129155	0	0	191	-1	0	0			1		maplevel140	
<i18n=11236>	9053	40		55372	120566	0	0	191	-1	0	0			1		maplevel140	
<i18n=11236>	9053	40		60143	126199	0	0	191	-1	0	0			1		maplevel140	
<i18n=11236>	9053	40		60077	123624	0	0	191	-1	0	0			1		maplevel140	
<i18n=11236>	9053	40		60037	121007	0	0	191	-1	0	0			1		maplevel140	
<i18n=11236>	9053	40		58580	120267	0	0	191	-1	0	0			1		maplevel140	
<i18n=11236>	9053	40		56688	120486	0	0	191	-1	0	0			1		maplevel140	
<i18n=11236>	9053	40		58281	128899	0	0	191	-1	0	0			1		maplevel140	
<i18n=11236>	9053	40		57083	125310	0	0	191	-1	0	0			1		maplevel140	
<i18n=11236>	9053	40		58858	122518	0	0	191	-1	0	0			1		maplevel140	
<i18n=11236>	9053	40		55592	122456	0	0	191	-1	0	0			1		maplevel140	
<i18n=11236>	9053	40		55245	126454	0	0	191	-1	0	0			1		maplevel140	
<i18n=11236>	9053	40		58975	126885	0	0	191	-1	0	0			1		maplevel140	
<i18n=11236>	9053	40		66561	130955	0	0	191	-1	0	0			1		maplevel140	
<i18n=11236>	9053	40		65016	135244	0	0	191	-1	0	0			1		maplevel140	
<i18n=11236>	9053	40		66221	136214	0	0	191	-1	0	0			1		maplevel140	
<i18n=11236>	9053	40		70332	131691	0	0	191	-1	0	0			1		maplevel140	
<i18n=11236>	9053	40		68962	130558	0	0	191	-1	0	0			1		maplevel140	
<i18n=11236>	9053	40		70152	133703	0	0	191	-1	0	0			1		maplevel140	
<i18n=11236>	9053	40		68456	128779	0	0	191	-1	0	0			1		maplevel140	
<i18n=11236>	9053	40		65776	129562	0	0	191	-1	0	0			1		maplevel140	
<i18n=11236>	9053	40		68914	133673	0	0	191	-1	0	0			1		maplevel140	
<i18n=11236>	9053	40		64698	133460	0	0	191	-1	0	0			1		maplevel140	
<i18n=11236>	9053	40		67495	134471	0	0	191	-1	0	0			1		maplevel140	
<i18n=11236>	9053	40		67387	136715	0	0	191	-1	0	0			1		maplevel140	
<i18n=11236>	9053	40		66240	134008	0	0	191	-1	0	0			1		maplevel140	
<i18n=11236>	9053	40		67083	128621	0	0	191	-1	0	0			1		maplevel140	
<i18n=11236>	9053	40		64948	131292	0	0	191	-1	0	0			1		maplevel140	
<i18n=11236>	9053	40		80413	142745	0	0	191	-1	0	0			1		maplevel140	
<i18n=11236>	9053	40		81739	143206	0	0	191	-1	0	0			1		maplevel140	
<i18n=11236>	9053	40		84645	140905	0	0	191	-1	0	0			1		maplevel140	
<i18n=11236>	9053	40		84821	137401	0	0	191	-1	0	0			1		maplevel140	
<i18n=11236>	9053	40		83690	135901	0	0	191	-1	0	0			1		maplevel140	
<i18n=11236>	9053	40		82589	135524	0	0	191	-1	0	0			1		maplevel140	
<i18n=11236>	9053	40		81241	135839	0	0	191	-1	0	0			1		maplevel140	
<i18n=11236>	9053	40		80009	136953	0	0	191	-1	0	0			1		maplevel140	
<i18n=11236>	9053	40		79470	139152	0	0	191	-1	0	0			1		maplevel140	
<i18n=11236>	9053	40		81211	141222	0	0	191	-1	0	0			1		maplevel140	
<i18n=11236>	9053	40		83618	140907	0	0	191	-1	0	0			1		maplevel140	
<i18n=11236>	9053	40		83433	137498	0	0	191	-1	0	0			1		maplevel140	
<i18n=11236>	9053	40		82375	139024	0	0	191	-1	0	0			1		maplevel140	
<i18n=11236>	9053	40		79361	140870	0	0	191	-1	0	0			1		maplevel140	
<i18n=11236>	9053	40		81267	137380	0	0	191	-1	0	0			1		maplevel140	
<i18n=11236>	9053	40		46706	110551	0	0	191	-1	0	0			1		maplevel140	
<i18n=11236>	9053	40		47314	104936	0	0	191	-1	0	0			1		maplevel140	
<i18n=11236>	9053	40		49496	111470	0	0	191	-1	0	0			1		maplevel140	
<i18n=11236>	9053	40		50709	110854	0	0	191	-1	0	0			1		maplevel140	
<i18n=11236>	9053	40		51450	109096	0	0	191	-1	0	0			1		maplevel140	
<i18n=11236>	9053	40		49437	105852	0	0	191	-1	0	0			1		maplevel140	
<i18n=11236>	9053	40		49588	103396	0	0	191	-1	0	0			1		maplevel140	
<i18n=11236>	9053	40		51668	105154	0	0	191	-1	0	0			1		maplevel140	
<i18n=11236>	9053	40		46530	106942	0	0	191	-1	0	0			1		maplevel140	
<i18n=11236>	9053	40		46625	108577	0	0	191	-1	0	0			1		maplevel140	
<i18n=11236>	9053	40		50319	109451	0	0	191	-1	0	0			1		maplevel140	
<i18n=11236>	9053	40		50684	105823	0	0	191	-1	0	0			1		maplevel140	
<i18n=11236>	9053	40		48323	105431	0	0	191	-1	0	0			1		maplevel140	
<i18n=11236>	9053	40		47988	109235	0	0	191	-1	0	0			1		maplevel140	
<i18n=11236>	9053	40		49161	109521	0	0	191	-1	0	0			1		maplevel140	
<i18n=11236>	9053	40		91536	128917	0	0	191	-1	0	0			1		maplevel140	
<i18n=11236>	9053	40		91890	127049	0	0	191	-1	0	0			1		maplevel140	
<i18n=11236>	9053	40		91977	125478	0	0	191	-1	0	0			1		maplevel140	
<i18n=11236>	9053	40		91696	123400	0	0	191	-1	0	0			1		maplevel140	
<i18n=11236>	9053	40		90578	122439	0	0	191	-1	0	0			1		maplevel140	
<i18n=11236>	9053	40		88943	122199	0	0	191	-1	0	0			1		maplevel140	
<i18n=11236>	9053	40		87806	123443	0	0	191	-1	0	0			1		maplevel140	
<i18n=11236>	9053	40		87128	125620	0	0	191	-1	0	0			1		maplevel140	
<i18n=11236>	9053	40		87966	129784	0	0	191	-1	0	0			1		maplevel140	
<i18n=11236>	9053	40		89945	129611	0	0	191	-1	0	0			1		maplevel140	
<i18n=11236>	9053	40		90373	127457	0	0	191	-1	0	0			1		maplevel140	
<i18n=11236>	9053	40		90521	124710	0	0	191	-1	0	0			1		maplevel140	
<i18n=11236>	9053	40		88797	124579	0	0	191	-1	0	0			1		maplevel140	
<i18n=11236>	9053	40		88613	127591	0	0	191	-1	0	0			1		maplevel140	
<i18n=11236>	9053	40		87058	127452	0	0	191	-1	0	0			1		maplevel140	
<i18n=4484>	9052	40		74491	105811	0	0	191	-1	0	0			1		maplevel140	
<i18n=4484>	9052	40		75051	107663	0	0	191	-1	0	0			1		maplevel140	
<i18n=4484>	9052	40		76278	108605	0	0	191	-1	0	0			1		maplevel140	
<i18n=4484>	9052	40		78531	107525	0	0	191	-1	0	0			1		maplevel140	
<i18n=4484>	9052	40		79181	106165	0	0	191	-1	0	0			1		maplevel140	
<i18n=4484>	9052	40		78817	103173	0	0	191	-1	0	0			1		maplevel140	
<i18n=4484>	9052	40		76985	101789	0	0	191	-1	0	0			1		maplevel140	
<i18n=4484>	9052	40		75829	101776	0	0	191	-1	0	0			1		maplevel140	
<i18n=4484>	9052	40		74486	104214	0	0	191	-1	0	0			1		maplevel140	
<i18n=4484>	9052	40		75685	106316	0	0	191	-1	0	0			1		maplevel140	
<i18n=4484>	9052	40		77850	106378	0	0	191	-1	0	0			1		maplevel140	
<i18n=4484>	9052	40		77925	103625	0	0	191	-1	0	0			1		maplevel140	
<i18n=4484>	9052	40		74863	102619	0	0	191	-1	0	0			1		maplevel140	
<i18n=4484>	9052	40		75652	103927	0	0	191	-1	0	0			1		maplevel140	
<i18n=4484>	9052	40		76788	104861	0	0	191	-1	0	0			1		maplevel140	
<i18n=4484>	9052	40		96080	112214	0	0	191	-1	0	0			1		maplevel140	
<i18n=4484>	9052	40		97009	113248	0	0	191	-1	0	0			1		maplevel140	
<i18n=4484>	9052	40		95745	108490	0	0	191	-1	0	0			1		maplevel140	
<i18n=4484>	9052	40		98921	111339	0	0	191	-1	0	0			1		maplevel140	
<i18n=4484>	9052	40		100659	108652	0	0	191	-1	0	0			1		maplevel140	
<i18n=4484>	9052	40		98362	113344	0	0	191	-1	0	0			1		maplevel140	
<i18n=4484>	9052	40		100381	106862	0	0	191	-1	0	0			1		maplevel140	
<i18n=4484>	9052	40		99271	105697	0	0	191	-1	0	0			1		maplevel140	
<i18n=4484>	9052	40		96466	106689	0	0	191	-1	0	0			1		maplevel140	
<i18n=4484>	9052	40		95455	110337	0	0	191	-1	0	0			1		maplevel140	
<i18n=4484>	9052	40		96959	111004	0	0	191	-1	0	0			1		maplevel140	
<i18n=4484>	9052	40		99369	107734	0	0	191	-1	0	0			1		maplevel140	
<i18n=4484>	9052	40		97846	105691	0	0	191	-1	0	0			1		maplevel140	
<i18n=4484>	9052	40		98046	109585	0	0	191	-1	0	0			1		maplevel140	
<i18n=4484>	9052	40		97092	107764	0	0	191	-1	0	0			1		maplevel140	
<i18n=4484>	9052	40		105710	104220	0	0	191	-1	0	0			1		maplevel140	
<i18n=4484>	9052	40		107228	103814	0	0	191	-1	0	0			1		maplevel140	
<i18n=4484>	9052	40		107668	100309	0	0	191	-1	0	0			1		maplevel140	
<i18n=4484>	9052	40		106723	97303	0	0	191	-1	0	0			1		maplevel140	
<i18n=4484>	9052	40		105323	96678	0	0	191	-1	0	0			1		maplevel140	
<i18n=4484>	9052	40		105593	99200	0	0	191	-1	0	0			1		maplevel140	
<i18n=4484>	9052	40		103101	103569	0	0	191	-1	0	0			1		maplevel140	
<i18n=4484>	9052	40		102930	101305	0	0	191	-1	0	0			1		maplevel140	
<i18n=4484>	9052	40		104292	104081	0	0	191	-1	0	0			1		maplevel140	
<i18n=4484>	9052	40		104091	102311	0	0	191	-1	0	0			1		maplevel140	
<i18n=4484>	9052	40		106470	101932	0	0	191	-1	0	0			1		maplevel140	
<i18n=4484>	9052	40		106625	99298	0	0	191	-1	0	0			1		maplevel140	
<i18n=4484>	9052	40		102712	99257	0	0	191	-1	0	0			1		maplevel140	
<i18n=4484>	9052	40		105331	102447	0	0	191	-1	0	0			1		maplevel140	
<i18n=4484>	9052	40		104208	99201	0	0	191	-1	0	0			1		maplevel140	
<i18n=4484>	9052	40		110821	85380	0	0	191	-1	0	0			1		maplevel140	
<i18n=4484>	9052	40		113108	84532	0	0	191	-1	0	0			1		maplevel140	
<i18n=4484>	9052	40		113565	81589	0	0	191	-1	0	0			1		maplevel140	
<i18n=4484>	9052	40		112880	78249	0	0	191	-1	0	0			1		maplevel140	
<i18n=4484>	9052	40		111818	77706	0	0	191	-1	0	0			1		maplevel140	
<i18n=4484>	9052	40		109993	78427	0	0	191	-1	0	0			1		maplevel140	
<i18n=4484>	9052	40		108869	79736	0	0	191	-1	0	0			1		maplevel140	
<i18n=4484>	9052	40		108546	81979	0	0	191	-1	0	0			1		maplevel140	
<i18n=4484>	9052	40		109667	84870	0	0	191	-1	0	0			1		maplevel140	
<i18n=4484>	9052	40		108971	83817	0	0	191	-1	0	0			1		maplevel140	
<i18n=4484>	9052	40		112222	83279	0	0	191	-1	0	0			1		maplevel140	
<i18n=4484>	9052	40		112395	79824	0	0	191	-1	0	0			1		maplevel140	
<i18n=4484>	9052	40		110041	79882	0	0	191	-1	0	0			1		maplevel140	
<i18n=4484>	9052	40		109811	83355	0	0	191	-1	0	0			1		maplevel140	
<i18n=4484>	9052	40		111177	81641	0	0	191	-1	0	0			1		maplevel140	
<i18n=4484>	9052	40		100788	77701	0	0	191	-1	0	0			1		maplevel140	
<i18n=4484>	9052	40		102089	77111	0	0	191	-1	0	0			1		maplevel140	
<i18n=4484>	9052	40		103717	73532	0	0	191	-1	0	0			1		maplevel140	
<i18n=4484>	9052	40		103338	71597	0	0	191	-1	0	0			1		maplevel140	
<i18n=4484>	9052	40		100998	73951	0	0	191	-1	0	0			1		maplevel140	
<i18n=4484>	9052	40		100196	69705	0	0	191	-1	0	0			1		maplevel140	
<i18n=4484>	9052	40		99114	70386	0	0	191	-1	0	0			1		maplevel140	
<i18n=4484>	9052	40		98407	72583	0	0	191	-1	0	0			1		maplevel140	
<i18n=4484>	9052	40		98256	74514	0	0	191	-1	0	0			1		maplevel140	
<i18n=4484>	9052	40		98373	76861	0	0	191	-1	0	0			1		maplevel140	
<i18n=4484>	9052	40		102277	71871	0	0	191	-1	0	0			1		maplevel140	
<i18n=4484>	9052	40		101867	75296	0	0	191	-1	0	0			1		maplevel140	
<i18n=4484>	9052	40		99565	77887	0	0	191	-1	0	0			1		maplevel140	
<i18n=4484>	9052	40		99562	71900	0	0	191	-1	0	0			1		maplevel140	
<i18n=4484>	9052	40		99602	75700	0	0	191	-1	0	0			1		maplevel140	
<i18n=4484>	9052	40		101922	59003	0	0	191	-1	0	0			1		maplevel140	
<i18n=4484>	9052	40		102481	53216	0	0	191	-1	0	0			1		maplevel140	
<i18n=4484>	9052	40		103959	54498	0	0	191	-1	0	0			1		maplevel140	
<i18n=4484>	9052	40		102450	51444	0	0	191	-1	0	0			1		maplevel140	
<i18n=4484>	9052	40		101013	51309	0	0	191	-1	0	0			1		maplevel140	
<i18n=4484>	9052	40		99740	51725	0	0	191	-1	0	0			1		maplevel140	
<i18n=4484>	9052	40		98780	53171	0	0	191	-1	0	0			1		maplevel140	
<i18n=4484>	9052	40		98543	55131	0	0	191	-1	0	0			1		maplevel140	
<i18n=4484>	9052	40		100720	59227	0	0	191	-1	0	0			1		maplevel140	
<i18n=4484>	9052	40		100084	56633	0	0	191	-1	0	0			1		maplevel140	
<i18n=4484>	9052	40		99697	58389	0	0	191	-1	0	0			1		maplevel140	
<i18n=4484>	9052	40		101494	54789	0	0	191	-1	0	0			1		maplevel140	
<i18n=4484>	9052	40		100179	53372	0	0	191	-1	0	0			1		maplevel140	
<i18n=4484>	9052	40		98810	57117	0	0	191	-1	0	0			1		maplevel140	
<i18n=4484>	9052	40		102604	56790	0	0	191	-1	0	0			1		maplevel140	
<i18n=4484>	9052	40		101858	39338	0	0	191	-1	0	0			1		maplevel140	
<i18n=4484>	9052	40		102722	40019	0	0	191	-1	0	0			1		maplevel140	
<i18n=4484>	9052	40		105743	36977	0	0	191	-1	0	0			1		maplevel140	
<i18n=4484>	9052	40		105446	33176	0	0	191	-1	0	0			1		maplevel140	
<i18n=4484>	9052	40		104149	32455	0	0	191	-1	0	0			1		maplevel140	
<i18n=4484>	9052	40		102995	32213	0	0	191	-1	0	0			1		maplevel140	
<i18n=4484>	9052	40		101288	32570	0	0	191	-1	0	0			1		maplevel140	
<i18n=4484>	9052	40		100577	34571	0	0	191	-1	0	0			1		maplevel140	
<i18n=4484>	9052	40		100242	36412	0	0	191	-1	0	0			1		maplevel140	
<i18n=4484>	9052	40		101590	37652	0	0	191	-1	0	0			1		maplevel140	
<i18n=4484>	9052	40		104397	37903	0	0	191	-1	0	0			1		maplevel140	
<i18n=4484>	9052	40		104547	34162	0	0	191	-1	0	0			1		maplevel140	
<i18n=4484>	9052	40		100959	38428	0	0	191	-1	0	0			1		maplevel140	
<i18n=4484>	9052	40		101794	33949	0	0	191	-1	0	0			1		maplevel140	
<i18n=4484>	9052	40		103128	36087	0	0	191	-1	0	0			1		maplevel140	
<i18n=4484>	9052	40		87892	90463	0	0	191	-1	0	0			1		maplevel140	
<i18n=4484>	9052	40		89576	94033	0	0	191	-1	0	0			1		maplevel140	
<i18n=4484>	9052	40		92147	91784	0	0	191	-1	0	0			1		maplevel140	
<i18n=4484>	9052	40		92351	89997	0	0	191	-1	0	0			1		maplevel140	
<i18n=4484>	9052	40		91491	87336	0	0	191	-1	0	0			1		maplevel140	
<i18n=4484>	9052	40		90224	87190	0	0	191	-1	0	0			1		maplevel140	
<i18n=4484>	9052	40		88978	87299	0	0	191	-1	0	0			1		maplevel140	
<i18n=4484>	9052	40		88109	88790	0	0	191	-1	0	0			1		maplevel140	
<i18n=4484>	9052	40		87886	92238	0	0	191	-1	0	0			1		maplevel140	
<i18n=4484>	9052	40		90019	90501	0	0	191	-1	0	0			1		maplevel140	
<i18n=4484>	9052	40		88688	93383	0	0	191	-1	0	0			1		maplevel140	
<i18n=4484>	9052	40		91094	91919	0	0	191	-1	0	0			1		maplevel140	
<i18n=4484>	9052	40		90986	89070	0	0	191	-1	0	0			1		maplevel140	
<i18n=4484>	9052	40		89363	89118	0	0	191	-1	0	0			1		maplevel140	
<i18n=4484>	9052	40		89428	91976	0	0	191	-1	0	0			1		maplevel140	
<i18n=3090>	9054	40		43833	83022	0	0	191	-1	0	0			1		maplevel140	
<i18n=3090>	9054	40		45191	83521	0	0	191	-1	0	0			1		maplevel140	
<i18n=3090>	9054	40		46219	82862	0	0	191	-1	0	0			1		maplevel140	
<i18n=3090>	9054	40		44265	74999	0	0	191	-1	0	0			1		maplevel140	
<i18n=3090>	9054	40		47644	78081	0	0	191	-1	0	0			1		maplevel140	
<i18n=3090>	9054	40		47588	81693	0	0	191	-1	0	0			1		maplevel140	
<i18n=3090>	9054	40		47307	75794	0	0	191	-1	0	0			1		maplevel140	
<i18n=3090>	9054	40		42398	79021	0	0	191	-1	0	0			1		maplevel140	
<i18n=3090>	9054	40		43958	80816	0	0	191	-1	0	0			1		maplevel140	
<i18n=3090>	9054	40		42801	76222	0	0	191	-1	0	0			1		maplevel140	
<i18n=3090>	9054	40		46059	80605	0	0	191	-1	0	0			1		maplevel140	
<i18n=3090>	9054	40		47719	80183	0	0	191	-1	0	0			1		maplevel140	
<i18n=3090>	9054	40		46282	76636	0	0	191	-1	0	0			1		maplevel140	
<i18n=3090>	9054	40		46026	74825	0	0	191	-1	0	0			1		maplevel140	
<i18n=3090>	9054	40		32480	104052	0	0	191	-1	0	0			1		maplevel140	
<i18n=3090>	9054	40		34215	103875	0	0	191	-1	0	0			1		maplevel140	
<i18n=3090>	9054	40		37152	101654	0	0	191	-1	0	0			1		maplevel140	
<i18n=3090>	9054	40		37142	99562	0	0	191	-1	0	0			1		maplevel140	
<i18n=3090>	9054	40		36873	97731	0	0	191	-1	0	0			1		maplevel140	
<i18n=3090>	9054	40		34542	96029	0	0	191	-1	0	0			1		maplevel140	
<i18n=3090>	9054	40		33025	96371	0	0	191	-1	0	0			1		maplevel140	
<i18n=3090>	9054	40		31524	100188	0	0	191	-1	0	0			1		maplevel140	
<i18n=3090>	9054	40		34129	102253	0	0	191	-1	0	0			1		maplevel140	
<i18n=3090>	9054	40		34521	98173	0	0	191	-1	0	0			1		maplevel140	
<i18n=3090>	9054	40		35514	101713	0	0	191	-1	0	0			1		maplevel140	
<i18n=3090>	9054	40		36115	96400	0	0	191	-1	0	0			1		maplevel140	
<i18n=3090>	9054	40		32974	101637	0	0	191	-1	0	0			1		maplevel140	
<i18n=3090>	9054	40		35728	98566	0	0	191	-1	0	0			1		maplevel140	
<i18n=3090>	9054	40		24903	71167	0	0	191	-1	0	0			1		maplevel140	
<i18n=3090>	9054	40		25884	72783	0	0	191	-1	0	0			1		maplevel140	
<i18n=3090>	9054	40		27142	72876	0	0	191	-1	0	0			1		maplevel140	
<i18n=3090>	9054	40		28812	72213	0	0	191	-1	0	0			1		maplevel140	
<i18n=3090>	9054	40		29276	71071	0	0	191	-1	0	0			1		maplevel140	
<i18n=3090>	9054	40		29895	68958	0	0	191	-1	0	0			1		maplevel140	
<i18n=3090>	9054	40		26849	64498	0	0	191	-1	0	0			1		maplevel140	
<i18n=3090>	9054	40		24521	69417	0	0	191	-1	0	0			1		maplevel140	
<i18n=3090>	9054	40		25046	67085	0	0	191	-1	0	0			1		maplevel140	
<i18n=3090>	9054	40		26292	66363	0	0	191	-1	0	0			1		maplevel140	
<i18n=3090>	9054	40		26058	70694	0	0	191	-1	0	0			1		maplevel140	
<i18n=3090>	9054	40		28547	70599	0	0	191	-1	0	0			1		maplevel140	
<i18n=3090>	9054	40		27469	68842	0	0	191	-1	0	0			1		maplevel140	
<i18n=3090>	9054	40		25458	65210	0	0	191	-1	0	0			1		maplevel140	
<i18n=3090>	9054	40		28533	66615	0	0	191	-1	0	0			1		maplevel140	
<i18n=3090>	9054	40		30640	49350	0	0	191	-1	0	0			1		maplevel140	
<i18n=3090>	9054	40		31517	50741	0	0	191	-1	0	0			1		maplevel140	
<i18n=3090>	9054	40		34631	50859	0	0	191	-1	0	0			1		maplevel140	
<i18n=3090>	9054	40		36119	48257	0	0	191	-1	0	0			1		maplevel140	
<i18n=3090>	9054	40		35273	44737	0	0	191	-1	0	0			1		maplevel140	
<i18n=3090>	9054	40		33864	43534	0	0	191	-1	0	0			1		maplevel140	
<i18n=3090>	9054	40		32411	43565	0	0	191	-1	0	0			1		maplevel140	
<i18n=3090>	9054	40		31191	44471	0	0	191	-1	0	0			1		maplevel140	
<i18n=3090>	9054	40		30400	46926	0	0	191	-1	0	0			1		maplevel140	
<i18n=3090>	9054	40		32010	48960	0	0	191	-1	0	0			1		maplevel140	
<i18n=3090>	9054	40		34657	48533	0	0	191	-1	0	0			1		maplevel140	
<i18n=3090>	9054	40		36153	46270	0	0	191	-1	0	0			1		maplevel140	
<i18n=3090>	9054	40		34560	46037	0	0	191	-1	0	0			1		maplevel140	
<i18n=3090>	9054	40		31816	45420	0	0	191	-1	0	0			1		maplevel140	
<i18n=3090>	9054	40		33547	45291	0	0	191	-1	0	0			1		maplevel140	
<i18n=3090>	9054	40		56985	69212	0	0	191	-1	0	0			1		maplevel140	
<i18n=3090>	9054	40		56179	74129	0	0	191	-1	0	0			1		maplevel140	
<i18n=3090>	9054	40		59629	73484	0	0	191	-1	0	0			1		maplevel140	
<i18n=3090>	9054	40		59042	68901	0	0	191	-1	0	0			1		maplevel140	
<i18n=3090>	9054	40		60217	67273	0	0	191	-1	0	0			1		maplevel140	
<i18n=3090>	9054	40		57241	66694	0	0	191	-1	0	0			1		maplevel140	
<i18n=3090>	9054	40		55853	67674	0	0	191	-1	0	0			1		maplevel140	
<i18n=3090>	9054	40		55538	69778	0	0	191	-1	0	0			1		maplevel140	
<i18n=3090>	9054	40		55461	71961	0	0	191	-1	0	0			1		maplevel140	
<i18n=3090>	9054	40		58052	72012	0	0	191	-1	0	0			1		maplevel140	
<i18n=3090>	9054	40		57599	74213	0	0	191	-1	0	0			1		maplevel140	
<i18n=3090>	9054	40		58889	71643	0	0	191	-1	0	0			1		maplevel140	
<i18n=3090>	9054	40		58824	66662	0	0	191	-1	0	0			1		maplevel140	
<i18n=3090>	9054	40		58074	68956	0	0	191	-1	0	0			1		maplevel140	
<i18n=3090>	9054	40		56763	72077	0	0	191	-1	0	0			1		maplevel140	
<i18n=3090>	9054	40		72903	69154	0	0	191	-1	0	0			1		maplevel140	
<i18n=3090>	9054	40		76994	69891	0	0	191	-1	0	0			1		maplevel140	
<i18n=3090>	9054	40		78071	67483	0	0	191	-1	0	0			1		maplevel140	
<i18n=3090>	9054	40		74450	63672	0	0	191	-1	0	0			1		maplevel140	
<i18n=3090>	9054	40		76153	63392	0	0	191	-1	0	0			1		maplevel140	
<i18n=3090>	9054	40		77454	64230	0	0	191	-1	0	0			1		maplevel140	
<i18n=3090>	9054	40		73353	64982	0	0	191	-1	0	0			1		maplevel140	
<i18n=3090>	9054	40		73842	70078	0	0	191	-1	0	0			1		maplevel140	
<i18n=3090>	9054	40		74746	70753	0	0	191	-1	0	0			1		maplevel140	
<i18n=3090>	9054	40		74360	68604	0	0	191	-1	0	0			1		maplevel140	
<i18n=3090>	9054	40		76462	68537	0	0	191	-1	0	0			1		maplevel140	
<i18n=3090>	9054	40		77740	69092	0	0	191	-1	0	0			1		maplevel140	
<i18n=3090>	9054	40		76496	65470	0	0	191	-1	0	0			1		maplevel140	
<i18n=3090>	9054	40		74474	65439	0	0	191	-1	0	0			1		maplevel140	
<i18n=3090>	9054	40		75440	66968	0	0	191	-1	0	0			1		maplevel140	
<i18n=3090>	9054	40		67354	29517	0	0	191	-1	0	0			1		maplevel140	
<i18n=3090>	9054	40		64241	36409	0	0	191	-1	0	0			1		maplevel140	
<i18n=3090>	9054	40		65548	36690	0	0	191	-1	0	0			1		maplevel140	
<i18n=3090>	9054	40		62652	34330	0	0	191	-1	0	0			1		maplevel140	
<i18n=3090>	9054	40		68101	30994	0	0	191	-1	0	0			1		maplevel140	
<i18n=3090>	9054	40		66094	28615	0	0	191	-1	0	0			1		maplevel140	
<i18n=3090>	9054	40		62275	31925	0	0	191	-1	0	0			1		maplevel140	
<i18n=3090>	9054	40		63195	29842	0	0	191	-1	0	0			1		maplevel140	
<i18n=3090>	9054	40		63113	35484	0	0	191	-1	0	0			1		maplevel140	
<i18n=3090>	9054	40		64122	34235	0	0	191	-1	0	0			1		maplevel140	
<i18n=3090>	9054	40		66855	34261	0	0	191	-1	0	0			1		maplevel140	
<i18n=3090>	9054	40		67942	34883	0	0	191	-1	0	0			1		maplevel140	
<i18n=3090>	9054	40		66684	30595	0	0	191	-1	0	0			1		maplevel140	
<i18n=3090>	9054	40		64159	30562	0	0	191	-1	0	0			1		maplevel140	
<i18n=3090>	9054	40		65415	32337	0	0	191	-1	0	0			1		maplevel140	
<i18n=3090>	9054	40		78233	48428	0	0	191	-1	0	0			1		maplevel140	
<i18n=3090>	9054	40		74185	53914	0	0	191	-1	0	0			1		maplevel140	
<i18n=3090>	9054	40		76409	46805	0	0	191	-1	0	0			1		maplevel140	
<i18n=3090>	9054	40		76680	53994	0	0	191	-1	0	0			1		maplevel140	
<i18n=3090>	9054	40		75033	46679	0	0	191	-1	0	0			1		maplevel140	
<i18n=3090>	9054	40		73039	49386	0	0	191	-1	0	0			1		maplevel140	
<i18n=3090>	9054	40		74387	48578	0	0	191	-1	0	0			1		maplevel140	
<i18n=3090>	9054	40		74272	52019	0	0	191	-1	0	0			1		maplevel140	
<i18n=3090>	9054	40		78007	53180	0	0	191	-1	0	0			1		maplevel140	
<i18n=3090>	9054	40		76710	51908	0	0	191	-1	0	0			1		maplevel140	
<i18n=3090>	9054	40		76746	48919	0	0	191	-1	0	0			1		maplevel140	
<i18n=3090>	9054	40		77994	50998	0	0	191	-1	0	0			1		maplevel140	
<i18n=3090>	9054	40		77553	47287	0	0	191	-1	0	0			1		maplevel140	
<i18n=3090>	9054	40		73586	47676	0	0	191	-1	0	0			1		maplevel140	
<i18n=3090>	9054	40		75670	50454	0	0	191	-1	0	0			1		maplevel140	
<i18n=3090>	9054	40		31598	102446	0	0	191	-1	0	0			1		maplevel140	
<i18n=3090>	9054	40		31905	97545	0	0	191	-1	0	0			1		maplevel140	
<i18n=3090>	9054	40		36449	103649	0	0	191	-1	0	0			1		maplevel140	
<i18n=3090>	9054	40		33114	98279	0	0	191	-1	0	0			1		maplevel140	
<i18n=3090>	9054	40		45169	79033	0	0	191	-1	0	0			1		maplevel140	
<i18n=3090>	9054	40		42615	81704	0	0	191	-1	0	0			1		maplevel140	
<i18n=3090>	9054	40		44164	76914	0	0	191	-1	0	0			1		maplevel140	
<i18n=3090>	9054	40		28215	64776	0	0	191	-1	0	0			1		maplevel140	
<i18n=3090>	9054	40		29207	65579	0	0	191	-1	0	0			1		maplevel140	
<i18n=3090>	9054	40		29734	67474	0	0	191	-1	0	0			1		maplevel140	
<i18n=3090>	9054	40		32925	51020	0	0	191	-1	0	0			1		maplevel140	
<i18n=3090>	9054	40		33239	49245	0	0	191	-1	0	0			1		maplevel140	
<i18n=3090>	9054	40		35742	49825	0	0	191	-1	0	0			1		maplevel140	
<i18n=3090>	9054	40		58732	74128	0	0	191	-1	0	0			1		maplevel140	
<i18n=3090>	9054	40		60325	71841	0	0	191	-1	0	0			1		maplevel140	
<i18n=3090>	9054	40		60487	70019	0	0	191	-1	0	0			1		maplevel140	
<i18n=3090>	9054	40		72772	66806	0	0	191	-1	0	0			1		maplevel140	
<i18n=3090>	9054	40		76122	70860	0	0	191	-1	0	0			1		maplevel140	
<i18n=3090>	9054	40		77885	65784	0	0	191	-1	0	0			1		maplevel140	
<i18n=3090>	9054	40		72897	51582	0	0	191	-1	0	0			1		maplevel140	
<i18n=3090>	9054	40		73536	53500	0	0	191	-1	0	0			1		maplevel140	
<i18n=3090>	9054	40		75538	54397	0	0	191	-1	0	0			1		maplevel140	
<i18n=3090>	9054	40		66875	36234	0	0	191	-1	0	0			1		maplevel140	
<i18n=3090>	9054	40		68598	33243	0	0	191	-1	0	0			1		maplevel140	
<i18n=3090>	9054	40		64661	28730	0	0	191	-1	0	0			1		maplevel140	
<i18n=11236>	9053	40		41697	156361	0	0	191	-1	0	0			1		maplevel140	
<i18n=11236>	9053	40		44290	155596	0	0	191	-1	0	0			1		maplevel140	
<i18n=11236>	9053	40		43175	156036	0	0	191	-1	0	0			1		maplevel140	
<i18n=11236>	9053	40		42514	134319	0	0	191	-1	0	0			1		maplevel140	
<i18n=11236>	9053	40		43597	134916	0	0	191	-1	0	0			1		maplevel140	
<i18n=11236>	9053	40		47138	134420	0	0	191	-1	0	0			1		maplevel140	
<i18n=11236>	9053	40		63168	154908	0	0	191	-1	0	0			1		maplevel140	
<i18n=11236>	9053	40		64884	157047	0	0	191	-1	0	0			1		maplevel140	
<i18n=11236>	9053	40		64236	149662	0	0	191	-1	0	0			1		maplevel140	
<i18n=11236>	9053	40		67819	130995	0	0	191	-1	0	0			1		maplevel140	
<i18n=11236>	9053	40		69255	135882	0	0	191	-1	0	0			1		maplevel140	
<i18n=11236>	9053	40		69702	129564	0	0	191	-1	0	0			1		maplevel140	
<i18n=11236>	9053	40		53948	122435	0	0	191	-1	0	0			1		maplevel140	
<i18n=11236>	9053	40		55151	128773	0	0	191	-1	0	0			1		maplevel140	
<i18n=11236>	9053	40		59760	128104	0	0	191	-1	0	0			1		maplevel140	
<i18n=11236>	9053	40		48289	103988	0	0	191	-1	0	0			1		maplevel140	
<i18n=11236>	9053	40		51799	106648	0	0	191	-1	0	0			1		maplevel140	
<i18n=11236>	9053	40		50540	104046	0	0	191	-1	0	0			1		maplevel140	
<i18n=11236>	9053	40		82829	143074	0	0	191	-1	0	0			1		maplevel140	
<i18n=11236>	9053	40		84057	142432	0	0	191	-1	0	0			1		maplevel140	
<i18n=11236>	9053	40		85049	138859	0	0	191	-1	0	0			1		maplevel140	
<i18n=4484>	9052	40		77419	108424	0	0	191	-1	0	0			1		maplevel140	
<i18n=4484>	9052	40		79171	104498	0	0	191	-1	0	0			1		maplevel140	
<i18n=4484>	9052	40		78127	102044	0	0	191	-1	0	0			1		maplevel140	
<i18n=4484>	9052	40		91876	93488	0	0	191	-1	0	0			1		maplevel140	
<i18n=4484>	9052	40		92367	88629	0	0	191	-1	0	0			1		maplevel140	
<i18n=4484>	9052	40		90773	93962	0	0	191	-1	0	0			1		maplevel140	
<i18n=4484>	9052	40		107815	98599	0	0	191	-1	0	0			1		maplevel140	
<i18n=4484>	9052	40		103936	97483	0	0	191	-1	0	0			1		maplevel140	
<i18n=4484>	9052	40		107630	102050	0	0	191	-1	0	0			1		maplevel140	
<i18n=4484>	9052	40		100787	110792	0	0	191	-1	0	0			1		maplevel140	
<i18n=4484>	9052	40		99761	112199	0	0	191	-1	0	0			1		maplevel140	
<i18n=4484>	9052	40		113395	83133	0	0	191	-1	0	0			1		maplevel140	
<i18n=4484>	9052	40		112105	85130	0	0	191	-1	0	0			1		maplevel140	
<i18n=4484>	9052	40		113519	79789	0	0	191	-1	0	0			1		maplevel140	
<i18n=4484>	9052	40		102792	70374	0	0	191	-1	0	0			1		maplevel140	
<i18n=4484>	9052	40		103012	76047	0	0	191	-1	0	0			1		maplevel140	
<i18n=4484>	9052	40		101347	69337	0	0	191	-1	0	0			1		maplevel140	
<i18n=4484>	9052	40		102967	58231	0	0	191	-1	0	0			1		maplevel140	
<i18n=4484>	9052	40		103788	56613	0	0	191	-1	0	0			1		maplevel140	
<i18n=4484>	9052	40		103668	52439	0	0	191	-1	0	0			1		maplevel140	
<i18n=4484>	9052	40		105231	38678	0	0	191	-1	0	0			1		maplevel140	
<i18n=4484>	9052	40		104273	39936	0	0	191	-1	0	0			1		maplevel140	
<i18n=4484>	9052	40		105805	35139	0	0	191	-1	0	0			1		maplevel140	
<i18n=14681>	7185	45		47367	47681	0	0	191	-1	0	0			1	
<i18n=2109>	7191	45		87993	63978	0	0	191	-1	0	0			1	
<i18n=4331>	7194	45		97536	80481	0	0	191	-1	0	0			1	
<i18n=6723>	7237	45		113750	96223	0	0	191	-1	0	0			1	
<i18n=2131>	7230	45		91170	108160	0	0	191	-1	0	0			1	
<i18n=6915>	7232	45		50549	174733	0	0	191	-1	0	0			1	
<i18n=2568>	7184	45		27670	55801	0	0	191	-1	0	0			1	
