nConfigID	nComposeType	nFormulaID	nSaveKeyID	nMaxComposeCount	nMaxComposePerTimes	szCallBack1	szParam1	szCallBack2	szParam2	szTitle
1	1	1	2	420	60
1	2	2	3	420	60
2	1	5	2	100	100
2	2	4	3	100	100
3	1	8	2	250	250
4	1	10	2	150	150
4	2	11	3	850	150
5	1	14	2	200	200
5	2	15	3	150	150
6	1	19	2	200	200
8	1	22	2	200	200
8	2	23	3	250	250
10	1	33	2	200	200
10	2	32	3	200	200
11	1	42	2	200	200	GotoPos	12417|17|50460|71421	OpenWindow	UIAccess_Tip|1|1380|1382	<i18n=38484>
12	1	46	3	200	200	GotoPos	12434|327|18747|43101	OpenWindow	UIAccess_Tip1|1|1392|1393|1394	<i18n=38275>
12	2	45	2	200	200	GotoPos	12434|327|18747|43101	OpenWindow	UIAccess_Tip1|1|1392|1393|1394	<i18n=38243>
14	1	64	3	250	200	GotoPos	12435|17|50460|71421	OpenWindow	UIAccess_Tip1|1|1631|1629|1630|1628	<i18n=19531>
14	2	63	2	100	100	GotoPos	12435|17|50460|71421	OpenWindow	UIAccess_Tip1|1|1631|1629|1630|1628	<i18n=19534>
15	1	2	3	100	50			OpenWindow	UIAccess_Tip1|1|1147|1146	<i18n=23618>
15	2	1	2	150	50			OpenWindow	UIAccess_Tip1|1|1146	<i18n=23620>
