Key	Group	AwardType	AwardSubType	CountMin	CountMax	RandRate	TimeFrameStart	TimeFrameEnd	bCenterMsg	bSysMsg	bTongMsg	bTeamMsg	bAwardTips	bFlyTips	TimeOut	BindType
1	1	Item	412	15	15	1000000				1			1			1
1	2	Item	31001	100	100	1000000				1			1
1	3	Item	201	100	100	1000000				1			1
1	4	Item	20382	50	50	1000000				1			1
1	5	Item	503	50	50	1000000				1			1
2	1	Item	412	15	15	1000000				1			1			1
2	2	Item	31001	90	90	1000000				1			1
2	3	Item	201	90	90	1000000				1			1
2	4	Item	20382	40	40	1000000				1			1
2	5	Item	503	40	40	1000000				1			1
3	1	Item	412	12	12	1000000				1			1			1
3	2	Item	31001	80	80	1000000				1			1
3	3	Item	201	80	80	1000000				1			1
3	4	Item	20382	35	35	1000000				1			1
3	5	Item	503	35	35	1000000				1			1
4	1	Item	412	12	12	1000000				1			1			1
4	2	Item	31001	70	70	1000000				1			1
4	3	Item	201	70	70	1000000				1			1
4	4	Item	20382	30	30	1000000				1			1
4	5	Item	503	30	30	1000000				1			1
5	1	Item	412	8	8	1000000				1			1			1
5	2	Item	31001	60	60	1000000				1			1
5	3	Item	201	60	60	1000000				1			1
5	4	Item	20382	28	28	1000000				1			1
5	5	Item	503	28	28	1000000				1			1
6	1	Item	412	8	8	1000000				1			1			1
6	2	Item	31001	50	50	1000000				1			1
6	3	Item	201	50	50	1000000				1			1
6	4	Item	20382	24	24	1000000				1			1
6	5	Item	503	24	24	1000000				1			1
7	1	Item	412	5	5	1000000				1			1			1
7	2	Item	31001	50	50	1000000				1			1
7	3	Item	201	50	50	1000000				1			1
7	4	Item	20382	20	20	1000000				1			1
7	5	Item	503	20	20	1000000				1			1
8	1	Item	412	5	5	1000000				1			1			1
8	2	Item	31001	40	40	1000000				1			1
8	3	Item	201	40	40	1000000				1			1
8	4	Item	20382	16	16	1000000				1			1
8	5	Item	503	16	16	1000000				1			1
9	1	Coin		2000	2000	1000000				1			1
9	2	Item	201	5	5	1000000				1			1
9	3	Item	412	2	2	1000000				1			1			1
9	4	Item	901	10	10	1000000				1			1			1
10	1	Coin		800	800	1000000				1			1
10	2	Item	201	2	2	1000000				1			1
10	3	Item	412	1	1	1000000				1			1			1
10	4	Item	901	3	3	1000000				1			1			1
11	1	Coin		1000	1000	1000000				1			1
11	2	Item	201	2	2	1000000				1			1
11	3	Item	412	1	1	1000000				1			1			1
11	4	Item	901	5	5	1000000				1			1			1
12	1	Coin		5000	5000	1000000				1			1
12	2	Item	201	10	10	1000000				1			1
12	3	Item	412	4	4	1000000				1			1			1
12	4	Item	901	20	20	1000000				1			1			1
13	1	Coin		3000	3000	1000000				1			1
13	2	Item	201	5	5	1000000				1			1
13	3	Item	412	2	2	1000000				1			1			1
13	4	Item	901	10	10	1000000				1			1			1
14	1	Item	650208	1	1	1000000				1			1			1
14	2	Item	650218	1	1	1000000				1			1
14	3	Item	650219	1	1	1000000				1			1
14	4	Item	650220	1	1	1000000				1			1
14	5	Item	650230	1	1	1000000				1			1
14	6	YuanBao		50000	50000	1000000				1			1
15	1	Item	650209	1	1	1000000				1			1			1
15	2	Item	650218	1	1	1000000				1			1
15	3	Item	650219	1	1	1000000				1			1
15	4	Item	650220	1	1	1000000				1			1
15	5	Item	650231	1	1	1000000				1			1
15	6	YuanBao		40000	40000	1000000				1			1
16	1	Item	650210	1	1	1000000				1			1			1
16	2	Item	650221	1	1	1000000				1			1
16	3	Item	650222	1	1	1000000				1			1
16	4	Item	650223	1	1	1000000				1			1
16	5	Item	650232	1	1	1000000				1			1
16	6	YuanBao		30000	30000	1000000				1			1
17	1	Item	650211	1	1	1000000				1			1			1
17	2	Item	650224	1	1	1000000				1			1
17	3	Item	650225	1	1	1000000				1			1
17	4	Item	650226	1	1	1000000				1			1
17	5	Item	650233	1	1	1000000				1			1
17	6	YuanBao		20000	20000	1000000				1			1
18	1	Item	650217	1	1	1000000				1			1			1
18	2	Item	650224	1	1	1000000				1			1
18	3	Item	650225	1	1	1000000				1			1
18	4	Item	650226	1	1	1000000				1			1
18	5	Item	650234	1	1	1000000				1			1
18	6	YuanBao		15000	15000	1000000				1			1
19	1	Item	650217	1	1	1000000				1			1			1
19	2	Item	650227	1	1	1000000				1			1
19	3	Item	650228	1	1	1000000				1			1
19	4	Item	650229	1	1	1000000				1			1
19	5	Item	650235	1	1	1000000				1			1
19	6	YuanBao		10000	10000	1000000				1			1
20	1	Item	650212	1	1	1000000				1			1			1
20	2	Item	650218	1	1	1000000				1			1
20	3	Item	650219	1	1	1000000				1			1
20	4	Item	650220	1	1	1000000				1			1
20	5	Item	650236	1	1	1000000				1			1
20	6	YuanBao		35000	35000	1000000				1			1
21	1	Item	650213	1	1	1000000				1			1			1
21	2	Item	650218	1	1	1000000				1			1
21	3	Item	650219	1	1	1000000				1			1
21	4	Item	650220	1	1	1000000				1			1
21	5	Item	650237	1	1	1000000				1			1
21	6	YuanBao		25000	25000	1000000				1			1
22	1	Item	650214	1	1	1000000				1			1			1
22	2	Item	650221	1	1	1000000				1			1
22	3	Item	650222	1	1	1000000				1			1
22	4	Item	650223	1	1	1000000				1			1
22	5	Item	650238	1	1	1000000				1			1
22	6	YuanBao		20000	20000	1000000				1			1
23	1	Item	650211	1	1	1000000				1			1			1
23	2	Item	650224	1	1	1000000				1			1
23	3	Item	650225	1	1	1000000				1			1
23	4	Item	650226	1	1	1000000				1			1
23	5	Item	650239	1	1	1000000				1			1
23	6	YuanBao		15000	15000	1000000				1			1
24	1	Item	650217	1	1	1000000				1			1			1
24	2	Item	650224	1	1	1000000				1			1
24	3	Item	650225	1	1	1000000				1			1
24	4	Item	650226	1	1	1000000				1			1
24	5	Item	650240	1	1	1000000				1			1
24	6	YuanBao		10000	10000	1000000				1			1
25	1	Item	650217	1	1	1000000				1			1			1
25	2	Item	650227	1	1	1000000				1			1
25	3	Item	650228	1	1	1000000				1			1
25	4	Item	650229	1	1	1000000				1			1
25	5	Item	650241	1	1	1000000				1			1
25	6	YuanBao		8000	8000	1000000				1			1
26	1	Coin		1000	1000	1000000				1			1
27	1	Item	650245	1	1	1000000				1			1			1
27	2	Item	650203	1	1	1000000				1			1
27	3	Item	650206	1	1	1000000				1			1
27	4	Item	650207	1	1	1000000				1			1
27	5	Item	650246	1	1	1000000				1			1
27	6	Item	650247	1	1	1000000				1			1
28	1	Item	650245	1	1	1000000				1			1			1
28	2	Item	650203	1	1	1000000				1			1
28	3	Item	650206	1	1	1000000				1			1
28	4	Item	650207	1	1	1000000				1			1
28	5	Item	650246	1	1	1000000				1			1
28	6	Item	650247	1	1	1000000				1			1
29	1	Coin		100	100	1000000				1			1			1
30	1	YuanBao		10	10	1000000				1			1			1
31	1	Item	650248	2	2	1000000				1			1			1
32	1	Coin		2000	2000	1000000				1			1			1
