Key	Group	AwardType	AwardSubType	CountMin	CountMax	RandRate	TimeFrameStart	TimeFrameEnd	bCenterMsg	bSysMsg	bTongMsg	bTeamMsg	bAwardTips	bFlyTips	TimeOut	BindType
1	1	Item	214	1	1	1000000				1			1			1
1	2	Item	671601	50	50	1000000				1			1
1	3	Item	33010	50	50	1000000				1			1
1	4	Item	672313	1	1	1000000				1			1
2	1	Item	213	2	2	1000000				1			1			1
2	2	Item	671601	40	40	1000000				1			1
2	3	Item	33010	50	50	1000000				1			1
2	4	Item	672313	1	1	1000000				1			1
3	1	Item	213	1	1	1000000				1			1			1
3	2	Item	671601	35	35	1000000				1			1
3	3	Item	33010	40	40	1000000				1			1
3	4	Item	672313	1	1	1000000				1			1
4	1	Item	211	10	10	1000000				1			1			1
4	2	Item	671601	30	30	1000000				1			1
4	3	Item	33010	30	30	1000000				1			1
4	4	Item	672313	1	1	1000000				1			1
5	1	Item	211	8	8	1000000				1			1			1
5	2	Item	671601	25	25	1000000				1			1
5	3	Item	33010	20	20	1000000				1			1
5	4	Item	672313	1	1	1000000				1			1
6	1	Item	211	6	6	1000000				1			1			1
6	2	Item	671601	20	20	1000000				1			1
6	3	Item	33010	20	20	1000000				1			1
6	4	Item	672313	1	1	1000000				1			1
8	1	Item	211	4	4	1000000				1			1			1
8	2	Item	671601	20	20	1000000				1			1
8	3	Item	33010	20	20	1000000				1			1
8	4	Item	672313	1	1	1000000				1			1
9	1	Coin		5000	5000	1000000				1			1
9	2	Item	33010	5	5	1000000				1			1
9	3	Item	412	2	2	1000000				1			1			1
9	4	Item	901	100	100	1000000				1			1			1
10	1	Coin		2000	2000	1000000				1			1
10	2	Item	33010	2	2	1000000				1			1
10	3	Item	412	1	1	1000000				1			1			1
10	4	Item	901	50	50	1000000				1			1			1
11	1	Coin		3000	3000	1000000				1			1
11	2	Item	33010	2	2	1000000				1			1
11	3	Item	412	1	1	1000000				1			1			1
11	4	Item	901	60	60	1000000				1			1			1
12	1	Coin		8000	8000	1000000				1			1
12	2	Item	412	2	2	1000000				1			1
12	3	Item	671601	5	5	1000000				1			1			1
12	4	Item	33010	10	10	1000000				1			1			1
13	1	Coin		5000	5000	1000000				1			1
13	2	Item	412	1	1	1000000				1			1
13	3	Item	671601	3	3	1000000				1			1			1
13	4	Item	33010	5	5	1000000				1			1			1
14	1	Item	672328	1	1	1000000				1			1			1
14	2	Item	650224	1	1	1000000				1			1
14	3	Item	650225	1	1	1000000				1			1
14	4	Item	650226	1	1	1000000				1			1
14	5	Item	672320	1	1	1000000				1			1
14	6	Item	672322	1	1	1000000				1			1
14	7	YuanBao		60000	60000	1000000				1			1
15	1	Item	672329	1	1	1000000				1			1			1
15	2	Item	650224	1	1	1000000				1			1
15	3	Item	650225	1	1	1000000				1			1
15	4	Item	650226	1	1	1000000				1			1
15	5	Item	672320	1	1	1000000				1			1
15	6	Item	672323	1	1	1000000				1			1
15	7	YuanBao		50000	50000	1000000				1			1
16	1	Item	672330	1	1	1000000				1			1			1
16	2	Item	672314	1	1	1000000				1			1
16	3	Item	672315	1	1	1000000				1			1
16	4	Item	672316	1	1	1000000				1			1
16	5	Item	672321	1	1	1000000				1			1
16	6	Item	672324	1	1	1000000				1			1
16	7	YuanBao		40000	40000	1000000				1			1
17	1	Item	672331	1	1	1000000				1			1			1
17	2	Item	650227	1	1	1000000				1			1
17	3	Item	650228	1	1	1000000				1			1
17	4	Item	650229	1	1	1000000				1			1
17	5	Item	672325	1	1	1000000				1			1
17	6	YuanBao		30000	30000	1000000				1			1
18	1	Item	672332	1	1	1000000				1			1			1
18	2	Item	650227	1	1	1000000				1			1
18	3	Item	650228	1	1	1000000				1			1
18	4	Item	650229	1	1	1000000				1			1
18	5	Item	672326	1	1	1000000				1			1
18	6	YuanBao		20000	20000	1000000				1			1
19	1	Item	672332	1	1	1000000				1			1			1
19	2	Item	672317	1	1	1000000				1			1
19	3	Item	672318	1	1	1000000				1			1
19	4	Item	672319	1	1	1000000				1			1
19	5	Item	672327	1	1	1000000				1			1
19	6	YuanBao		15000	15000	1000000				1			1
26	1	Coin		1000	1000	1000000				1			1
27	1	Item	672328	1	1	1000000				1			1			1
27	2	Item	650224	1	1	1000000				1			1
27	3	Item	650225	1	1	1000000				1			1
27	4	Item	650226	1	1	1000000				1			1
27	5	Item	672320	1	1	1000000				1			1
27	6	Item	672322	1	1	1000000				1			1
27	7	YuanBao		60000	60000	1000000				1			1			1
32	1	Coin		2000	2000	1000000				1			1			1
