SkillId	Selector	LiftPercent
1002		
1005		
1006		
1019		
1121		
1102		
1103		
1120		
1001		
1101		
1202		
1203		
1214		
1216		
1302		
1303		
1305		
1315		
1201		
1301		
1403		
1404		
1405		
1415		
1502		
1504		
1517		
1401		
1501		
1603		
1604		
1605		
1611		
1703		
1704		
1705		
1713		
1601		
1701		
1803		
1805		
1807		
1817		
1903		
1904		
1906		
1913		
1801		
1901		
2203		
2204		
2205		
2219		
2302		
2303		
2304		
2311		
2201		
2301		
2402		
2403		
2404		
2412		
2502		
2504		
2505		
2511		
2401		
2501		
2602		
2604		
2605		
2614		
2702		
2704		
2706		
2714		
2601		
2701		
2802		
2803		
2804		
2814		
2902		
2903		
2904		
2915		
2801		
2901		
3002		
3005		
3006		
3014		
3116		
3120		
3121		
3128		
3001		
3114		
3203		
3204		
3205		
3215		
3302		
3303		
3304		
3311		
3201		
3301		
10342		
10343		
10344		
10345		
10346		
10347		
10348		
10349		
10350		
10351		
10352		
10353		
10354		
10355		
7001		
7002		
7007		
7010		
7013		
7014		
7017		
7018		
7020		
7022		
7023		
7025		
7028		
7030		
7031		
7032		
7033		
7034		
7035		
7036		
7037		
7039		
7040		
7041		
7042		
7043		
7044		
7045		
7046		
7047		
2004		
2005		
2017		
2002		
2001		
2103		
2113		
2105		
2101		
3402		
3403		
3404		
3409		
3401		
3502		
3505		
3508		
3511		
3501		
3603		
3606		
3607		
3608		
3611		
3612		
3613		
3615		
3616		
3617		
3601		
3704		
3708		
3711		
3713		
3717		
3718		
3719		
3722		
3723		
3724		
3701		
3803		
3801		
3807		
3810		
3813		
3814		
3815		
3817		
3818		
3819		
3826		
3806		
3906		
3927		
3908		
3911		
3914		
3814		
3915		
3917		
3918		
3919		
3926		
3901		
4202		
4204		
4205		
4226		
4210		
4211		
4212		
4215		
4216		
4217		
4219		
4201		
4303		
4302		
4306		
4307		
4310		
4311		
4312		
4315		
4316		
4317		
4301		
4004		
4003		
4005		
4007		
4009		
4010		
4011		
4013		
4014		
4015		
4017		
4001		
4105		
4102		
4106		
4108		
4114		
4115		
4116		
4118		
4119		
4015		
4120		
4101		
4502		
4405		
4503		
4505		
4508		
4509		
4510		
4513		
4514		
4518		
4515		
4501		
4403		
4405		
4406		
4407		
4410		
4411		
4413		
4415		
4416		
4417		
4419		
4401		
4702		
4703		
4704		
4705		
4708		
4709		
4710		
4712		
4713		
4714		
4716		
4701		
4605		
4602		
4607		
4608		
4610		
4611		
4612		
4616		
4617		
4620		
4618		
4601		
4802		
4805		
4807		
4808		
4810		
4811		
4812		
4814		
4815		
4816		
4818		
4801		
4902		
4904		
4922		
4906		
4908		
4909		
4812		
4910		
4911		
4912		
4914		
4901		
