NpcName	NpcTemplateId	NpcLevel	TitleID	XPos	YPos	ZPos	CanAutoPath	StandDir	NpcSeriesAuto	Removewhendeath	IsMapMonster	NpcPath	bPathRecycle	nShareType	ShowName	LevelSettingKey
<i18n=11615>	9023	70		37491	126867	0	0	191	-1	0	0			1		maplevel170
<i18n=11615>	9023	70		40179	132252	0	0	191	-1	0	0			1		maplevel170
<i18n=11615>	9023	70		41405	125675	0	0	191	-1	0	0			1		maplevel170
<i18n=11615>	9023	70		40928	123911	0	0	191	-1	0	0			1		maplevel170
<i18n=11615>	9023	70		38389	124356	0	0	191	-1	0	0			1		maplevel170
<i18n=11615>	9023	70		39144	125712	0	0	191	-1	0	0			1		maplevel170
<i18n=11615>	9023	70		38844	129392	0	0	191	-1	0	0			1		maplevel170
<i18n=11615>	9023	70		41979	131781	0	0	191	-1	0	0			1		maplevel170
<i18n=11615>	9023	70		42324	124455	0	0	191	-1	0	0			1		maplevel170
<i18n=11615>	9023	70		42934	126130	0	0	191	-1	0	0			1		maplevel170
<i18n=11615>	9023	70		39903	123620	0	0	191	-1	0	0			1		maplevel170
<i18n=11615>	9023	70		41673	129405	0	0	191	-1	0	0			1		maplevel170
<i18n=11615>	9023	70		43795	143587	0	0	191	-1	0	0			1		maplevel170
<i18n=11615>	9023	70		43440	141509	0	0	191	-1	0	0			1		maplevel170
<i18n=11615>	9023	70		46385	145152	0	0	191	-1	0	0			1		maplevel170
<i18n=11615>	9023	70		48802	141758	0	0	191	-1	0	0			1		maplevel170
<i18n=11615>	9023	70		48593	143300	0	0	191	-1	0	0			1		maplevel170
<i18n=11615>	9023	70		43824	139341	0	0	191	-1	0	0			1		maplevel170
<i18n=11615>	9023	70		44459	144897	0	0	191	-1	0	0			1		maplevel170
<i18n=11615>	9023	70		47484	138670	0	0	191	-1	0	0			1		maplevel170
<i18n=11615>	9023	70		46378	138175	0	0	191	-1	0	0			1		maplevel170
<i18n=11615>	9023	70		45071	139786	0	0	191	-1	0	0			1		maplevel170
<i18n=11615>	9023	70		44890	143162	0	0	191	-1	0	0			1		maplevel170
<i18n=11615>	9023	70		46992	139529	0	0	191	-1	0	0			1		maplevel170
<i18n=11615>	9023	70		47426	144565	0	0	191	-1	0	0			1		maplevel170
<i18n=11615>	9023	70		55731	152544	0	0	191	-1	0	0			1		maplevel170
<i18n=11615>	9023	70		56986	153343	0	0	191	-1	0	0			1		maplevel170
<i18n=11615>	9023	70		58153	153121	0	0	191	-1	0	0			1		maplevel170
<i18n=11615>	9023	70		59585	146156	0	0	191	-1	0	0			1		maplevel170
<i18n=11615>	9023	70		60113	147731	0	0	191	-1	0	0			1		maplevel170
<i18n=11615>	9023	70		58637	150936	0	0	191	-1	0	0			1		maplevel170
<i18n=11615>	9023	70		55014	150720	0	0	191	-1	0	0			1		maplevel170
<i18n=11615>	9023	70		56627	151122	0	0	191	-1	0	0			1		maplevel170
<i18n=11615>	9023	70		60201	149459	0	0	191	-1	0	0			1		maplevel170
<i18n=11615>	9023	70		56861	145658	0	0	191	-1	0	0			1		maplevel170
<i18n=11615>	9023	70		59774	151096	0	0	191	-1	0	0			1		maplevel170
<i18n=11615>	9023	70		56627	147599	0	0	191	-1	0	0			1		maplevel170
<i18n=11615>	9023	70		55158	148482	0	0	191	-1	0	0			1		maplevel170
<i18n=11615>	9023	70		68319	139296	0	0	191	-1	0	0			1		maplevel170
<i18n=11615>	9023	70		71400	139108	0	0	191	-1	0	0			1		maplevel170
<i18n=11615>	9023	70		72036	137761	0	0	191	-1	0	0			1		maplevel170
<i18n=11615>	9023	70		69298	139630	0	0	191	-1	0	0			1		maplevel170
<i18n=11615>	9023	70		69169	133642	0	0	191	-1	0	0			1		maplevel170
<i18n=11615>	9023	70		67804	133740	0	0	191	-1	0	0			1		maplevel170
<i18n=11615>	9023	70		67422	135916	0	0	191	-1	0	0			1		maplevel170
<i18n=11615>	9023	70		70142	135826	0	0	191	-1	0	0			1		maplevel170
<i18n=11615>	9023	70		69083	137652	0	0	191	-1	0	0			1		maplevel170
<i18n=11615>	9023	70		71920	131945	0	0	191	-1	0	0			1		maplevel170
<i18n=11615>	9023	70		69120	132119	0	0	191	-1	0	0			1		maplevel170
<i18n=11615>	9023	70		70348	131711	0	0	191	-1	0	0			1		maplevel170
<i18n=11615>	9023	70		72454	133732	0	0	191	-1	0	0			1		maplevel170
<i18n=11615>	9023	70		70353	112870	0	0	191	-1	0	0			1		maplevel170
<i18n=11615>	9023	70		71464	113340	0	0	191	-1	0	0			1		maplevel170
<i18n=11615>	9023	70		72825	112849	0	0	191	-1	0	0			1		maplevel170
<i18n=11615>	9023	70		72847	105747	0	0	191	-1	0	0			1		maplevel170
<i18n=11615>	9023	70		71023	105554	0	0	191	-1	0	0			1		maplevel170
<i18n=11615>	9023	70		69748	106187	0	0	191	-1	0	0			1		maplevel170
<i18n=11615>	9023	70		68770	108063	0	0	191	-1	0	0			1		maplevel170
<i18n=11615>	9023	70		72534	110921	0	0	191	-1	0	0			1		maplevel170
<i18n=11615>	9023	70		74241	109967	0	0	191	-1	0	0			1		maplevel170
<i18n=11615>	9023	70		73962	106806	0	0	191	-1	0	0			1		maplevel170
<i18n=11615>	9023	70		70022	110561	0	0	191	-1	0	0			1		maplevel170
<i18n=11615>	9023	70		72626	107583	0	0	191	-1	0	0			1		maplevel170
<i18n=11615>	9023	70		85433	128294	0	0	191	-1	0	0			1		maplevel170
<i18n=11615>	9023	70		84261	128718	0	0	191	-1	0	0			1		maplevel170
<i18n=11615>	9023	70		85096	123532	0	0	191	-1	0	0			1		maplevel170
<i18n=11615>	9023	70		85845	122394	0	0	191	-1	0	0			1		maplevel170
<i18n=11615>	9023	70		84721	121652	0	0	191	-1	0	0			1		maplevel170
<i18n=11615>	9023	70		83907	124979	0	0	191	-1	0	0			1		maplevel170
<i18n=11615>	9023	70		81859	122207	0	0	191	-1	0	0			1		maplevel170
<i18n=11615>	9023	70		82026	128366	0	0	191	-1	0	0			1		maplevel170
<i18n=11615>	9023	70		82313	126580	0	0	191	-1	0	0			1		maplevel170
<i18n=11615>	9023	70		86708	125448	0	0	191	-1	0	0			1		maplevel170
<i18n=11615>	9023	70		82477	123261	0	0	191	-1	0	0			1		maplevel170
<i18n=11615>	9023	70		80942	124042	0	0	191	-1	0	0			1		maplevel170
<i18n=14930>	9022	70		112168	66833	0	0	191	-1	0	0			1		maplevel170
<i18n=14930>	9022	70		109840	69588	0	0	191	-1	0	0			1		maplevel170
<i18n=14930>	9022	70		112267	68808	0	0	191	-1	0	0			1		maplevel170
<i18n=14930>	9022	70		112136	65387	0	0	191	-1	0	0			1		maplevel170
<i18n=14930>	9022	70		113465	63630	0	0	191	-1	0	0			1		maplevel170
<i18n=14930>	9022	70		111362	61516	0	0	191	-1	0	0			1		maplevel170
<i18n=14930>	9022	70		113663	65385	0	0	191	-1	0	0			1		maplevel170
<i18n=14930>	9022	70		109940	61199	0	0	191	-1	0	0			1		maplevel170
<i18n=14930>	9022	70		109132	63319	0	0	191	-1	0	0			1		maplevel170
<i18n=14930>	9022	70		110554	66981	0	0	191	-1	0	0			1		maplevel170
<i18n=14930>	9022	70		108053	67730	0	0	191	-1	0	0			1		maplevel170
<i18n=14930>	9022	70		110536	65135	0	0	191	-1	0	0			1		maplevel170
<i18n=14930>	9022	70		110554	63243	0	0	191	-1	0	0			1		maplevel170
<i18n=14930>	9022	70		112783	61936	0	0	191	-1	0	0			1		maplevel170
<i18n=14930>	9022	70		112033	63198	0	0	191	-1	0	0			1		maplevel170
<i18n=14930>	9022	70		84415	43896	0	0	191	-1	0	0			1		maplevel170
<i18n=14930>	9022	70		88359	42721	0	0	191	-1	0	0			1		maplevel170
<i18n=14930>	9022	70		87175	43559	0	0	191	-1	0	0			1		maplevel170
<i18n=14930>	9022	70		88919	37198	0	0	191	-1	0	0			1		maplevel170
<i18n=14930>	9022	70		87847	35583	0	0	191	-1	0	0			1		maplevel170
<i18n=14930>	9022	70		86685	35860	0	0	191	-1	0	0			1		maplevel170
<i18n=14930>	9022	70		83540	36657	0	0	191	-1	0	0			1		maplevel170
<i18n=14930>	9022	70		84804	41782	0	0	191	-1	0	0			1		maplevel170
<i18n=14930>	9022	70		85773	44459	0	0	191	-1	0	0			1		maplevel170
<i18n=14930>	9022	70		89007	41256	0	0	191	-1	0	0			1		maplevel170
<i18n=14930>	9022	70		87348	37374	0	0	191	-1	0	0			1		maplevel170
<i18n=14930>	9022	70		85199	35752	0	0	191	-1	0	0			1		maplevel170
<i18n=14930>	9022	70		84906	37583	0	0	191	-1	0	0			1		maplevel170
<i18n=14930>	9022	70		76556	54755	0	0	191	-1	0	0			1		maplevel170
<i18n=14930>	9022	70		77085	62808	0	0	191	-1	0	0			1		maplevel170
<i18n=14930>	9022	70		80250	58507	0	0	191	-1	0	0			1		maplevel170
<i18n=14930>	9022	70		77948	54621	0	0	191	-1	0	0			1		maplevel170
<i18n=14930>	9022	70		80181	60950	0	0	191	-1	0	0			1		maplevel170
<i18n=14930>	9022	70		75349	55747	0	0	191	-1	0	0			1		maplevel170
<i18n=14930>	9022	70		74747	58531	0	0	191	-1	0	0			1		maplevel170
<i18n=14930>	9022	70		77474	58940	0	0	191	-1	0	0			1		maplevel170
<i18n=14930>	9022	70		75583	62265	0	0	191	-1	0	0			1		maplevel170
<i18n=14930>	9022	70		79497	62535	0	0	191	-1	0	0			1		maplevel170
<i18n=14930>	9022	70		78922	55581	0	0	191	-1	0	0			1		maplevel170
<i18n=14930>	9022	70		78869	56988	0	0	191	-1	0	0			1		maplevel170
<i18n=14930>	9022	70		79004	60604	0	0	191	-1	0	0			1		maplevel170
<i18n=14930>	9022	70		82497	80397	0	0	191	-1	0	0			1		maplevel170
<i18n=14930>	9022	70		84639	80834	0	0	191	-1	0	0			1		maplevel170
<i18n=14930>	9022	70		86768	79529	0	0	191	-1	0	0			1		maplevel170
<i18n=14930>	9022	70		85557	80228	0	0	191	-1	0	0			1		maplevel170
<i18n=14930>	9022	70		83597	80921	0	0	191	-1	0	0			1		maplevel170
<i18n=14930>	9022	70		82131	75057	0	0	191	-1	0	0			1		maplevel170
<i18n=14930>	9022	70		81216	77245	0	0	191	-1	0	0			1		maplevel170
<i18n=14930>	9022	70		83078	78920	0	0	191	-1	0	0			1		maplevel170
<i18n=14930>	9022	70		84180	77311	0	0	191	-1	0	0			1		maplevel170
<i18n=14930>	9022	70		87428	77630	0	0	191	-1	0	0			1		maplevel170
<i18n=14930>	9022	70		83464	73770	0	0	191	-1	0	0			1		maplevel170
<i18n=14930>	9022	70		85422	75244	0	0	191	-1	0	0			1		maplevel170
<i18n=14930>	9022	70		86118	74094	0	0	191	-1	0	0			1		maplevel170
<i18n=14930>	9022	70		54659	37082	0	0	191	-1	0	0			1		maplevel170
<i18n=14930>	9022	70		57242	30163	0	0	191	-1	0	0			1		maplevel170
<i18n=14930>	9022	70		56314	29365	0	0	191	-1	0	0			1		maplevel170
<i18n=14930>	9022	70		53235	29906	0	0	191	-1	0	0			1		maplevel170
<i18n=14930>	9022	70		52491	32061	0	0	191	-1	0	0			1		maplevel170
<i18n=14930>	9022	70		53738	35003	0	0	191	-1	0	0			1		maplevel170
<i18n=14930>	9022	70		53911	31336	0	0	191	-1	0	0			1		maplevel170
<i18n=14930>	9022	70		57836	35758	0	0	191	-1	0	0			1		maplevel170
<i18n=14930>	9022	70		52485	34568	0	0	191	-1	0	0			1		maplevel170
<i18n=14930>	9022	70		54911	29514	0	0	191	-1	0	0			1		maplevel170
<i18n=14930>	9022	70		56561	31394	0	0	191	-1	0	0			1		maplevel170
<i18n=9645>	9024	70		21426	123918	0	0	191	-1	0	0			1		maplevel170
<i18n=9645>	9024	70		20248	125831	0	0	191	-1	0	0			1		maplevel170
<i18n=9645>	9024	70		22493	123685	0	0	191	-1	0	0			1		maplevel170
<i18n=9645>	9024	70		21478	122341	0	0	191	-1	0	0			1		maplevel170
<i18n=9645>	9024	70		17603	120194	0	0	191	-1	0	0			1		maplevel170
<i18n=9645>	9024	70		18438	118196	0	0	191	-1	0	0			1		maplevel170
<i18n=9645>	9024	70		19197	121674	0	0	191	-1	0	0			1		maplevel170
<i18n=9645>	9024	70		21664	119482	0	0	191	-1	0	0			1		maplevel170
<i18n=9645>	9024	70		19273	119415	0	0	191	-1	0	0			1		maplevel170
<i18n=9645>	9024	70		20036	117828	0	0	191	-1	0	0			1		maplevel170
<i18n=9645>	9024	70		48485	61442	0	0	191	-1	0	0			1		maplevel170
<i18n=9645>	9024	70		49634	61497	0	0	191	-1	0	0			1		maplevel170
<i18n=9645>	9024	70		51333	55984	0	0	191	-1	0	0			1		maplevel170
<i18n=9645>	9024	70		50417	55388	0	0	191	-1	0	0			1		maplevel170
<i18n=9645>	9024	70		48179	53775	0	0	191	-1	0	0			1		maplevel170
<i18n=9645>	9024	70		46278	57334	0	0	191	-1	0	0			1		maplevel170
<i18n=9645>	9024	70		49559	53892	0	0	191	-1	0	0			1		maplevel170
<i18n=9645>	9024	70		47673	58858	0	0	191	-1	0	0			1		maplevel170
<i18n=9645>	9024	70		51522	59374	0	0	191	-1	0	0			1		maplevel170
<i18n=9645>	9024	70		51031	60906	0	0	191	-1	0	0			1		maplevel170
<i18n=9645>	9024	70		47693	55738	0	0	191	-1	0	0			1		maplevel170
<i18n=9645>	9024	70		49209	57330	0	0	191	-1	0	0			1		maplevel170
<i18n=9645>	9024	70		19777	96155	0	0	191	-1	0	0			1		maplevel170
<i18n=9645>	9024	70		21527	96036	0	0	191	-1	0	0			1		maplevel170
<i18n=9645>	9024	70		23821	91142	0	0	191	-1	0	0			1		maplevel170
<i18n=9645>	9024	70		23238	89694	0	0	191	-1	0	0			1		maplevel170
<i18n=9645>	9024	70		22311	90571	0	0	191	-1	0	0			1		maplevel170
<i18n=9645>	9024	70		18515	95316	0	0	191	-1	0	0			1		maplevel170
<i18n=9645>	9024	70		20270	89023	0	0	191	-1	0	0			1		maplevel170
<i18n=9645>	9024	70		19791	90707	0	0	191	-1	0	0			1		maplevel170
<i18n=9645>	9024	70		18369	91057	0	0	191	-1	0	0			1		maplevel170
<i18n=9645>	9024	70		23907	92982	0	0	191	-1	0	0			1		maplevel170
<i18n=9645>	9024	70		21007	92482	0	0	191	-1	0	0			1		maplevel170
<i18n=9645>	9024	70		22123	88905	0	0	191	-1	0	0			1		maplevel170
<i18n=9645>	9024	70		32584	86149	0	0	191	-1	0	0			1		maplevel170
<i18n=9645>	9024	70		36337	91070	0	0	191	-1	0	0			1		maplevel170
<i18n=9645>	9024	70		37225	89394	0	0	191	-1	0	0			1		maplevel170
<i18n=9645>	9024	70		37043	85690	0	0	191	-1	0	0			1		maplevel170
<i18n=9645>	9024	70		36104	84469	0	0	191	-1	0	0			1		maplevel170
<i18n=9645>	9024	70		34742	84316	0	0	191	-1	0	0			1		maplevel170
<i18n=9645>	9024	70		33762	86019	0	0	191	-1	0	0			1		maplevel170
<i18n=9645>	9024	70		33570	89193	0	0	191	-1	0	0			1		maplevel170
<i18n=9645>	9024	70		32880	90752	0	0	191	-1	0	0			1		maplevel170
<i18n=9645>	9024	70		35190	91378	0	0	191	-1	0	0			1		maplevel170
<i18n=9645>	9024	70		34771	87755	0	0	191	-1	0	0			1		maplevel170
<i18n=9645>	9024	70		32445	89447	0	0	191	-1	0	0			1		maplevel170
<i18n=9645>	9024	70		36242	85841	0	0	191	-1	0	0			1		maplevel170
<i18n=9645>	9024	70		10395	108139	0	0	191	-1	0	0			1		maplevel170
<i18n=9645>	9024	70		13616	108255	0	0	191	-1	0	0			1		maplevel170
<i18n=9645>	9024	70		13397	111301	0	0	191	-1	0	0			1		maplevel170
<i18n=9645>	9024	70		11711	111065	0	0	191	-1	0	0			1		maplevel170
<i18n=9645>	9024	70		10849	106376	0	0	191	-1	0	0			1		maplevel170
<i18n=9645>	9024	70		12589	104614	0	0	191	-1	0	0			1		maplevel170
<i18n=9645>	9024	70		14937	111482	0	0	191	-1	0	0			1		maplevel170
<i18n=9645>	9024	70		17087	109660	0	0	191	-1	0	0			1		maplevel170
<i18n=9645>	9024	70		16024	106420	0	0	191	-1	0	0			1		maplevel170
<i18n=9645>	9024	70		14516	104532	0	0	191	-1	0	0			1		maplevel170
<i18n=9645>	9024	70		16379	107752	0	0	191	-1	0	0			1		maplevel170
<i18n=9645>	9024	70		14911	106367	0	0	191	-1	0	0			1		maplevel170
<i18n=10449>	7267	70		50407	64744	0	0	191	-1	0	0			1		
<i18n=8812>	7268	70		38332	138761	0	0	191	-1	0	0			1		
<i18n=8314>	7269	70		94800	117322	0	0	191	-1	0	0			1		
<i18n=4403>	7270	70		104634	93529	0	0	191	-1	0	0			1		
<i18n=10996>	10000	1		62455	46657	0	0	191	-1	0	0			1		
<i18n=9930>	7274	1		54356	163080	0	0	191	-1	0	0			1		
<i18n=9645>	9024	70		18913	125019	0	0	191	-1	0	0			1		maplevel170
<i18n=9645>	9024	70		21593	118024	0	0	191	-1	0	0			1		maplevel170
<i18n=9645>	9024	70		21554	125531	0	0	191	-1	0	0			1		maplevel170
<i18n=9645>	9024	70		22735	121540	0	0	191	-1	0	0			1		maplevel170
<i18n=9645>	9024	70		22631	119196	0	0	191	-1	0	0			1		maplevel170
<i18n=9645>	9024	70		18149	124051	0	0	191	-1	0	0			1		maplevel170
<i18n=9645>	9024	70		17563	122166	0	0	191	-1	0	0			1		maplevel170
<i18n=9645>	9024	70		19266	123526	0	0	191	-1	0	0			1		maplevel170
<i18n=9645>	9024	70		16166	111056	0	0	191	-1	0	0			1		maplevel170
<i18n=9645>	9024	70		12314	109708	0	0	191	-1	0	0			1		maplevel170
<i18n=9645>	9024	70		14851	109588	0	0	191	-1	0	0			1		maplevel170
<i18n=9645>	9024	70		12433	106606	0	0	191	-1	0	0			1		maplevel170
<i18n=9645>	9024	70		10639	109652	0	0	191	-1	0	0			1		maplevel170
<i18n=9645>	9024	70		15971	104686	0	0	191	-1	0	0			1		maplevel170
<i18n=9645>	9024	70		19766	94110	0	0	191	-1	0	0			1		maplevel170
<i18n=9645>	9024	70		22977	95763	0	0	191	-1	0	0			1		maplevel170
<i18n=9645>	9024	70		18279	93653	0	0	191	-1	0	0			1		maplevel170
<i18n=9645>	9024	70		22263	94143	0	0	191	-1	0	0			1		maplevel170
<i18n=9645>	9024	70		23709	94692	0	0	191	-1	0	0			1		maplevel170
<i18n=9645>	9024	70		19053	89267	0	0	191	-1	0	0			1		maplevel170
<i18n=9645>	9024	70		32140	87794	0	0	191	-1	0	0			1		maplevel170
<i18n=9645>	9024	70		33562	84492	0	0	191	-1	0	0			1		maplevel170
<i18n=9645>	9024	70		33723	91133	0	0	191	-1	0	0			1		maplevel170
<i18n=9645>	9024	70		35899	89295	0	0	191	-1	0	0			1		maplevel170
<i18n=9645>	9024	70		37264	87747	0	0	191	-1	0	0			1		maplevel170
<i18n=9645>	9024	70		46771	59304	0	0	191	-1	0	0			1		maplevel170
<i18n=9645>	9024	70		47498	60644	0	0	191	-1	0	0			1		maplevel170
<i18n=9645>	9024	70		50384	59215	0	0	191	-1	0	0			1		maplevel170
<i18n=9645>	9024	70		51723	57403	0	0	191	-1	0	0			1		maplevel170
<i18n=9645>	9024	70		51106	54347	0	0	191	-1	0	0			1		maplevel170
<i18n=9645>	9024	70		46767	55006	0	0	191	-1	0	0			1		maplevel170
<i18n=11615>	9023	70		37668	130624	0	0	191	-1	0	0			1		maplevel170
<i18n=11615>	9023	70		43155	128117	0	0	191	-1	0	0			1		maplevel170
<i18n=11615>	9023	70		40194	127617	0	0	191	-1	0	0			1		maplevel170
<i18n=11615>	9023	70		38895	131761	0	0	191	-1	0	0			1		maplevel170
<i18n=11615>	9023	70		43145	130099	0	0	191	-1	0	0			1		maplevel170
<i18n=11615>	9023	70		37516	129191	0	0	191	-1	0	0			1		maplevel170
<i18n=11615>	9023	70		45410	145199	0	0	191	-1	0	0			1		maplevel170
<i18n=11615>	9023	70		47217	143350	0	0	191	-1	0	0			1		maplevel170
<i18n=11615>	9023	70		46033	141605	0	0	191	-1	0	0			1		maplevel170
<i18n=11615>	9023	70		48579	139561	0	0	191	-1	0	0			1		maplevel170
<i18n=11615>	9023	70		45020	138282	0	0	191	-1	0	0			1		maplevel170
<i18n=11615>	9023	70		57637	149533	0	0	191	-1	0	0			1		maplevel170
<i18n=11615>	9023	70		59296	152551	0	0	191	-1	0	0			1		maplevel170
<i18n=11615>	9023	70		58397	145457	0	0	191	-1	0	0			1		maplevel170
<i18n=11615>	9023	70		58676	147597	0	0	191	-1	0	0			1		maplevel170
<i18n=11615>	9023	70		55849	146938	0	0	191	-1	0	0			1		maplevel170
<i18n=11615>	9023	70		67876	137682	0	0	191	-1	0	0			1		maplevel170
<i18n=11615>	9023	70		70523	139604	0	0	191	-1	0	0			1		maplevel170
<i18n=11615>	9023	70		72811	135563	0	0	191	-1	0	0			1		maplevel170
<i18n=11615>	9023	70		71097	137379	0	0	191	-1	0	0			1		maplevel170
<i18n=11615>	9023	70		71493	133255	0	0	191	-1	0	0			1		maplevel170
<i18n=11615>	9023	70		69190	112392	0	0	191	-1	0	0			1		maplevel170
<i18n=11615>	9023	70		71296	109243	0	0	191	-1	0	0			1		maplevel170
<i18n=11615>	9023	70		68755	110629	0	0	191	-1	0	0			1		maplevel170
<i18n=11615>	9023	70		73647	111799	0	0	191	-1	0	0			1		maplevel170
<i18n=11615>	9023	70		74312	108358	0	0	191	-1	0	0			1		maplevel170
<i18n=11615>	9023	70		70050	107494	0	0	191	-1	0	0			1		maplevel170
<i18n=11615>	9023	70		81033	126770	0	0	191	-1	0	0			1		maplevel170
<i18n=11615>	9023	70		83117	128768	0	0	191	-1	0	0			1		maplevel170
<i18n=11615>	9023	70		86545	127176	0	0	191	-1	0	0			1		maplevel170
<i18n=11615>	9023	70		86552	123503	0	0	191	-1	0	0			1		maplevel170
<i18n=11615>	9023	70		83249	121693	0	0	191	-1	0	0			1		maplevel170
<i18n=11615>	9023	70		84930	126487	0	0	191	-1	0	0			1		maplevel170
<i18n=14930>	9022	70		109130	67298	0	0	191	-1	0	0			1		maplevel170
<i18n=14930>	9022	70		111005	69335	0	0	191	-1	0	0			1		maplevel170
<i18n=14930>	9022	70		107543	65239	0	0	191	-1	0	0			1		maplevel170
<i18n=14930>	9022	70		108864	69228	0	0	191	-1	0	0			1		maplevel170
<i18n=14930>	9022	70		112997	67362	0	0	191	-1	0	0			1		maplevel170
<i18n=14930>	9022	70		107546	63295	0	0	191	-1	0	0			1		maplevel170
<i18n=14930>	9022	70		108504	61781	0	0	191	-1	0	0			1		maplevel170
<i18n=14930>	9022	70		109100	65327	0	0	191	-1	0	0			1		maplevel170
<i18n=14930>	9022	70		103636	120307	0	0	191	-1	0	0			1		maplevel170
<i18n=14930>	9022	70		102322	113209	0	0	191	-1	0	0			1		maplevel170
<i18n=14930>	9022	70		104985	114564	0	0	191	-1	0	0			1		maplevel170
<i18n=14930>	9022	70		105286	118156	0	0	191	-1	0	0			1		maplevel170
<i18n=14930>	9022	70		102711	121013	0	0	191	-1	0	0			1		maplevel170
<i18n=14930>	9022	70		99868	120757	0	0	191	-1	0	0			1		maplevel170
<i18n=14930>	9022	70		101079	120924	0	0	191	-1	0	0			1		maplevel170
<i18n=14930>	9022	70		100739	118620	0	0	191	-1	0	0			1		maplevel170
<i18n=14930>	9022	70		100507	114938	0	0	191	-1	0	0			1		maplevel170
<i18n=14930>	9022	70		103276	118815	0	0	191	-1	0	0			1		maplevel170
<i18n=14930>	9022	70		105200	116104	0	0	191	-1	0	0			1		maplevel170
<i18n=14930>	9022	70		102144	116608	0	0	191	-1	0	0			1		maplevel170
<i18n=14930>	9022	70		104643	119380	0	0	191	-1	0	0			1		maplevel170
<i18n=14930>	9022	70		103548	114944	0	0	191	-1	0	0			1		maplevel170
<i18n=14930>	9022	70		103723	113321	0	0	191	-1	0	0			1		maplevel170
<i18n=14930>	9022	70		100783	113221	0	0	191	-1	0	0			1		maplevel170
<i18n=14930>	9022	70		99023	115982	0	0	191	-1	0	0			1		maplevel170
<i18n=14930>	9022	70		99096	118547	0	0	191	-1	0	0			1		maplevel170
<i18n=14930>	9022	70		99540	114110	0	0	191	-1	0	0			1		maplevel170
<i18n=14930>	9022	70		81579	79337	0	0	191	-1	0	0			1		maplevel170
<i18n=14930>	9022	70		85356	78491	0	0	191	-1	0	0			1		maplevel170
<i18n=14930>	9022	70		86741	75510	0	0	191	-1	0	0			1		maplevel170
<i18n=14930>	9022	70		84634	73829	0	0	191	-1	0	0			1		maplevel170
<i18n=14930>	9022	70		83295	75661	0	0	191	-1	0	0			1		maplevel170
<i18n=14930>	9022	70		78274	62944	0	0	191	-1	0	0			1		maplevel170
<i18n=14930>	9022	70		76368	56893	0	0	191	-1	0	0			1		maplevel170
<i18n=14930>	9022	70		74632	60637	0	0	191	-1	0	0			1		maplevel170
<i18n=14930>	9022	70		76355	60752	0	0	191	-1	0	0			1		maplevel170
<i18n=14930>	9022	70		79912	56519	0	0	191	-1	0	0			1		maplevel170
<i18n=14930>	9022	70		87198	41344	0	0	191	-1	0	0			1		maplevel170
<i18n=14930>	9022	70		88979	39079	0	0	191	-1	0	0			1		maplevel170
<i18n=14930>	9022	70		83501	41891	0	0	191	-1	0	0			1		maplevel170
<i18n=14930>	9022	70		83182	39072	0	0	191	-1	0	0			1		maplevel170
<i18n=14930>	9022	70		86165	39833	0	0	191	-1	0	0			1		maplevel170
<i18n=14930>	9022	70		57031	37292	0	0	191	-1	0	0			1		maplevel170
<i18n=14930>	9022	70		55934	36800	0	0	191	-1	0	0			1		maplevel170
<i18n=14930>	9022	70		58334	33524	0	0	191	-1	0	0			1		maplevel170
<i18n=14930>	9022	70		58175	31672	0	0	191	-1	0	0			1		maplevel170
<i18n=14930>	9022	70		56579	34630	0	0	191	-1	0	0			1		maplevel170
<i18n=14930>	9022	70		52970	36594	0	0	191	-1	0	0			1		maplevel170
<i18n=14930>	9022	70		55153	33064	0	0	191	-1	0	0			1		maplevel170
<i18n=8878>	3204	75	5	13432	84245	0	0	191	-1	0	0					
<i18n=15975>	3205	75	5	88848	127129	0	0	191	-1	0	0					
<i18n=6525>	3206	75	5	44969	48911	0	0	191	-1	0	0					
<i18n=5852>	3207	75	5	71307	25619	0	0	191	-1	0	0					
<i18n=12739>	3208	75	5	92575	63701	0	0	191	-1	0	0					
<i18n=16356>	3209	75	5	87068	108247	0	0	191	-1	0	0					
<i18n=4201>	3210	75	5	55891	137852	0	0	191	-1	0	0					
<i18n=1994>	3211	75	5	65038	116361	0	0	191	-1	0	0					
<i18n=15843>	3212	75	5	41326	99322	0	0	191	-1	0	0					
<i18n=3956>	3213	75	5	36649	114459	0	0	191	-1	0	0					
<i18n=10768>	3214	75	5	71597	36477	0	0	191	-1	0	0					
<i18n=12438>	3215	75	5	11633	120577	0	0	191	-1	0	0					
<i18n=9645>	9024	70		23432	74929	0	0	191	-1	0	0			1		maplevel170
<i18n=9645>	9024	70		25398	76742	0	0	191	-1	0	0			1		maplevel170
<i18n=9645>	9024	70		27725	76235	0	0	191	-1	0	0			1		maplevel170
<i18n=9645>	9024	70		28388	74806	0	0	191	-1	0	0			1		maplevel170
<i18n=9645>	9024	70		28345	70645	0	0	191	-1	0	0			1		maplevel170
<i18n=9645>	9024	70		27570	69037	0	0	191	-1	0	0			1		maplevel170
<i18n=9645>	9024	70		28317	72673	0	0	191	-1	0	0			1		maplevel170
<i18n=9645>	9024	70		26942	70962	0	0	191	-1	0	0			1		maplevel170
<i18n=9645>	9024	70		26931	74976	0	0	191	-1	0	0			1		maplevel170
<i18n=9645>	9024	70		26405	76912	0	0	191	-1	0	0			1		maplevel170
<i18n=9645>	9024	70		24063	76140	0	0	191	-1	0	0			1		maplevel170
<i18n=9645>	9024	70		24497	74806	0	0	191	-1	0	0			1		maplevel170
<i18n=9645>	9024	70		24571	71473	0	0	191	-1	0	0			1		maplevel170
<i18n=9645>	9024	70		25633	73071	0	0	191	-1	0	0			1		maplevel170
<i18n=9645>	9024	70		25920	69071	0	0	191	-1	0	0			1		maplevel170
<i18n=9645>	9024	70		24645	69097	0	0	191	-1	0	0			1		maplevel170
<i18n=9645>	9024	70		23193	71324	0	0	191	-1	0	0			1		maplevel170
<i18n=9645>	9024	70		23156	73087	0	0	191	-1	0	0			1		maplevel170
<i18n=11615>	9023	70		79869	102843	0	0	191	-1	0	0			1		maplevel170
<i18n=11615>	9023	70		80009	101154	0	0	191	-1	0	0			1		maplevel170
<i18n=11615>	9023	70		78072	98861	0	0	191	-1	0	0			1		maplevel170
<i18n=11615>	9023	70		81285	103719	0	0	191	-1	0	0			1		maplevel170
<i18n=11615>	9023	70		82569	103260	0	0	191	-1	0	0			1		maplevel170
<i18n=11615>	9023	70		83964	102344	0	0	191	-1	0	0			1		maplevel170
<i18n=11615>	9023	70		84318	98441	0	0	191	-1	0	0			1		maplevel170
<i18n=11615>	9023	70		84407	100426	0	0	191	-1	0	0			1		maplevel170
<i18n=11615>	9023	70		83812	96933	0	0	191	-1	0	0			1		maplevel170
<i18n=11615>	9023	70		81511	97469	0	0	191	-1	0	0			1		maplevel170
<i18n=11615>	9023	70		82709	101113	0	0	191	-1	0	0			1		maplevel170
<i18n=11615>	9023	70		80322	95647	0	0	191	-1	0	0			1		maplevel170
<i18n=11615>	9023	70		80212	97570	0	0	191	-1	0	0			1		maplevel170
<i18n=11615>	9023	70		78558	101308	0	0	191	-1	0	0			1		maplevel170
<i18n=11615>	9023	70		81408	100982	0	0	191	-1	0	0			1		maplevel170
<i18n=11615>	9023	70		82519	97684	0	0	191	-1	0	0			1		maplevel170
<i18n=11615>	9023	70		78879	96865	0	0	191	-1	0	0			1		maplevel170
<i18n=11615>	9023	70		82157	96215	0	0	191	-1	0	0			1		maplevel170
<i18n=14930>	9022	70		47892	102688	0	0	191	-1	0	0			1		maplevel170
<i18n=14930>	9022	70		46271	103341	0	0	191	-1	0	0			1		maplevel170
<i18n=14930>	9022	70		48279	107946	0	0	191	-1	0	0			1		maplevel170
<i18n=14930>	9022	70		49458	107677	0	0	191	-1	0	0			1		maplevel170
<i18n=14930>	9022	70		51940	104706	0	0	191	-1	0	0			1		maplevel170
<i18n=14930>	9022	70		50238	106108	0	0	191	-1	0	0			1		maplevel170
<i18n=14930>	9022	70		51496	106370	0	0	191	-1	0	0			1		maplevel170
<i18n=14930>	9022	70		50461	107848	0	0	191	-1	0	0			1		maplevel170
<i18n=14930>	9022	70		48960	104384	0	0	191	-1	0	0			1		maplevel170
<i18n=14930>	9022	70		47261	107337	0	0	191	-1	0	0			1		maplevel170
<i18n=14930>	9022	70		46449	105896	0	0	191	-1	0	0			1		maplevel170
<i18n=14930>	9022	70		47304	101370	0	0	191	-1	0	0			1		maplevel170
<i18n=14930>	9022	70		48490	100448	0	0	191	-1	0	0			1		maplevel170
<i18n=14930>	9022	70		47908	105920	0	0	191	-1	0	0			1		maplevel170
<i18n=14930>	9022	70		50375	102402	0	0	191	-1	0	0			1		maplevel170
<i18n=14930>	9022	70		50099	100832	0	0	191	-1	0	0			1		maplevel170
<i18n=14930>	9022	70		51733	102679	0	0	191	-1	0	0			1		maplevel170
<i18n=14930>	9022	70		51094	101431	0	0	191	-1	0	0			1		maplevel170
<i18n=8643>	3216	75	5	78834	45480	0	0	191	-1	0	0					
<i18n=6974>	3217	75	5	85701	48841	0	0	191	-1	0	0					
<i18n=13315>	3218	75	5	28722	93184	0	0	191	-1	0	0					
<i18n=4881>	3219	75	5	78483	124134	0	0	191	-1	0	0					
<i18n=11223>	3220	75	5	89523	118834	0	0	191	-1	0	0					
<i18n=2921>	3221	75	5	92019	77496	0	0	191	-1	0	0					
<i18n=9177>	3222	75	5	56783	59866	0	0	191	-1	0	0					
<i18n=9770>	3223	75	5	37983	76225	0	0	191	-1	0	0					
<i18n=16164>	3224	75	5	46838	131864	0	0	191	-1	0	0					
<i18n=1824>	3225	75	5	19446	114449	0	0	191	-1	0	0					
<i18n=5617>	3226	75	5	41253	60464	0	0	191	-1	0	0					
<i18n=16322>	3227	75	5	106998	79262	0	0	191	-1	0	0					
<i18n=21365>	7355	60		76937	134973	0	0	160	-1	0	0			1		
<i18n=21683>	7354	60		24031	98455	0	0	191	-1	0	0			1		
<i18n=21683>	7354	60		25506	98261	0	0	191	-1	0	0			1		
<i18n=21683>	7354	60		22421	98383	0	0	191	-1	0	0			1		
<i18n=21683>	7354	60		26013	97761	0	0	191	-1	0	0			1		
<i18n=21326>	7356	60		53158	151452	0	0	191	-1	0	0			1		
<i18n=21629>	7357	60		40838	136172	0	0	191	-1	0	0			1		
<i18n=21629>	7357	60		42558	136029	0	0	191	-1	0	0			1		
<i18n=21629>	7357	60		43893	134505	0	0	191	-1	0	0			1		
<i18n=21359>	7358	60		115423	72012	0	0	160	-1	0	0			1		
<i18n=21327>	7359	60		60121	70895	0	0	0	-1	0	0			1		
<i18n=21314>	7362	60		61203	71681	0	0	191	-1	0	0			1		
<i18n=21992>	7361	60		16551	126054	0	0	191	-1	0	0			1		
<i18n=21837>	7360	60		10830	115323	0	0	191	-1	0	0			1		
<i18n=21837>	7360	60		10342	112765	0	0	191	-1	0	0			1		
<i18n=21837>	7360	60		12845	113409	0	0	191	-1	0	0			1		
<i18n=21314>	7362	60		61195	69577	0	0	191	-1	0	0			1		
<i18n=21992>	7361	60		19382	127593	0	0	191	-1	0	0			1		
<i18n=21992>	7361	60		21659	128121	0	0	191	-1	0	0			1		
