WXHuShi.Cfg = {nEnhanceAddFactor = 1, nEnhanceMaxAddFactor = 3}
WXHuShi.Cfg.tbAttrId2AttrType = {
  [11] = "basic_damage_v",
  [12] = "deadlystrike_damage_v",
  [13] = "deadlystrike_v",
  [16] = "ignore_metal_resist_v",
  [17] = "ignore_wood_resist_v",
  [18] = "ignore_water_resist_v",
  [19] = "ignore_fire_resist_v",
  [20] = "ignore_earth_resist_v",
  [21] = "ignore_defense_v",
  [22] = "rangedamage_return_v",
  [23] = "meleedamage_return_v",
  [24] = "attackrating_v",
  [25] = "lifemax_v",
  [26] = "manamax_v",
  [27] = "metal_resist_v",
  [28] = "wood_resist_v",
  [29] = "water_resist_v",
  [30] = "fire_resist_v",
  [31] = "earth_resist_v",
  [32] = "stealmana_v",
  [33] = "steallife_v",
  [37] = "manareplenish_p",
  [38] = "weaken_deadlystrike_damage_v",
  [39] = "weaken_deadlystrike_v",
  [40] = "defense_v",
  [41] = "vitality_v",
  [42] = "energy_v",
  [43] = "return_resist_range_v",
  [44] = "return_resist_melee_v",
  [45] = "all_series_resist_v",
  [46] = "ignore_all_resist_v",
  [47] = "attack_metaldamage_v",
  [48] = "attack_wooddamage_v",
  [49] = "attack_waterdamage_v",
  [50] = "attack_firedamage_v",
  [51] = "attack_earthdamage_v",
  [52] = "steallife_resist_v",
  [53] = "reduce_damage_health_p",
  [54] = "reduce_damage_injury_p",
  [55] = "reduce_damage_all_p",
  [56] = "enhance_final_damage_own_health_p",
  [57] = "enhance_final_damage_own_injury_p",
  [58] = "stealmana_resist_v"
}
WXHuShi.Cfg.tbOpenTimeFrame = {}
WXHuShi.Cfg.tbOpenTimeFrame[1] = {
  [1] = "OpenLevel109",
  [2] = "OpenLevel109",
  [3] = "OpenLevel109",
  [4] = "OpenLevel109",
  [5] = "OpenLevel109"
}
WXHuShi.Cfg.tbOpenTimeFrame[2] = {
  [1] = "OpenLevel119",
  [2] = "OpenLevel119",
  [3] = "OpenLevel119",
  [4] = "OpenLevel119",
  [5] = "OpenLevel119"
}
WXHuShi.Cfg.tbOpenTimeFrame[3] = {
  [1] = "OpenLevel159",
  [2] = "OpenLevel159",
  [3] = "OpenLevel159",
  [4] = "OpenLevel159",
  [5] = "OpenLevel159"
}
WXHuShi.Cfg.tbOpenTimeFrame[4] = {
  [1] = "OpenLevel219",
  [2] = "OpenLevel219",
  [3] = "OpenLevel219",
  [4] = "OpenLevel219",
  [5] = "OpenLevel219"
}
WXHuShi.Cfg.tbEnhanceAttr = {}
WXHuShi.Cfg.tbEnhanceAttr[3] = {
  [1] = {
    2,
    2,
    3,
    4,
    5,
    6,
    7,
    8,
    10,
    11
  },
  [2] = {
    4,
    5,
    6,
    7,
    9,
    11,
    14,
    16,
    19,
    22
  },
  [3] = {
    6,
    7,
    9,
    11,
    14,
    17,
    20,
    24,
    29,
    33
  },
  [4] = {
    8,
    10,
    12,
    15,
    18,
    22,
    27,
    32,
    38,
    44
  },
  [5] = {
    10,
    12,
    15,
    19,
    23,
    28,
    34,
    40,
    48,
    56
  },
  [6] = {
    12,
    14,
    18,
    22,
    27,
    34,
    41,
    48,
    57,
    67
  },
  [7] = {
    14,
    17,
    21,
    26,
    32,
    39,
    47,
    56,
    67,
    78
  },
  [8] = {
    16,
    19,
    24,
    30,
    36,
    45,
    54,
    64,
    76,
    89
  },
  [9] = {
    18,
    22,
    27,
    33,
    41,
    50,
    61,
    72,
    86,
    100
  },
  [10] = {
    20,
    24,
    30,
    37,
    46,
    56,
    68,
    81,
    95,
    111
  },
  [11] = {
    21,
    26,
    33,
    41,
    50,
    62,
    74,
    89,
    105,
    122
  },
  [12] = {
    23,
    29,
    36,
    44,
    55,
    67,
    81,
    97,
    114,
    133
  },
  [13] = {
    25,
    31,
    39,
    48,
    59,
    73,
    88,
    105,
    124,
    144
  },
  [14] = {
    27,
    34,
    42,
    52,
    64,
    78,
    95,
    113,
    133,
    155
  },
  [15] = {
    29,
    36,
    45,
    56,
    68,
    84,
    101,
    121,
    143,
    167
  },
  [16] = {
    31,
    38,
    48,
    59,
    73,
    90,
    108,
    129,
    152,
    178
  },
  [17] = {
    33,
    41,
    51,
    63,
    77,
    95,
    115,
    137,
    162,
    189
  },
  [18] = {
    35,
    43,
    54,
    67,
    82,
    101,
    122,
    145,
    171,
    200
  },
  [19] = {
    37,
    46,
    57,
    70,
    86,
    106,
    128,
    153,
    181,
    211
  },
  [20] = {
    39,
    48,
    60,
    74,
    91,
    112,
    135,
    161,
    190,
    222
  }
}
WXHuShi.Cfg.tbEnhanceAttr[4] = {
  [1] = {
    2,
    2,
    3,
    4,
    5,
    6,
    7,
    8,
    10,
    11
  },
  [2] = {
    4,
    5,
    6,
    7,
    9,
    11,
    14,
    16,
    19,
    22
  },
  [3] = {
    6,
    7,
    9,
    11,
    14,
    17,
    20,
    24,
    29,
    33
  },
  [4] = {
    8,
    10,
    12,
    15,
    18,
    22,
    27,
    32,
    38,
    44
  },
  [5] = {
    10,
    12,
    15,
    19,
    23,
    28,
    34,
    40,
    48,
    56
  },
  [6] = {
    12,
    14,
    18,
    22,
    27,
    34,
    41,
    48,
    57,
    67
  },
  [7] = {
    14,
    17,
    21,
    26,
    32,
    39,
    47,
    56,
    67,
    78
  },
  [8] = {
    16,
    19,
    24,
    30,
    36,
    45,
    54,
    64,
    76,
    89
  },
  [9] = {
    18,
    22,
    27,
    33,
    41,
    50,
    61,
    72,
    86,
    100
  },
  [10] = {
    20,
    24,
    30,
    37,
    46,
    56,
    68,
    81,
    95,
    111
  },
  [11] = {
    21,
    26,
    33,
    41,
    50,
    62,
    74,
    89,
    105,
    122
  },
  [12] = {
    23,
    29,
    36,
    44,
    55,
    67,
    81,
    97,
    114,
    133
  },
  [13] = {
    25,
    31,
    39,
    48,
    59,
    73,
    88,
    105,
    124,
    144
  },
  [14] = {
    27,
    34,
    42,
    52,
    64,
    78,
    95,
    113,
    133,
    155
  },
  [15] = {
    29,
    36,
    45,
    56,
    68,
    84,
    101,
    121,
    143,
    167
  },
  [16] = {
    31,
    38,
    48,
    59,
    73,
    90,
    108,
    129,
    152,
    178
  },
  [17] = {
    33,
    41,
    51,
    63,
    77,
    95,
    115,
    137,
    162,
    189
  },
  [18] = {
    35,
    43,
    54,
    67,
    82,
    101,
    122,
    145,
    171,
    200
  },
  [19] = {
    37,
    46,
    57,
    70,
    86,
    106,
    128,
    153,
    181,
    211
  },
  [20] = {
    39,
    48,
    60,
    74,
    91,
    112,
    135,
    161,
    190,
    222
  }
}
WXHuShi.Cfg.tbEnhanceAttr[6] = {
  [1] = {
    2,
    3,
    4,
    4,
    5,
    6,
    7,
    9,
    10,
    12
  },
  [2] = {
    5,
    6,
    7,
    8,
    10,
    12,
    15,
    17,
    20,
    23
  },
  [3] = {
    7,
    9,
    11,
    13,
    15,
    18,
    22,
    26,
    30,
    35
  },
  [4] = {
    10,
    12,
    14,
    17,
    20,
    24,
    29,
    34,
    40,
    46
  },
  [5] = {
    12,
    15,
    18,
    21,
    25,
    31,
    36,
    43,
    50,
    58
  },
  [6] = {
    15,
    17,
    21,
    25,
    30,
    37,
    44,
    51,
    60,
    70
  },
  [7] = {
    17,
    20,
    25,
    29,
    35,
    43,
    51,
    60,
    70,
    81
  },
  [8] = {
    20,
    23,
    28,
    34,
    40,
    49,
    58,
    68,
    80,
    93
  },
  [9] = {
    22,
    26,
    32,
    38,
    45,
    55,
    65,
    77,
    90,
    104
  },
  [10] = {
    25,
    29,
    35,
    42,
    51,
    61,
    73,
    86,
    100,
    116
  },
  [11] = {
    27,
    32,
    39,
    46,
    56,
    67,
    80,
    94,
    110,
    128
  },
  [12] = {
    29,
    35,
    42,
    50,
    61,
    73,
    87,
    103,
    120,
    139
  },
  [13] = {
    32,
    38,
    46,
    55,
    66,
    79,
    94,
    111,
    130,
    151
  },
  [14] = {
    34,
    41,
    49,
    59,
    71,
    85,
    102,
    120,
    140,
    162
  },
  [15] = {
    37,
    44,
    53,
    63,
    76,
    92,
    109,
    128,
    150,
    174
  },
  [16] = {
    39,
    46,
    56,
    67,
    81,
    98,
    116,
    137,
    160,
    186
  },
  [17] = {
    42,
    49,
    60,
    71,
    86,
    104,
    123,
    145,
    170,
    197
  },
  [18] = {
    44,
    52,
    63,
    76,
    91,
    110,
    131,
    154,
    180,
    209
  },
  [19] = {
    47,
    55,
    67,
    80,
    96,
    116,
    138,
    162,
    190,
    220
  },
  [20] = {
    49,
    58,
    70,
    84,
    101,
    122,
    145,
    171,
    200,
    232
  }
}
WXHuShi.Cfg.tbEnhanceAttrExt = {}
WXHuShi.Cfg.tbEnhanceAttrExt[3] = {
  [5] = {
    4,
    5,
    6,
    7,
    9,
    11,
    14,
    16,
    19,
    22
  },
  [10] = {
    8,
    10,
    12,
    15,
    18,
    22,
    27,
    32,
    38,
    44
  },
  [15] = {
    12,
    14,
    18,
    22,
    27,
    34,
    41,
    48,
    57,
    67
  },
  [20] = {
    16,
    19,
    24,
    30,
    36,
    45,
    54,
    64,
    76,
    89
  }
}
WXHuShi.Cfg.tbEnhanceAttrExt[4] = {
  [5] = {
    4,
    5,
    6,
    7,
    9,
    11,
    14,
    16,
    19,
    22
  },
  [10] = {
    8,
    10,
    12,
    15,
    18,
    22,
    27,
    32,
    38,
    44
  },
  [15] = {
    12,
    14,
    18,
    22,
    27,
    34,
    41,
    48,
    57,
    67
  },
  [20] = {
    16,
    19,
    24,
    30,
    36,
    45,
    54,
    64,
    76,
    89
  }
}
WXHuShi.Cfg.tbEnhanceAttrExt[6] = {
  [5] = {
    5,
    6,
    7,
    8,
    10,
    12,
    15,
    17,
    20,
    23
  },
  [10] = {
    10,
    12,
    14,
    17,
    20,
    24,
    29,
    34,
    40,
    46
  },
  [15] = {
    15,
    17,
    21,
    25,
    30,
    37,
    44,
    51,
    60,
    70
  },
  [20] = {
    20,
    23,
    28,
    34,
    40,
    49,
    58,
    68,
    80,
    93
  }
}
WXHuShi.Cfg.tbEnhanceInfo = {
  [1] = {
    242003,
    50,
    55,
    60,
    65,
    70,
    75,
    80,
    85,
    90,
    95,
    100,
    105,
    110,
    115,
    120,
    125,
    130,
    135,
    140,
    145
  },
  [2] = {
    242003,
    50,
    55,
    60,
    65,
    70,
    75,
    80,
    85,
    90,
    95,
    100,
    105,
    110,
    115,
    120,
    125,
    130,
    135,
    140,
    145
  },
  [3] = {
    242003,
    50,
    55,
    60,
    65,
    70,
    75,
    80,
    85,
    90,
    95,
    100,
    105,
    110,
    115,
    120,
    125,
    130,
    135,
    140,
    145
  },
  [4] = {
    242003,
    50,
    55,
    60,
    65,
    70,
    75,
    80,
    85,
    90,
    95,
    100,
    105,
    110,
    115,
    120,
    125,
    130,
    135,
    140,
    145
  },
  [5] = {
    242003,
    75,
    82,
    90,
    97,
    105,
    112,
    120,
    127,
    135,
    142,
    150,
    157,
    165,
    172,
    180,
    187,
    195,
    202,
    210,
    217
  },
  [6] = {
    242003,
    60,
    65,
    70,
    75,
    80,
    85,
    90,
    95,
    100,
    105,
    110,
    115,
    120,
    125,
    130,
    135,
    140,
    145,
    150,
    155
  },
  [7] = {
    242003,
    60,
    65,
    70,
    75,
    80,
    85,
    90,
    95,
    100,
    105,
    110,
    115,
    120,
    125,
    130,
    135,
    140,
    145,
    150,
    155
  },
  [8] = {
    242003,
    60,
    65,
    70,
    75,
    80,
    85,
    90,
    95,
    100,
    105,
    110,
    115,
    120,
    125,
    130,
    135,
    140,
    145,
    150,
    155
  },
  [9] = {
    242003,
    60,
    65,
    70,
    75,
    80,
    85,
    90,
    95,
    100,
    105,
    110,
    115,
    120,
    125,
    130,
    135,
    140,
    145,
    150,
    155
  },
  [10] = {
    242003,
    90,
    97,
    105,
    112,
    120,
    127,
    135,
    142,
    150,
    157,
    165,
    172,
    180,
    187,
    195,
    202,
    210,
    217,
    225,
    232
  },
  [11] = {
    242003,
    70,
    75,
    80,
    85,
    90,
    95,
    100,
    105,
    110,
    115,
    120,
    125,
    130,
    135,
    140,
    145,
    150,
    155,
    160,
    165
  },
  [12] = {
    242003,
    70,
    75,
    80,
    85,
    90,
    95,
    100,
    105,
    110,
    115,
    120,
    125,
    130,
    135,
    140,
    145,
    150,
    155,
    160,
    165
  },
  [13] = {
    242003,
    70,
    75,
    80,
    85,
    90,
    95,
    100,
    105,
    110,
    115,
    120,
    125,
    130,
    135,
    140,
    145,
    150,
    155,
    160,
    165
  },
  [14] = {
    242003,
    70,
    75,
    80,
    85,
    90,
    95,
    100,
    105,
    110,
    115,
    120,
    125,
    130,
    135,
    140,
    145,
    150,
    155,
    160,
    165
  },
  [15] = {
    242003,
    105,
    112,
    120,
    127,
    135,
    142,
    150,
    157,
    165,
    172,
    180,
    187,
    195,
    202,
    210,
    217,
    225,
    232,
    240,
    247
  },
  [16] = {
    242003,
    80,
    85,
    90,
    95,
    100,
    105,
    110,
    115,
    120,
    125,
    130,
    135,
    140,
    145,
    150,
    155,
    160,
    165,
    170,
    175
  },
  [17] = {
    242003,
    80,
    85,
    90,
    95,
    100,
    105,
    110,
    115,
    120,
    125,
    130,
    135,
    140,
    145,
    150,
    155,
    160,
    165,
    170,
    175
  },
  [18] = {
    242003,
    80,
    85,
    90,
    95,
    100,
    105,
    110,
    115,
    120,
    125,
    130,
    135,
    140,
    145,
    150,
    155,
    160,
    165,
    170,
    175
  },
  [19] = {
    242003,
    80,
    85,
    90,
    95,
    100,
    105,
    110,
    115,
    120,
    125,
    130,
    135,
    140,
    145,
    150,
    155,
    160,
    165,
    170,
    175
  },
  [20] = {
    242003,
    120,
    127,
    135,
    142,
    150,
    157,
    165,
    172,
    180,
    187,
    195,
    202,
    210,
    217,
    225,
    232,
    240,
    247,
    255,
    262
  }
}
WXHuShi.Cfg.tbEnhanceFight = {
  [1] = {
    500,
    550,
    600,
    650,
    700,
    750,
    800,
    850,
    900,
    950,
    1000,
    1050,
    1100,
    1150,
    1200,
    1250,
    1300,
    1350,
    1400,
    1450
  },
  [2] = {
    1000,
    1100,
    1200,
    1300,
    1400,
    1500,
    1600,
    1700,
    1800,
    1900,
    2000,
    2100,
    2200,
    2300,
    2400,
    2500,
    2600,
    2700,
    2800,
    2900
  },
  [3] = {
    1500,
    1650,
    1800,
    1950,
    2100,
    2250,
    2400,
    2550,
    2700,
    2850,
    3000,
    3150,
    3300,
    3450,
    3600,
    3750,
    3900,
    4050,
    4200,
    4350
  },
  [4] = {
    2000,
    2200,
    2400,
    2600,
    2800,
    3000,
    3200,
    3400,
    3600,
    3800,
    4000,
    4200,
    4400,
    4600,
    4800,
    5000,
    5200,
    5400,
    5600,
    5800
  },
  [5] = {
    2750,
    3020,
    3300,
    3570,
    3850,
    4120,
    4400,
    4670,
    4950,
    5220,
    5500,
    5770,
    6050,
    6320,
    6600,
    6870,
    7150,
    7420,
    7700,
    7970
  },
  [6] = {
    3350,
    3670,
    4000,
    4320,
    4650,
    4970,
    5300,
    5620,
    5950,
    6270,
    6600,
    6920,
    7250,
    7570,
    7900,
    8220,
    8550,
    8870,
    9200,
    9520
  },
  [7] = {
    3950,
    4320,
    4700,
    5070,
    5450,
    5820,
    6200,
    6570,
    6950,
    7320,
    7700,
    8070,
    8450,
    8820,
    9200,
    9570,
    9950,
    10320,
    10700,
    11070
  },
  [8] = {
    4550,
    4970,
    5400,
    5820,
    6250,
    6670,
    7100,
    7520,
    7950,
    8370,
    8800,
    9220,
    9650,
    10070,
    10500,
    10920,
    11350,
    11770,
    12200,
    12620
  },
  [9] = {
    5150,
    5620,
    6100,
    6570,
    7050,
    7520,
    8000,
    8470,
    8950,
    9420,
    9900,
    10370,
    10850,
    11320,
    11800,
    12270,
    12750,
    13220,
    13700,
    14170
  },
  [10] = {
    6050,
    6590,
    7150,
    7690,
    8250,
    8790,
    9350,
    9890,
    10450,
    10990,
    11550,
    12090,
    12650,
    13190,
    13750,
    14290,
    14850,
    15390,
    15950,
    16490
  },
  [11] = {
    6750,
    7340,
    7950,
    8540,
    9150,
    9740,
    10350,
    10940,
    11550,
    12140,
    12750,
    13340,
    13950,
    14540,
    15150,
    15740,
    16350,
    16940,
    17550,
    18140
  },
  [12] = {
    7450,
    8090,
    8750,
    9390,
    10050,
    10690,
    11350,
    11990,
    12650,
    13290,
    13950,
    14590,
    15250,
    15890,
    16550,
    17190,
    17850,
    18490,
    19150,
    19790
  },
  [13] = {
    8150,
    8840,
    9550,
    10240,
    10950,
    11640,
    12350,
    13040,
    13750,
    14440,
    15150,
    15840,
    16550,
    17240,
    17950,
    18640,
    19350,
    20040,
    20750,
    21440
  },
  [14] = {
    8850,
    9590,
    10350,
    11090,
    11850,
    12590,
    13350,
    14090,
    14850,
    15590,
    16350,
    17090,
    17850,
    18590,
    19350,
    20090,
    20850,
    21590,
    22350,
    23090
  },
  [15] = {
    9900,
    10710,
    11550,
    12360,
    13200,
    14010,
    14850,
    15660,
    16500,
    17310,
    18150,
    18960,
    19800,
    20610,
    21450,
    22260,
    23100,
    23910,
    24750,
    25560
  },
  [16] = {
    10700,
    11560,
    12450,
    13310,
    14200,
    15060,
    15950,
    16810,
    17700,
    18560,
    19450,
    20310,
    21200,
    22060,
    22950,
    23810,
    24700,
    25560,
    26450,
    27310
  },
  [17] = {
    11500,
    12410,
    13350,
    14260,
    15200,
    16110,
    17050,
    17960,
    18900,
    19810,
    20750,
    21660,
    22600,
    23510,
    24450,
    25360,
    26300,
    27210,
    28150,
    29060
  },
  [18] = {
    12300,
    13260,
    14250,
    15210,
    16200,
    17160,
    18150,
    19110,
    20100,
    21060,
    22050,
    23010,
    24000,
    24960,
    25950,
    26910,
    27900,
    28860,
    29850,
    30810
  },
  [19] = {
    13100,
    14110,
    15150,
    16160,
    17200,
    18210,
    19250,
    20260,
    21300,
    22310,
    23350,
    24360,
    25400,
    26410,
    27450,
    28460,
    29500,
    30510,
    31550,
    32560
  },
  [20] = {
    14300,
    15380,
    16500,
    17580,
    18700,
    19780,
    20900,
    21980,
    23100,
    24180,
    25300,
    26380,
    27500,
    28580,
    29700,
    30780,
    31900,
    32980,
    34100,
    35180
  }
}
