Key	Group	AwardType	_Name	AwardSubType	CountMin	CountMax	RandRate	TimeFrameStart	TimeFrameEnd	bCenterMsg	bSysMsg	bTongMsg	bTeamMsg	bAwardTips	bFlyTips	TimeOut
1	1	Item	<i18n=1678>	15025	1	1	1000000				1			1
1	2	Item	<i18n=8375>	11025	1	1	1000000				1			1
1	3	Item	<i18n=22506>	650200	1	1	1000000				1			1
1	4	Item	<i18n=22554>	650172	1	1	1000000				1			1
2	1	Item	<i18n=1678>	15025	1	1	1000000				1			1
2	2	Item	<i18n=8375>	11025	1	1	1000000				1			1
2	3	Item	<i18n=22576>	650201	1	1	1000000				1			1
2	4	Item	<i18n=22554>	650173	1	1	1000000				1			1
3	1	Item	<i18n=1678>	15025	1	1	1000000				1			1
3	2	Item	<i18n=8375>	11025	1	1	1000000				1			1
3	3	Item	<i18n=22576>	650201	1	1	1000000				1			1
3	4	Item	<i18n=22565>	650174	1	1	1000000				1			1
4	2	Item	<i18n=22514>	650199	1	1	1000000				1			1
4	1	Item	<i18n=1678>	15025	1	1	1000000				1			1
5	2	Item	<i18n=少林>	650175	1	1	1000000				1			1
5	1	Item	<i18n=1678>	15025	1	1	1000000				1			1
6	2	Item	<i18n=天王>	650176	1	1	1000000				1			1
6	1	Item	<i18n=1678>	15025	1	1	1000000				1			1
7	2	Item	<i18n=唐门>	650178	1	1	1000000				1			1
7	1	Item	<i18n=1678>	15025	1	1	1000000				1			1
8	2	Item	<i18n=7785>	650184	1	1	1000000				1			1
8	1	Item	<i18n=1678>	15025	1	1	1000000				1			1
9	2	Item	<i18n=翠烟>	650177	1	1	1000000				1			1
9	1	Item	<i18n=1678>	15025	1	1	1000000				1			1
10	2	Item	<i18n=丐帮>	650181	1	1	1000000				1			1
10	1	Item	<i18n=1678>	15025	1	1	1000000				1			1
11	2	Item	<i18n=天忍>	650180	1	1	1000000				1			1
11	1	Item	<i18n=1678>	15025	1	1	1000000				1			1
12	2	Item	<i18n=武当>	650182	1	1	1000000				1			1
12	1	Item	<i18n=1678>	15025	1	1	1000000				1			1
13	2	Item	<i18n=昆仑>	650183	1	1	1000000				1			1
13	1	Item	<i18n=1678>	15025	1	1	1000000				1			1
14	2	Item	<i18n=明教>	650179	1	1	1000000				1			1
14	1	Item	<i18n=1678>	15025	1	1	1000000				1			1
15	2	Item	<i18n=1754>	650185	1	1	1000000				1			1
15	1	Item	<i18n=1678>	15025	1	1	1000000				1			1
16	2	Item	<i18n=3811>	650251	1	1	1000000				1			1
16	1	Item	<i18n=1678>	15025	1	1	1000000				1			1
17	2	Item	<i18n=23791>	650291	1	1	1000000				1			1
17	1	Item	<i18n=1678>	15025	1	1	1000000				1			1
18	2	Item	<i18n=34452>	650302	1	1	1000000				1			1
18	1	Item	<i18n=1678>	15025	1	1	1000000				1			1
19	2	Item	<i18n=22518>	672348	1	1	1000000				1			1
19	1	Item	<i18n=1678>	15025	1	1	1000000				1			1
20	2	Item	<i18n=50499>	650304	1	1	1000000				1			1
20	1	Item	<i18n=1678>	15025	1	1	1000000				1			1
21	2	Item	<i18n=41676>	650305	1	1	1000000				1			1
21	1	Item	<i18n=1678>	15025	1	1	1000000				1			1
22	2	Item	<i18n=56421>	650309	1	1	1000000				1			1
22	1	Item	<i18n=1678>	15025	1	1	1000000				1			1
23	2	Item	<i18n=20907>	650313	1	1	1000000				1			1
23	1	Item	<i18n=1678>	15025	1	1	1000000				1			1
24	2	Item	<i18n=81133>	650313	1	1	1000000				1			1
24	1	Item	<i18n=1678>	15025	1	1	1000000				1			1
