NpcName	NpcTemplateId	NpcLevel	TitleID	XPos	YPos	ZPos	CanAutoPath	StandDir	NpcSeriesAuto	Removewhendeath	IsMapMonster	NpcPath	bPathRecycle	nShareType	ShowName	LevelSettingKey
<i18n=816>	9079	20		17597	153311	0	0	191	-1	0	0			1		maplevel180	
<i18n=3733>	9082	20		82972	28944	0	0	191	-1	0	0			1		maplevel180	
<i18n=143>	7147	20		109512	139702	0	0	0	-1	0	0			1	
<i18n=14114>	7154	20		109308	138257	0	0	40	-1	0	0			1	
<i18n=7678>	7153	20		110912	139875	0	0	130	-1	0	0			1	
<i18n=2793>	7150	20		49916	103064	0	0	191	-1	0	0			1	
<i18n=3690>	7151	20		47912	125576	0	0	191	-1	0	0			1	
<i18n=8469>	7172	20		110692	121174	0	0	191	-1	0	0			1	
<i18n=7385>	7173	20		26024	126686	0	0	191	-1	0	0			1	
<i18n=3299>	7175	20		66742	63577	0	0	191	-1	0	0			1	
<i18n=8727>	7174	20		78461	163481	0	0	191	-1	0	0			1	
<i18n=7115>	7176	20		44157	101633	0	0	191	-1	0	0			1	
<i18n=4746>	7177	20		45131	113860	0	0	191	-1	0	0			1	
<i18n=5360>	7178	20		96302	71673	0	0	191	-1	0	0			1	
<i18n=4411>	7168	20		97163	72350	0	0	191	-1	0	0			1	
<i18n=11788>	7165	20		76297	71478	0	0	191	-1	0	0			1	
<i18n=13655>	7163	20		75216	69926	0	0	191	-1	0	0			1	
<i18n=2198>	7166	20		76674	69974	0	0	191	-1	0	0			1	
<i18n=13884>	7171	20		26259	94413	0	0	191	-1	0	0			1	
<i18n=3125>	7152	20		64786	75219	0	0	191	-1	0	0			1	
<i18n=816>	9079	20		17362	158615	0	0	191	-1	0	0			1		maplevel180	
<i18n=816>	9079	20		17670	156331	0	0	191	-1	0	0			1		maplevel180	
<i18n=816>	9079	20		19643	155821	0	0	191	-1	0	0			1		maplevel180	
<i18n=816>	9079	20		19768	153128	0	0	191	-1	0	0			1		maplevel180	
<i18n=816>	9079	20		18083	150553	0	0	191	-1	0	0			1		maplevel180	
<i18n=816>	9079	20		16330	157364	0	0	191	-1	0	0			1		maplevel180	
<i18n=816>	9079	20		16277	153183	0	0	191	-1	0	0			1		maplevel180	
<i18n=816>	9079	20		21472	157182	0	0	191	-1	0	0			1		maplevel180	
<i18n=816>	9079	20		19806	151185	0	0	191	-1	0	0			1		maplevel180	
<i18n=816>	9079	20		16285	154789	0	0	191	-1	0	0			1		maplevel180	
<i18n=816>	9079	20		18754	158787	0	0	191	-1	0	0			1		maplevel180	
<i18n=816>	9079	20		21533	154676	0	0	191	-1	0	0			1		maplevel180	
<i18n=816>	9079	20		21408	152428	0	0	191	-1	0	0			1		maplevel180	
<i18n=816>	9079	20		20306	158635	0	0	191	-1	0	0			1		maplevel180	
<i18n=816>	9079	20		50782	163361	0	0	191	-1	0	0			1		maplevel180	
<i18n=816>	9079	20		49035	163017	0	0	191	-1	0	0			1		maplevel180	
<i18n=816>	9079	20		47712	161484	0	0	191	-1	0	0			1		maplevel180	
<i18n=816>	9079	20		47665	158593	0	0	191	-1	0	0			1		maplevel180	
<i18n=816>	9079	20		48090	155992	0	0	191	-1	0	0			1		maplevel180	
<i18n=816>	9079	20		49894	154917	0	0	191	-1	0	0			1		maplevel180	
<i18n=816>	9079	20		51876	155113	0	0	191	-1	0	0			1		maplevel180	
<i18n=816>	9079	20		53043	156817	0	0	191	-1	0	0			1		maplevel180	
<i18n=816>	9079	20		53298	159638	0	0	191	-1	0	0			1		maplevel180	
<i18n=816>	9079	20		52585	162303	0	0	191	-1	0	0			1		maplevel180	
<i18n=816>	9079	20		49401	160617	0	0	191	-1	0	0			1		maplevel180	
<i18n=816>	9079	20		51403	160514	0	0	191	-1	0	0			1		maplevel180	
<i18n=816>	9079	20		49405	157446	0	0	191	-1	0	0			1		maplevel180	
<i18n=816>	9079	20		51352	157396	0	0	191	-1	0	0			1		maplevel180	
<i18n=816>	9079	20		50483	159099	0	0	191	-1	0	0			1		maplevel180	
<i18n=15655>	9080	20		70554	164343	0	0	191	-1	0	0			1		maplevel180	
<i18n=816>	9079	20		34427	126847	0	0	191	-1	0	0			1		maplevel180	
<i18n=816>	9079	20		32519	126874	0	0	191	-1	0	0			1		maplevel180	
<i18n=816>	9079	20		30713	125685	0	0	191	-1	0	0			1		maplevel180	
<i18n=816>	9079	20		30429	122203	0	0	191	-1	0	0			1		maplevel180	
<i18n=816>	9079	20		31135	119443	0	0	191	-1	0	0			1		maplevel180	
<i18n=816>	9079	20		32934	118015	0	0	191	-1	0	0			1		maplevel180	
<i18n=816>	9079	20		34834	118195	0	0	191	-1	0	0			1		maplevel180	
<i18n=816>	9079	20		36716	119854	0	0	191	-1	0	0			1		maplevel180	
<i18n=816>	9079	20		36639	122879	0	0	191	-1	0	0			1		maplevel180	
<i18n=816>	9079	20		36074	125773	0	0	191	-1	0	0			1		maplevel180	
<i18n=816>	9079	20		32312	124120	0	0	191	-1	0	0			1		maplevel180	
<i18n=816>	9079	20		34731	123950	0	0	191	-1	0	0			1		maplevel180	
<i18n=816>	9079	20		32410	120533	0	0	191	-1	0	0			1		maplevel180	
<i18n=816>	9079	20		34749	120292	0	0	191	-1	0	0			1		maplevel180	
<i18n=816>	9079	20		33443	122381	0	0	191	-1	0	0			1		maplevel180	
<i18n=816>	9079	20		53810	119097	0	0	191	-1	0	0			1		maplevel180	
<i18n=816>	9079	20		52196	118567	0	0	191	-1	0	0			1		maplevel180	
<i18n=816>	9079	20		55168	114008	0	0	191	-1	0	0			1		maplevel180	
<i18n=816>	9079	20		55022	116488	0	0	191	-1	0	0			1		maplevel180	
<i18n=816>	9079	20		51410	116268	0	0	191	-1	0	0			1		maplevel180	
<i18n=816>	9079	20		53852	111084	0	0	191	-1	0	0			1		maplevel180	
<i18n=816>	9079	20		55210	111652	0	0	191	-1	0	0			1		maplevel180	
<i18n=816>	9079	20		56405	112454	0	0	191	-1	0	0			1		maplevel180	
<i18n=816>	9079	20		56990	117050	0	0	191	-1	0	0			1		maplevel180	
<i18n=816>	9079	20		53098	113995	0	0	191	-1	0	0			1		maplevel180	
<i18n=816>	9079	20		54862	118948	0	0	191	-1	0	0			1		maplevel180	
<i18n=816>	9079	20		51317	114557	0	0	191	-1	0	0			1		maplevel180	
<i18n=816>	9079	20		56232	118656	0	0	191	-1	0	0			1		maplevel180	
<i18n=816>	9079	20		52889	116807	0	0	191	-1	0	0			1		maplevel180	
<i18n=816>	9079	20		56948	114556	0	0	191	-1	0	0			1		maplevel180	
<i18n=3733>	9082	20		78756	35302	0	0	191	-1	0	0			1		maplevel180	
<i18n=3733>	9082	20		77334	34134	0	0	191	-1	0	0			1		maplevel180	
<i18n=3733>	9082	20		76889	31415	0	0	191	-1	0	0			1		maplevel180	
<i18n=3733>	9082	20		77166	28275	0	0	191	-1	0	0			1		maplevel180	
<i18n=3733>	9082	20		78977	26335	0	0	191	-1	0	0			1		maplevel180	
<i18n=3733>	9082	20		80554	26726	0	0	191	-1	0	0			1		maplevel180	
<i18n=3733>	9082	20		82031	27420	0	0	191	-1	0	0			1		maplevel180	
<i18n=3733>	9082	20		82976	31885	0	0	191	-1	0	0			1		maplevel180	
<i18n=3733>	9082	20		82291	34249	0	0	191	-1	0	0			1		maplevel180	
<i18n=3733>	9082	20		80537	35812	0	0	191	-1	0	0			1		maplevel180	
<i18n=3733>	9082	20		78624	32369	0	0	191	-1	0	0			1		maplevel180	
<i18n=3733>	9082	20		80667	32426	0	0	191	-1	0	0			1		maplevel180	
<i18n=3733>	9082	20		78647	29243	0	0	191	-1	0	0			1		maplevel180	
<i18n=3733>	9082	20		80800	29181	0	0	191	-1	0	0			1		maplevel180	
<i18n=3733>	9082	20		90913	52889	0	0	191	-1	0	0			1		maplevel180	
<i18n=3733>	9082	20		89504	52221	0	0	191	-1	0	0			1		maplevel180	
<i18n=3733>	9082	20		88571	47783	0	0	191	-1	0	0			1		maplevel180	
<i18n=3733>	9082	20		91331	45005	0	0	191	-1	0	0			1		maplevel180	
<i18n=3733>	9082	20		92805	49986	0	0	191	-1	0	0			1		maplevel180	
<i18n=3733>	9082	20		93055	47131	0	0	191	-1	0	0			1		maplevel180	
<i18n=3733>	9082	20		94235	46787	0	0	191	-1	0	0			1		maplevel180	
<i18n=3733>	9082	20		90316	50217	0	0	191	-1	0	0			1		maplevel180	
<i18n=3733>	9082	20		88688	50577	0	0	191	-1	0	0			1		maplevel180	
<i18n=3733>	9082	20		92806	52902	0	0	191	-1	0	0			1		maplevel180	
<i18n=3733>	9082	20		93995	50974	0	0	191	-1	0	0			1		maplevel180	
<i18n=3733>	9082	20		94351	49183	0	0	191	-1	0	0			1		maplevel180	
<i18n=3733>	9082	20		89492	45565	0	0	191	-1	0	0			1		maplevel180	
<i18n=3733>	9082	20		93104	45118	0	0	191	-1	0	0			1		maplevel180	
<i18n=3733>	9082	20		90779	47397	0	0	191	-1	0	0			1		maplevel180	
<i18n=3733>	9082	20		46051	55442	0	0	191	-1	0	0			1		maplevel180	
<i18n=3733>	9082	20		43214	58400	0	0	191	-1	0	0			1		maplevel180	
<i18n=3733>	9082	20		40442	55917	0	0	191	-1	0	0			1		maplevel180	
<i18n=3733>	9082	20		40305	53017	0	0	191	-1	0	0			1		maplevel180	
<i18n=3733>	9082	20		41116	50133	0	0	191	-1	0	0			1		maplevel180	
<i18n=3733>	9082	20		42430	52475	0	0	191	-1	0	0			1		maplevel180	
<i18n=3733>	9082	20		44799	49624	0	0	191	-1	0	0			1		maplevel180	
<i18n=3733>	9082	20		46215	51218	0	0	191	-1	0	0			1		maplevel180	
<i18n=3733>	9082	20		43210	49264	0	0	191	-1	0	0			1		maplevel180	
<i18n=3733>	9082	20		44616	54960	0	0	191	-1	0	0			1		maplevel180	
<i18n=3733>	9082	20		44444	52222	0	0	191	-1	0	0			1		maplevel180	
<i18n=3733>	9082	20		41560	57695	0	0	191	-1	0	0			1		maplevel180	
<i18n=3733>	9082	20		45070	57398	0	0	191	-1	0	0			1		maplevel180	
<i18n=3733>	9082	20		42004	55361	0	0	191	-1	0	0			1		maplevel180	
<i18n=3733>	9082	20		46385	53056	0	0	191	-1	0	0			1		maplevel180	
<i18n=3733>	9082	20		61286	59507	0	0	191	-1	0	0			1		maplevel180	
<i18n=3733>	9082	20		60147	57759	0	0	191	-1	0	0			1		maplevel180	
<i18n=3733>	9082	20		59935	55451	0	0	191	-1	0	0			1		maplevel180	
<i18n=3733>	9082	20		59981	53521	0	0	191	-1	0	0			1		maplevel180	
<i18n=3733>	9082	20		61040	51656	0	0	191	-1	0	0			1		maplevel180	
<i18n=3733>	9082	20		62302	50987	0	0	191	-1	0	0			1		maplevel180	
<i18n=3733>	9082	20		64567	51477	0	0	191	-1	0	0			1		maplevel180	
<i18n=3733>	9082	20		65459	53344	0	0	191	-1	0	0			1		maplevel180	
<i18n=3733>	9082	20		65825	57111	0	0	191	-1	0	0			1		maplevel180	
<i18n=3733>	9082	20		64752	59706	0	0	191	-1	0	0			1		maplevel180	
<i18n=3733>	9082	20		63147	59932	0	0	191	-1	0	0			1		maplevel180	
<i18n=3733>	9082	20		61621	56590	0	0	191	-1	0	0			1		maplevel180	
<i18n=3733>	9082	20		63849	56345	0	0	191	-1	0	0			1		maplevel180	
<i18n=3733>	9082	20		61897	53469	0	0	191	-1	0	0			1		maplevel180	
<i18n=3733>	9082	20		63808	53394	0	0	191	-1	0	0			1		maplevel180	
<i18n=2793>	7150	20		50511	106263	0	0	191	-1	0	0			1	
<i18n=2793>	7150	20		52258	101542	0	0	191	-1	0	0			1	
<i18n=2793>	7150	20		52295	105100	0	0	191	-1	0	0			1	
<i18n=2793>	7150	20		54096	103497	0	0	191	-1	0	0			1	
<i18n=3690>	7151	20		45905	125854	0	0	191	-1	0	0			1	
<i18n=3690>	7151	20		49607	124937	0	0	191	-1	0	0			1	
<i18n=3690>	7151	20		45809	122925	0	0	191	-1	0	0			1	
<i18n=3690>	7151	20		47611	122661	0	0	191	-1	0	0			1	
<i18n=3690>	7151	20		49474	122527	0	0	191	-1	0	0			1	
<i18n=3125>	7152	20		65741	70713	0	0	191	-1	0	0			1	
<i18n=3125>	7152	20		62506	74720	0	0	191	-1	0	0			1	
<i18n=3125>	7152	20		63728	71277	0	0	191	-1	0	0			1	
<i18n=816>	9079	20		31944	153961	0	0	191	-1	0	0			1		maplevel180	
<i18n=816>	9079	20		28181	154785	0	0	191	-1	0	0			1		maplevel180	
<i18n=816>	9079	20		29409	150557	0	0	191	-1	0	0			1		maplevel180	
<i18n=816>	9079	20		28355	152227	0	0	191	-1	0	0			1		maplevel180	
<i18n=816>	9079	20		26427	149463	0	0	191	-1	0	0			1		maplevel180	
<i18n=816>	9079	20		30308	152140	0	0	191	-1	0	0			1		maplevel180	
<i18n=816>	9079	20		32287	151894	0	0	191	-1	0	0			1		maplevel180	
<i18n=816>	9079	20		26390	151692	0	0	191	-1	0	0			1		maplevel180	
<i18n=816>	9079	20		30238	155186	0	0	191	-1	0	0			1		maplevel180	
<i18n=816>	9079	20		29320	146619	0	0	191	-1	0	0			1		maplevel180	
<i18n=816>	9079	20		28362	149271	0	0	191	-1	0	0			1		maplevel180	
<i18n=816>	9079	20		28004	147424	0	0	191	-1	0	0			1		maplevel180	
<i18n=816>	9079	20		31249	146478	0	0	191	-1	0	0			1		maplevel180	
<i18n=816>	9079	20		30436	149281	0	0	191	-1	0	0			1		maplevel180	
<i18n=816>	9079	20		31991	149265	0	0	191	-1	0	0			1		maplevel180	
<i18n=816>	9079	20		26993	154173	0	0	191	-1	0	0			1		maplevel180	
<i18n=14871>	9081	20		31331	92611	0	0	191	-1	0	0			1		maplevel180	
<i18n=3733>	9082	20		80972	66121	0	0	191	-1	0	0			1		maplevel180	
<i18n=3733>	9082	20		83972	63641	0	0	191	-1	0	0			1		maplevel180	
<i18n=3733>	9082	20		84473	66307	0	0	191	-1	0	0			1		maplevel180	
<i18n=3733>	9082	20		82704	66753	0	0	191	-1	0	0			1		maplevel180	
<i18n=3733>	9082	20		81588	64002	0	0	191	-1	0	0			1		maplevel180	
<i18n=3733>	9082	20		85757	64843	0	0	191	-1	0	0			1		maplevel180	
<i18n=3733>	9082	20		82039	60405	0	0	191	-1	0	0			1		maplevel180	
<i18n=3733>	9082	20		83130	58235	0	0	191	-1	0	0			1		maplevel180	
<i18n=3733>	9082	20		85709	62781	0	0	191	-1	0	0			1		maplevel180	
<i18n=3733>	9082	20		85087	58418	0	0	191	-1	0	0			1		maplevel180	
<i18n=3733>	9082	20		84051	60264	0	0	191	-1	0	0			1		maplevel180	
<i18n=3733>	9082	20		80223	60609	0	0	191	-1	0	0			1		maplevel180	
<i18n=3733>	9082	20		81467	58305	0	0	191	-1	0	0			1		maplevel180	
<i18n=3733>	9082	20		85745	60503	0	0	191	-1	0	0			1		maplevel180	
<i18n=3733>	9082	20		79964	63858	0	0	191	-1	0	0			1		maplevel180	
<i18n=816>	9079	20		34919	189260	0	0	191	-1	0	0			1		maplevel180	
<i18n=816>	9079	20		32899	186270	0	0	191	-1	0	0			1		maplevel180	
<i18n=816>	9079	20		33609	188505	0	0	191	-1	0	0			1		maplevel180	
<i18n=816>	9079	20		32787	182960	0	0	191	-1	0	0			1		maplevel180	
<i18n=816>	9079	20		37667	187816	0	0	191	-1	0	0			1		maplevel180	
<i18n=816>	9079	20		34462	183383	0	0	191	-1	0	0			1		maplevel180	
<i18n=816>	9079	20		36821	183106	0	0	191	-1	0	0			1		maplevel180	
<i18n=816>	9079	20		36396	189052	0	0	191	-1	0	0			1		maplevel180	
<i18n=816>	9079	20		35584	184826	0	0	191	-1	0	0			1		maplevel180	
<i18n=816>	9079	20		38184	183792	0	0	191	-1	0	0			1		maplevel180	
<i18n=816>	9079	20		38382	185806	0	0	191	-1	0	0			1		maplevel180	
<i18n=816>	9079	20		36712	186736	0	0	191	-1	0	0			1		maplevel180	
<i18n=816>	9079	20		37863	181785	0	0	191	-1	0	0			1		maplevel180	
<i18n=816>	9079	20		34580	186645	0	0	191	-1	0	0			1		maplevel180	
<i18n=816>	9079	20		36200	180814	0	0	191	-1	0	0			1		maplevel180	
<i18n=816>	9079	20		34112	181393	0	0	191	-1	0	0			1		maplevel180	
<i18n=5931>	11030	1		70497	118580	0	0	191	-1	0	0			1	
<i18n=5931>	11030	1		71399	117573	0	0	191	-1	0	0			1	
<i18n=5931>	11030	1		72468	116981	0	0	191	-1	0	0			1	
<i18n=4788>	11037	1		70229	117471	0	0	191	-1	0	0			1	
<i18n=4788>	11037	1		71232	116188	0	0	191	-1	0	0			1	
<i18n=4788>	11037	1		72512	115780	0	0	191	-1	0	0			1	
<i18n=816>	9079	20		52054	111956	0	0	191	-1	0	0			1		maplevel180	
<i18n=15655>	9080	20		69244	163561	0	0	191	-1	0	0			1		maplevel180	
<i18n=15655>	9080	20		72418	164339	0	0	191	-1	0	0			1		maplevel180	
<i18n=15655>	9080	20		70181	161884	0	0	191	-1	0	0			1		maplevel180	
<i18n=15655>	9080	20		74301	161058	0	0	191	-1	0	0			1		maplevel180	
<i18n=15655>	9080	20		72606	158782	0	0	191	-1	0	0			1		maplevel180	
<i18n=15655>	9080	20		71758	156285	0	0	191	-1	0	0			1		maplevel180	
<i18n=15655>	9080	20		68223	159104	0	0	191	-1	0	0			1		maplevel180	
<i18n=15655>	9080	20		73462	156708	0	0	191	-1	0	0			1		maplevel180	
<i18n=15655>	9080	20		71370	160171	0	0	191	-1	0	0			1		maplevel180	
<i18n=15655>	9080	20		70055	158914	0	0	191	-1	0	0			1		maplevel180	
<i18n=15655>	9080	20		69788	156844	0	0	191	-1	0	0			1		maplevel180	
<i18n=15655>	9080	20		74281	158824	0	0	191	-1	0	0			1		maplevel180	
<i18n=15655>	9080	20		72485	161714	0	0	191	-1	0	0			1		maplevel180	
<i18n=15655>	9080	20		68097	161515	0	0	191	-1	0	0			1		maplevel180	
<i18n=15655>	9080	20		74164	163020	0	0	191	-1	0	0			1		maplevel180	
<i18n=15655>	9080	20		75740	148951	0	0	191	-1	0	0			1		maplevel180	
<i18n=15655>	9080	20		73881	148946	0	0	191	-1	0	0			1		maplevel180	
<i18n=15655>	9080	20		77682	148966	0	0	191	-1	0	0			1		maplevel180	
<i18n=15655>	9080	20		74592	151275	0	0	191	-1	0	0			1		maplevel180	
<i18n=15655>	9080	20		76736	147245	0	0	191	-1	0	0			1		maplevel180	
<i18n=15655>	9080	20		77830	145483	0	0	191	-1	0	0			1		maplevel180	
<i18n=15655>	9080	20		72242	146673	0	0	191	-1	0	0			1		maplevel180	
<i18n=15655>	9080	20		77355	150955	0	0	191	-1	0	0			1		maplevel180	
<i18n=15655>	9080	20		72343	149532	0	0	191	-1	0	0			1		maplevel180	
<i18n=15655>	9080	20		76060	151932	0	0	191	-1	0	0			1		maplevel180	
<i18n=15655>	9080	20		73459	151336	0	0	191	-1	0	0			1		maplevel180	
<i18n=15655>	9080	20		73880	146489	0	0	191	-1	0	0			1		maplevel180	
<i18n=15655>	9080	20		75685	145800	0	0	191	-1	0	0			1		maplevel180	
<i18n=15655>	9080	20		76918	143764	0	0	191	-1	0	0			1		maplevel180	
<i18n=15655>	9080	20		73116	144425	0	0	191	-1	0	0			1		maplevel180	
<i18n=15655>	9080	20		74770	144068	0	0	191	-1	0	0			1		maplevel180	
<i18n=15655>	9080	20		84878	131601	0	0	191	-1	0	0			1		maplevel180	
<i18n=15655>	9080	20		87364	135117	0	0	191	-1	0	0			1		maplevel180	
<i18n=15655>	9080	20		87570	131583	0	0	191	-1	0	0			1		maplevel180	
<i18n=15655>	9080	20		89178	134164	0	0	191	-1	0	0			1		maplevel180	
<i18n=15655>	9080	20		88736	136593	0	0	191	-1	0	0			1		maplevel180	
<i18n=15655>	9080	20		87344	137682	0	0	191	-1	0	0			1		maplevel180	
<i18n=15655>	9080	20		83907	137094	0	0	191	-1	0	0			1		maplevel180	
<i18n=15655>	9080	20		85056	129994	0	0	191	-1	0	0			1		maplevel180	
<i18n=15655>	9080	20		88712	129735	0	0	191	-1	0	0			1		maplevel180	
<i18n=15655>	9080	20		86862	129607	0	0	191	-1	0	0			1		maplevel180	
<i18n=15655>	9080	20		89047	131839	0	0	191	-1	0	0			1		maplevel180	
<i18n=15655>	9080	20		86140	133354	0	0	191	-1	0	0			1		maplevel180	
<i18n=15655>	9080	20		85446	137900	0	0	191	-1	0	0			1		maplevel180	
<i18n=15655>	9080	20		84887	135094	0	0	191	-1	0	0			1		maplevel180	
<i18n=15655>	9080	20		83312	131358	0	0	191	-1	0	0			1		maplevel180	
<i18n=15655>	9080	20		82854	134501	0	0	191	-1	0	0			1		maplevel180	
<i18n=15655>	9080	20		89418	124648	0	0	191	-1	0	0			1		maplevel180	
<i18n=15655>	9080	20		90709	126554	0	0	191	-1	0	0			1		maplevel180	
<i18n=15655>	9080	20		92373	126702	0	0	191	-1	0	0			1		maplevel180	
<i18n=15655>	9080	20		94068	126022	0	0	191	-1	0	0			1		maplevel180	
<i18n=15655>	9080	20		93680	120904	0	0	191	-1	0	0			1		maplevel180	
<i18n=15655>	9080	20		91403	120818	0	0	191	-1	0	0			1		maplevel180	
<i18n=15655>	9080	20		92480	122321	0	0	191	-1	0	0			1		maplevel180	
<i18n=15655>	9080	20		95014	124475	0	0	191	-1	0	0			1		maplevel180	
<i18n=15655>	9080	20		95248	122016	0	0	191	-1	0	0			1		maplevel180	
<i18n=15655>	9080	20		94978	119963	0	0	191	-1	0	0			1		maplevel180	
<i18n=15655>	9080	20		93463	124261	0	0	191	-1	0	0			1		maplevel180	
<i18n=15655>	9080	20		89443	122011	0	0	191	-1	0	0			1		maplevel180	
<i18n=15655>	9080	20		93494	119182	0	0	191	-1	0	0			1		maplevel180	
<i18n=15655>	9080	20		91942	119185	0	0	191	-1	0	0			1		maplevel180	
<i18n=15655>	9080	20		91290	124321	0	0	191	-1	0	0			1		maplevel180	
<i18n=15655>	9080	20		90112	119612	0	0	191	-1	0	0			1		maplevel180	
<i18n=15655>	9080	20		89360	91470	0	0	191	-1	0	0			1		maplevel180	
<i18n=15655>	9080	20		91259	91018	0	0	191	-1	0	0			1		maplevel180	
<i18n=15655>	9080	20		87833	93412	0	0	191	-1	0	0			1		maplevel180	
<i18n=15655>	9080	20		87686	96077	0	0	191	-1	0	0			1		maplevel180	
<i18n=15655>	9080	20		88220	98875	0	0	191	-1	0	0			1		maplevel180	
<i18n=15655>	9080	20		89520	97104	0	0	191	-1	0	0			1		maplevel180	
<i18n=15655>	9080	20		89981	99842	0	0	191	-1	0	0			1		maplevel180	
<i18n=15655>	9080	20		92103	99893	0	0	191	-1	0	0			1		maplevel180	
<i18n=15655>	9080	20		93475	98322	0	0	191	-1	0	0			1		maplevel180	
<i18n=15655>	9080	20		90895	95501	0	0	191	-1	0	0			1		maplevel180	
<i18n=15655>	9080	20		92128	97374	0	0	191	-1	0	0			1		maplevel180	
<i18n=15655>	9080	20		92132	93514	0	0	191	-1	0	0			1		maplevel180	
<i18n=15655>	9080	20		93843	93618	0	0	191	-1	0	0			1		maplevel180	
<i18n=15655>	9080	20		89894	93582	0	0	191	-1	0	0			1		maplevel180	
<i18n=15655>	9080	20		92963	91827	0	0	191	-1	0	0			1		maplevel180	
<i18n=15655>	9080	20		93696	96499	0	0	191	-1	0	0			1		maplevel180	
<i18n=15655>	9080	20		104380	118709	0	0	191	-1	0	0			1		maplevel180	
<i18n=15655>	9080	20		106160	119287	0	0	191	-1	0	0			1		maplevel180	
<i18n=15655>	9080	20		108865	117739	0	0	191	-1	0	0			1		maplevel180	
<i18n=15655>	9080	20		109386	115874	0	0	191	-1	0	0			1		maplevel180	
<i18n=15655>	9080	20		107378	114524	0	0	191	-1	0	0			1		maplevel180	
<i18n=15655>	9080	20		107903	119204	0	0	191	-1	0	0			1		maplevel180	
<i18n=15655>	9080	20		105426	116852	0	0	191	-1	0	0			1		maplevel180	
<i18n=15655>	9080	20		103679	116866	0	0	191	-1	0	0			1		maplevel180	
<i18n=15655>	9080	20		107433	112008	0	0	191	-1	0	0			1		maplevel180	
<i18n=15655>	9080	20		109350	113669	0	0	191	-1	0	0			1		maplevel180	
<i18n=15655>	9080	20		107296	117091	0	0	191	-1	0	0			1		maplevel180	
<i18n=15655>	9080	20		105554	114184	0	0	191	-1	0	0			1		maplevel180	
<i18n=15655>	9080	20		105963	111851	0	0	191	-1	0	0			1		maplevel180	
<i18n=15655>	9080	20		104557	112393	0	0	191	-1	0	0			1		maplevel180	
<i18n=15655>	9080	20		103808	114266	0	0	191	-1	0	0			1		maplevel180	
<i18n=15655>	9080	20		108710	112345	0	0	191	-1	0	0			1		maplevel180	
<i18n=14871>	9081	20		37023	90883	0	0	191	-1	0	0			1		maplevel180	
<i18n=14871>	9081	20		31137	90681	0	0	191	-1	0	0			1		maplevel180	
<i18n=14871>	9081	20		32563	93974	0	0	191	-1	0	0			1		maplevel180	
<i18n=14871>	9081	20		32679	91472	0	0	191	-1	0	0			1		maplevel180	
<i18n=14871>	9081	20		32675	88003	0	0	191	-1	0	0			1		maplevel180	
<i18n=14871>	9081	20		32769	85499	0	0	191	-1	0	0			1		maplevel180	
<i18n=14871>	9081	20		31296	87350	0	0	191	-1	0	0			1		maplevel180	
<i18n=14871>	9081	20		34552	94223	0	0	191	-1	0	0			1		maplevel180	
<i18n=14871>	9081	20		35234	87763	0	0	191	-1	0	0			1		maplevel180	
<i18n=14871>	9081	20		33928	89535	0	0	191	-1	0	0			1		maplevel180	
<i18n=14871>	9081	20		34656	84865	0	0	191	-1	0	0			1		maplevel180	
<i18n=14871>	9081	20		36657	85377	0	0	191	-1	0	0			1		maplevel180	
<i18n=14871>	9081	20		37087	88373	0	0	191	-1	0	0			1		maplevel180	
<i18n=14871>	9081	20		35478	91502	0	0	191	-1	0	0			1		maplevel180	
<i18n=14871>	9081	20		36193	92932	0	0	191	-1	0	0			1		maplevel180	
<i18n=14871>	9081	20		44079	92335	0	0	191	-1	0	0			1		maplevel180	
<i18n=14871>	9081	20		45737	93220	0	0	191	-1	0	0			1		maplevel180	
<i18n=14871>	9081	20		48036	92319	0	0	191	-1	0	0			1		maplevel180	
<i18n=14871>	9081	20		49178	90934	0	0	191	-1	0	0			1		maplevel180	
<i18n=14871>	9081	20		45452	89975	0	0	191	-1	0	0			1		maplevel180	
<i18n=14871>	9081	20		47766	89919	0	0	191	-1	0	0			1		maplevel180	
<i18n=14871>	9081	20		43655	89903	0	0	191	-1	0	0			1		maplevel180	
<i18n=14871>	9081	20		49386	88484	0	0	191	-1	0	0			1		maplevel180	
<i18n=14871>	9081	20		47699	85497	0	0	191	-1	0	0			1		maplevel180	
<i18n=14871>	9081	20		45550	85782	0	0	191	-1	0	0			1		maplevel180	
<i18n=14871>	9081	20		43373	87443	0	0	191	-1	0	0			1		maplevel180	
<i18n=14871>	9081	20		44221	84744	0	0	191	-1	0	0			1		maplevel180	
<i18n=14871>	9081	20		46605	87950	0	0	191	-1	0	0			1		maplevel180	
<i18n=14871>	9081	20		49447	85655	0	0	191	-1	0	0			1		maplevel180	
<i18n=14871>	9081	20		48466	83504	0	0	191	-1	0	0			1		maplevel180	
<i18n=14871>	9081	20		46174	83726	0	0	191	-1	0	0			1		maplevel180	
<i18n=14871>	9081	20		53469	80588	0	0	191	-1	0	0			1		maplevel180	
<i18n=14871>	9081	20		55935	83795	0	0	191	-1	0	0			1		maplevel180	
<i18n=14871>	9081	20		57738	83257	0	0	191	-1	0	0			1		maplevel180	
<i18n=14871>	9081	20		58886	82028	0	0	191	-1	0	0			1		maplevel180	
<i18n=14871>	9081	20		53916	83180	0	0	191	-1	0	0			1		maplevel180	
<i18n=14871>	9081	20		57253	80339	0	0	191	-1	0	0			1		maplevel180	
<i18n=14871>	9081	20		59208	79889	0	0	191	-1	0	0			1		maplevel180	
<i18n=14871>	9081	20		57377	76716	0	0	191	-1	0	0			1		maplevel180	
<i18n=14871>	9081	20		58979	77451	0	0	191	-1	0	0			1		maplevel180	
<i18n=14871>	9081	20		57101	74721	0	0	191	-1	0	0			1		maplevel180	
<i18n=14871>	9081	20		55393	77034	0	0	191	-1	0	0			1		maplevel180	
<i18n=14871>	9081	20		55316	80466	0	0	191	-1	0	0			1		maplevel180	
<i18n=14871>	9081	20		53388	78508	0	0	191	-1	0	0			1		maplevel180	
<i18n=14871>	9081	20		54037	75969	0	0	191	-1	0	0			1		maplevel180	
<i18n=14871>	9081	20		55465	74557	0	0	191	-1	0	0			1		maplevel180	
<i18n=14871>	9081	20		58756	75320	0	0	191	-1	0	0			1		maplevel180	
<i18n=14871>	9081	20		68935	103848	0	0	191	-1	0	0			1		maplevel180	
<i18n=14871>	9081	20		70620	103992	0	0	191	-1	0	0			1		maplevel180	
<i18n=14871>	9081	20		72403	103456	0	0	191	-1	0	0			1		maplevel180	
<i18n=14871>	9081	20		73565	101689	0	0	191	-1	0	0			1		maplevel180	
<i18n=14871>	9081	20		71724	101408	0	0	191	-1	0	0			1		maplevel180	
<i18n=14871>	9081	20		69990	101358	0	0	191	-1	0	0			1		maplevel180	
<i18n=14871>	9081	20		68221	101688	0	0	191	-1	0	0			1		maplevel180	
<i18n=14871>	9081	20		68277	99143	0	0	191	-1	0	0			1		maplevel180	
<i18n=14871>	9081	20		70109	98211	0	0	191	-1	0	0			1		maplevel180	
<i18n=14871>	9081	20		72004	95144	0	0	191	-1	0	0			1		maplevel180	
<i18n=14871>	9081	20		72039	98055	0	0	191	-1	0	0			1		maplevel180	
<i18n=14871>	9081	20		73848	98375	0	0	191	-1	0	0			1		maplevel180	
<i18n=14871>	9081	20		73671	95748	0	0	191	-1	0	0			1		maplevel180	
<i18n=14871>	9081	20		70894	99502	0	0	191	-1	0	0			1		maplevel180	
<i18n=14871>	9081	20		70561	95116	0	0	191	-1	0	0			1		maplevel180	
<i18n=14871>	9081	20		68890	96653	0	0	191	-1	0	0			1		maplevel180	
<i18n=16423>	3108	35	5	54568	139605	0	0	191	-1	0	0				
<i18n=10729>	3109	35	5	62105	152889	0	0	191	-1	0	0				
<i18n=6196>	3110	35	5	37875	161474	0	0	191	-1	0	0				
<i18n=3997>	3111	35	5	40858	139687	0	0	191	-1	0	0				
<i18n=8513>	3112	35	5	39843	111862	0	0	191	-1	0	0				
<i18n=10126>	3113	35	5	54186	47030	0	0	191	-1	0	0				
<i18n=11368>	3114	35	5	70912	47310	0	0	191	-1	0	0				
<i18n=15794>	3115	35	5	73154	37551	0	0	191	-1	0	0				
<i18n=12325>	3116	35	5	89653	74579	0	0	191	-1	0	0				
<i18n=14553>	3117	35	5	78156	123090	0	0	191	-1	0	0				
<i18n=15657>	3118	35	5	60659	132521	0	0	191	-1	0	0				
<i18n=12942>	3119	35	5	101169	131657	0	0	191	-1	0	0				
<i18n=19655>	7149	20		43884	131112	0	0	191	-1	0	0			1	
<i18n=19655>	7149	20		42224	133530	0	0	191	-1	0	0			1	
<i18n=19655>	7149	20		40245	131108	0	0	191	-1	0	0			1	
<i18n=20518>	7344	20		26505	191187	0	0	220	-1	0	0			1	
	7384	70		78795	157533	0	0	191	-1	0	0			1	
<i18n=21722>	7385	70		80804	154855	0	0	191	-1	0	0			1	
<i18n=21737>	7386	70		81446	151874	0	0	191	-1	0	0			1	
