nId	szShopId	szSuitId	nEnable	nTemplateId	szFashionType	szName	nPrice	szMoneyType	nSort	bNewTip	szSellTimeStart	szSellTimeEnd	szNewTimeStart	szNewTimeEnd	nDiscount	szPreferentialTimeStart	szPreferentialTimeEnd	szOpenTimeFrame	nMinLevel	nShowLevel	nRepeat	nShowType
<i18n=13964>	<i18n=28002>	<i18n=1598>	<i18n=27982>	<i18n=5126>	<i18n=10159>	<i18n=名字>	<i18n=9169>	<i18n=3684>	<i18n=1060>	<i18n=10074>	<i18n=2433>	<i18n=14694>	<i18n=28023>	<i18n=27990>	<i18n=27995>	<i18n=27996>	<i18n=28004>	<i18n=11800>	<i18n=10258>	<i18n=7126>	<i18n=2300>	<i18n=31611>
1	1501|20000|20001	1	1	600001	Hat	<i18n=9168>	3680	Gold	69992												0
2	1101|20000|20001	1	1	600002	Coat	<i18n=7652>	8680	Gold	69991												0
3	1501|20000|20001	2	1	600003	Hat	<i18n=1273>	3680	Gold	69990												0
4	1101|20000|20001	2	1	600004	Coat	<i18n=9531>	8680	Gold	69989												0
7	1501|20000|20001	4	1	600007	Hat	<i18n=8235>	2680	Gold	70000												0
8	1101|20000|20001	4	1	600008	Coat	<i18n=8177>	6280	Gold	69999												0
11	1501|20000|20001	6	1	600011	Hat	<i18n=9791>	2680	Gold	69998												0
12	1101|20000|20001	6	1	600012	Coat	<i18n=15303>	6280	Gold	69997												0
15	1501|20000|20001	8	1	600015	Hat	<i18n=6542>	3680	Gold	69988												0
16	1101|20000|20001	8	1	600016	Coat	<i18n=5037>	8680	Gold	69987												0
17	1501|20000|20001	9	1	600017	Hat	<i18n=3237>	3680	Gold	69986												0
18	1101|20000|20001	9	1	600018	Coat	<i18n=3742>	8680	Gold	69985												0
19	1501|20000|20001	10	1	600019	Hat	<i18n=4161>	3680	Gold	69984												0
20	1101|20000|20001	10	1	600020	Coat	<i18n=2357>	8680	Gold	69983												0
35	1501|20000|20001	15	1	660070	Hat	<i18n=28254>	330	Gold	80000				20240327040000	20240410040000							0
36	1101|20000|20001	15	1	660071	Coat	<i18n=28281>	790	Gold	79999				20240327040000	20240410040000							0
55	1501|20000|20001	26	1	671654	Hat	<i18n=32676>	3680	Gold	100005		20241021100000	20241028035959										0
56	1101|20000|20001	26	1	671655	Coat	<i18n=32673>	8680	Gold	100006		20241021100000	20241028035959										0
57	1501|20000|20001	27	1	671656	Hat	<i18n=32691>	2680	Gold	90000		20241021100000	20241028035959									0	0
58	1101|20000|20001	27	1	671657	Coat	<i18n=32707>	6280	Gold	90000		20241021100000	20241028035959									0	0
61	1501|20000|20001	29	1	671670	Hat	<i18n=33721>	2680	Gold	521		20241021100000	20241028035959	20241021100000	20241028035959								0
62	1101|20000|20001	29	1	671671	Coat	<i18n=33713>	6280	Gold	522		20241021100000	20241028035959	20241021100000	20241028035959								0
63	1501|20000|20001	30	1	671672	Hat	<i18n=33722>	2680	Gold	523		20241021100000	20241028035959	20241021100000	20241028035959								0
64	1101|20000|20001	30	1	671673	Coat	<i18n=33728>	6280	Gold	524		20241021100000	20241028035959	20241021100000	20241028035959								0
73	1501|1503|20000|20001	37	1	671900	Hat	<i18n=37431>	150	Gold	100000		20240626040000		20240626040000	20240703040000							0
74	1101|1103|20000|20001	37	1	671901	Coat	<i18n=37425>	350	Gold	99999		20240626040000		20240626040000	20240703040000							0
75	1501|1503|20000|20001	38	1	671902	Hat	<i18n=37394>	150	Gold	99992		20240731040000		20240731040000	20240807040000								0
76	1101|1103|20000|20001	38	1	671903	Coat	<i18n=37381>	350	Gold	99991		20240731040000		20240731040000	20240807040000								0
77	1501|1503|20000|20001	39	1	671904	Hat	<i18n=37398>	150	Gold	99990		20241016040000		20241016040000	20241030040000								0
78	1101|1103|20000|20001	39	1	671905	Coat	<i18n=37358>	350	Gold	99989		20241016040000		20241016040000	20241030040000								0
79	1501|1503|20000|20001	40	1	671906	Hat	<i18n=37382>	150	Gold	99988		20241016040000		20241016040000	20241030040000								0
80	1101|1103|20000|20001	40	1	671907	Coat	<i18n=37419>	350	Gold	99987		20241016040000		20241016040000	20241030040000								0
81	1501|1503|20000|20001	41	1	671908	Hat	<i18n=37414>	150	Gold	99998		20240626040000		20240626040000	20240703040000							0
82	1101|1103|20000|20001	41	1	671909	Coat	<i18n=37359>	350	Gold	99997		20240626040000		20240626040000	20240703040000							0
83	1501|1503|20000|20001	42	1	671910	Hat	<i18n=37386>	150	Gold	99996		20240605040000		20240605040000	20240612040000							0
84	1101|1103|20000|20001	42	1	671911	Coat	<i18n=37400>	350	Gold	99995		20240605040000		20240605040000	20240612040000							0
85	1501|1503|20000|20001	43	1	671912	Hat	<i18n=37432>	150	Gold	99990		20240731040000		20240731040000	20240807040000								0
86	1101|1103|20000|20001	43	1	671913	Coat	<i18n=37361>	350	Gold	99989		20240731040000		20240731040000	20240807040000								0
87	1501|1503|20000|20001	44	1	671914	Hat	<i18n=37376>	150	Gold	99994		20240605040000		20240605040000	20240612040000							0
88	1101|1103|20000|20001	44	1	671915	Coat	<i18n=37385>	350	Gold	99993		20240605040000		20240605040000	20240612040000							0
91	1501|20000|20001	46	1	671953	Hat	<i18n=37850>	2680	Gold	551		20241021100000	20241028035959	20241021100000	20241028035959								0
92	1101|20000|20001	46	1	671954	Coat	<i18n=37853>	6280	Gold	552		20241021100000	20241028035959	20241021100000	20241028035959								0
93	1501|20000|20001	47	1	671955	Hat	<i18n=37859>	2680	Gold	69996												0	1
94	1101|20000|20001	47	1	671956	Coat	<i18n=37851>	6280	Gold	69995												0	1
95	1501|20000|20001	48	1	671957	Hat	<i18n=37835>	2680	Gold	69994												0	1
96	1101|20000|20001	48	1	671958	Coat	<i18n=37827>	6280	Gold	69993												0	1
99	1501|1503|20000|20001	50	1	672134	Hat	<i18n=39162>	150	Gold	99986		20241016040000		20241016040000	20241030040000								0
100	1101|1103|20000|20001	50	1	672135	Coat	<i18n=39163>	350	Gold	99985		20241016040000		20241016040000	20241030040000								0
101	1501|1503|20000|20001	51	1	672136	Hat	<i18n=39169>	150	Gold	99988		20240731040000		20240731040000	20240807040000								0
102	1101|1103|20000|20001	51	1	672137	Coat	<i18n=39157>	350	Gold	99987		20240731040000		20240731040000	20240807040000								0
103	1501|20000|20001	52	1	672138	Hat	<i18n=39156>	150	Gold	99992		20240605040000		20240605040000	20240612040000							0
104	1101|20000|20001	52	1	672139	Coat	<i18n=39168>	350	Gold	99991		20240605040000		20240605040000	20240612040000							0
105	1501|20000|20001	53	1	672263	Hat	<i18n=42097>	2680	Gold	100001		20241021100000	20241028035959										0
106	1101|20000|20001	53	1	672264	Coat	<i18n=42149>	6280	Gold	100002		20241021100000	20241028035959										0
107	1501|20000|20001	54	1	672265	Hat	<i18n=41945>	2680	Gold	567		20241021100000	20241028035959	20241021100000	20241028035959								0
108	1101|20000|20001	54	1	672266	Coat	<i18n=41950>	6280	Gold	568		20241021100000	20241028035959	20241021100000	20241028035959								0
111	1501|20000|20001	56	1	672288	Hat	<i18n=42239>	2680	Gold	100003		20241021100000	20241028035959										0
112	1101|20000|20001	56	1	672289	Coat	<i18n=42218>	6280	Gold	100004		20241021100000	20241028035959										0
119	1501|1503|20000|20001	60	1	672373	Hat	<i18n=44816>	150	Gold	99990		20240626040000		20240626040000	20240703040000							0
120	1101|1103|20000|20001	60	1	672374	Coat	<i18n=44790>	350	Gold	99989		20240626040000		20240626040000	20240703040000							0
139	1501|20000|20001	68	1	672522	Hat	<i18n=47647>	2680	Gold	593		20241021100000	20241028035959	20241021100000	20241028035959								0
140	1101|20000|20001	68	1	672523	Coat	<i18n=47662>	6280	Gold	594		20241021100000	20241028035959	20241021100000	20241028035959								0
141	1501|20000|20001	69	1	672619	Hat	<i18n=50202>	500	Gold	595		20241204100000											1
142	1101|20000|20001	69	1	672620	Coat	<i18n=50408>	1100	Gold	596		20241204100000											1
145	1501|20000|20001	71	1	672636	Hat	<i18n=51096>	150	Gold	599		20241016040000		20241016040000	20241030040000								0
146	1101|20000|20001	71	1	672637	Coat	<i18n=51101>	350	Gold	600		20241016040000		20241016040000	20241030040000								0
147	1501|20000|20001	72	1	90100	Hat	<i18n=53011>	2680	Gold	100007													1
148	1101|20000|20001	72	1	90101	Coat	<i18n=53008>	6280	Gold	100008													1
151	1501|20000|20001	74	1	90110	Hat	<i18n=55585>	2680	Gold	100009													1
152	1101|20000|20001	74	1	90111	Coat	<i18n=55579>	6280	Gold	100010													1
153	1501|20000|20001	75	1	90112	Hat	<i18n=55600>	2680	Gold	100011													1
154	1101|20000|20001	75	1	90113	Coat	<i18n=55592>	6280	Gold	100012													1
157	1501|20000|20001	77	1	600023	Hat	<i18n=57174>	2680	Gold	100013													1
158	1101|20000|20001	77	1	600024	Coat	<i18n=57163>	6280	Gold	100014													1
159	1501|1503|20000|20001	78	1	673395	Hat	<i18n=58513>	150	Gold	601		20250312040000		20250312040000	20250326040000								0
160	1101|1103|20000|20001	78	1	673396	Coat	<i18n=58510>	350	Gold	602		20250312040000		20250312040000	20250326040000								0
50003	1401		1	650002	Horse	<i18n=6489>	9880	Gold	4000												0	1
50005	1401		1	650003	Horse	<i18n=233>	9880	Gold	4001												0	1
50007	1401		1	650004	Horse	<i18n=5757>	5880	Gold	5000												0	1
50009	1401		1	650005	Horse	<i18n=6639>	9880	Gold	4002												0	1
50118	1401		1	95984	Horse	<i18n=45534>	2880	Gold	1525		20241021100000	20241028035959	20241021100000	20241028035959	20	20241021100000	20241028035959					0
50065	1401		1	660047	Horse	<i18n=27671>	5880	Gold	7010												0	1
50067	1401		1	660078	Horse	<i18n=28213>	2880	Gold	7004		20241021100000	20241028035959			10	20241021100000	20241028035959					0
50069	1401		1	660079	Horse	<i18n=28236>	390	Gold	7005
50100	1401		1	671650	Horse	<i18n=32684>	5880	Gold	7003						20	20240729100000	20240803035959					1
50011	1401		1	650006	Horse	<i18n=1917>	2880	Gold	6000		20241021100000	20241028035959			10	20241021100000	20241028035959				0
50013	1401		1	650007	Horse	<i18n=8870>	5880	Gold	5001		20241021100000	20241028035959			20	20241021100000	20241028035959				0	0
50021	1401		1	650011	Horse	<i18n=2009>	2880	Gold	6001		20241021100000	20241028035959			10	20241021100000	20241028035959				0
50023	1401		1	650012	Horse	<i18n=2349>	5880	Gold	5002												0	1
50025	1401		1	650013	Horse	<i18n=12701>	2880	Gold	6002												0	1
50027	1401		1	650014	Horse	<i18n=12676>	9880	Gold	4003												0	1
50029	1401		1	650015	Horse	<i18n=14865>	9880	Gold	4004													1
50030	1401		1	672406	Horse	<i18n=46293>	9880	Gold	4005												0	1
50031	1401		1	90120	Horse	<i18n=56534>	9880	Gold	4006												0	1
50073	1401		1	660081	Horse	<i18n=28239>	990	Gold	7011													1
50081	1401		1	660085	Horse	<i18n=28243>	6880	Gold	4999													1
50089	1401		1	671634	Horse	<i18n=30976>	5880	Gold	5003						20	20241021100000	20241028035959				0	0
50091	1401		1	671635	Horse	<i18n=26893>	990	Gold	7006													1
50093	1401		1	671636	Horse	<i18n=30966>	1990	Gold	1506													1
50099	1401|20000|20002	2009	1	671649	Horse	<i18n=32651>	1990	Gold	7007													1
50101	1401		1	671651	Horse	<i18n=32681>	5880	Gold	7008											0		1
50103	1401		1	671668	Horse	<i18n=33708>	5880	Gold	5004												0	1
50104	1401		1	671669	Horse	<i18n=33724>	1990	Gold	7012												0	1
50105	1401		1	671884	Horse	<i18n=37074>	5880	Gold	5005												0	1
50106	1401		1	671889	Horse	<i18n=37063>	5880	Gold	5006												0	1
50107	1401		1	95987	Horse	<i18n=37779>	990	Gold	7000													1
50116	1401		1	95982	Horse	<i18n=45515>	2880	Gold	7001		20241021100000	20241028035959	20241021100000	20241028035959	10	20241021100000	20241028035959
50120	1401|20000|20002	2014	1	95986	Horse	<i18n=45524>	5880	Gold	7002													1
50123	1401|20000|20002		1	95981	Horse	<i18n=46523>	5880	Gold	7009													1
50125	1401		1	95980	Horse	<i18n=50175>	5880	Gold	1530		20241021100000	20241028035959	20241021100000	20241028035959	34	20241021100000	20241028035959					0
50126	1401		1	672638	Horse	<i18n=50499>	390	Gold	7003				20241016040000	20241023040000								0
50129	1401|20000|20002		1	90114		<i18n=55563>	5880	Gold	7006													1
50131	1401|20000|20002	2017	1	90116	Horse	<i18n=55559>	5880	Gold	7004													1
50134	1401|20000|20002	2018	1	95978	Horse	<i18n=67738>	6880	Gold	7005													1
50136	1401|20000|20002	2019	1	95975	Horse	<i18n=6894>	5880	Gold	7012													1
80001	1402		1	96001	Horse	<i18n=31780>	2880	Gold	3000												0
80002	1402		1	96002	Horse	<i18n=31763>	2880	Gold	3010												0	1
80005	1402		0	96005	Horse	<i18n=31791>	2880	Gold	3001												0
80006	1402		1	96006	Horse	<i18n=31778>	2880	Gold	3002													1
80008	1402		1	96008	Horse	<i18n=31792>	2880	Gold	3003
80009	1402		1	95994	Horse	<i18n=37744>	2880	Gold	3004													1
80016	1402		1	96009	Horse	<i18n=40651>	2880	Gold	3005													1
80017	1402|20000|20002	2009	1	96010	Horse	<i18n=40673>	2880	Gold	3006													1
80018	1402|20000|20002		1	96011	Horse	<i18n=40663>	2880	Gold	3014													1
80019	1402		1	96012	Horse	<i18n=40665>	2880	Gold	3007													1
80020	1402		1	672407	Horse	<i18n=46198>	2880	Gold	3011												0	1
80021	1402|20000|20002		1	96013	Horse	<i18n=46539>	2880	Gold	3013													1
80022	1402|20000|20002	2014	1	96015	Horse	<i18n=46567>	2880	Gold	3008													1
80023	1402		1	96016	Horse	<i18n=46554>	2880	Gold	3009													1
80025	1402|20000|20002		1	90117	Horse	<i18n=55565>	2880	Gold	3014													1
80027	1402|20000|20002	2017	1	90119	Horse	<i18n=55596>	2880	Gold	3008													1
80028	1402		1	90121	Horse	<i18n=56537>	2880	Gold	3012												0	1
80029	1402|20000|20002	2018	1	96017	Horse	<i18n=67722>	2880	Gold	3013												0	1
80030	1402|20000|20002	2019	1	96018	Horse	<i18n=67822>	2880	Gold	3015													1
100001	1201		1	100001	Weapon	<i18n=26233>	9880	Gold	1												0	2
100002	1201|20000|20003		1	100002	Weapon	<i18n=30748>	1880	Gold	2												0	1
100003	1202|20000|20003		1	100003	Weapon	<i18n=30719>	880	Gold	3												0	1
100004	1201		1	100004	Weapon	<i18n=37034>	1880	Gold	4													1
100006	1202		1	100006	Weapon	<i18n=37150>	1280	Gold	5													1
110001	1301		0	93001	Mantle	<i18n=31407>	1280	Gold	1000												0
110002	1301		0	93002	Mantle	<i18n=31419>	1280	Gold	1001												0
110003	1301		1	93003	Mantle	<i18n=31422>	1280	Gold	1002				20240327040000	20240410040000							0
110004	1301		0	93004	Mantle	<i18n=31401>	1280	Gold	1003												0
110005	1301		1	93005	Mantle	<i18n=31391>	1280	Gold	1004				20240327040000	20240410040000							0
110006	1301		1	93006	Mantle	<i18n=31392>	1280	Gold	1005				20240327040000	20240410040000							0
110007	1301		1	93007	Mantle	<i18n=31372>	1280	Gold	1006		20241021100000	20241028035959			50	20241021100000	20241028035959				0
110008	1301		1	93008	Mantle	<i18n=31967>	5360	Gold	2000		20240729100000	20240803035959			50	20240729100000	20240803035959				0
110009	1301		1	93009	Mantle	<i18n=31997>	2680	Gold	2001													1
110010	1301		0	93010	Mantle	<i18n=31991>	2680	Gold	2002												0
110011	1301		1	93011	Mantle	<i18n=31981>	2680	Gold	2003				20240327040000	20240410040000							0
110012	1301		1	93012	Mantle	<i18n=32004>	5360	Gold	2004													1
110013	1301		1	93013	Mantle	<i18n=31978>	2680	Gold	2005													1
110014	1301		1	93014	Mantle	<i18n=31986>	2680	Gold	2006												0	1
110015	1301		0	93015	Mantle	<i18n=31980>	2680	Gold	2007												0
110016	1301		1	93016	Mantle	<i18n=31972>	2680	Gold	2008												0	1
110017	1301		0	93017	Mantle	<i18n=31985>	2680	Gold	2009												0
110019	1301		1	93019	Mantle	<i18n=46188>	5360	Gold	2010													1
110020	1301		1	93020	Mantle	<i18n=40701>	5360	Gold	2011		20241127100000											1
110021	1301		1	93021	Mantle	<i18n=42362>	5360	Gold	2012													1
110022	1301		1	93022	Mantle	<i18n=42288>	5360	Gold	2013		20241021100000	20241028035959	20241021100000	20241028035959	50	20241021100000	20241028035959					0
110023	1301		1	93023	Mantle	<i18n=45526>	5360	Gold	2014													1
110026	1301		1	93026	Mantle	<i18n=45520>	5360	Gold	2015													1
