nSecendLayerId	szTitle	nActivityIndex	nButtonIndex	szExtraParam
1	<i18n=排名>	614	1
2	<i18n=奖励预览>	614	2
3	<i18n=奖励预览>	616	2
4	<i18n=32692>	616	3	1
5	<i18n=32720>	616	3	2
6	<i18n=32693>	616	3	3
7	<i18n=32644>	616	3	4
8	<i18n=32686>	616	3	5
9	<i18n=38308>	200	1
10	<i18n=奖励预览>	200	2
11	<i18n=38563>	230	1
12	<i18n=奖励预览>	230	2
13	<i18n=31514>	294	1
14	<i18n=奖励预览>	294	2
15	<i18n=31514>	294	1
16	<i18n=奖励预览>	294	2
17	<i18n=31514>	503	1
18	<i18n=奖励预览>	503	2
23	<i18n=38563>	332	1
24	<i18n=奖励预览>	332	2
25	<i18n=48182>	64	1
26	<i18n=奖励预览>	64	2
27	<i18n=排行榜>	389	1
28	<i18n=奖励预览>	389	2
29	<i18n=排行榜>	426	1
30	<i18n=奖励预览>	426	2
31	<i18n=排行榜>	634	1
32	<i18n=奖励预览>	634	2
33	<i18n=排行榜>	458	1
34	<i18n=奖励预览>	458	2
35	<i18n=排行榜>	207	1
36	<i18n=奖励预览>	207	2
