TitleID	Name	nCategoryId	IsCustomName	Faction	Quality	ColorID	GTopColorID	GBottomColorID	OutlineColorID	OutlineAlpha	Timeout	ImgAltlas	ImgPrefix	EffectResID	Desc	Source	bShow	bShowNoGet	bShowGetTips	Icon	AttrGroup	AttrLevel	AttributePower	FightPower	bAutoUse	BGEffectResID
1	<i18n=1139>	1			1	217			219	255					<i18n=18533>		0	0
2	<i18n=18955>	1			1	217			219	255					<i18n=18533>		0	0
3	<i18n=9290>	1			1	217			219	255					<i18n=18533>		0	0
4	<i18n=18954>	1			1	217			219	255					<i18n=18533>		0	0
5	<i18n=6724>	1			3	217			219	255				4191	<i18n=18533>		0	0
6	<i18n=12158>	1			1	217			219	255					<i18n=18533>		0	0
7	<i18n=16079>	1			1	201			219	255					<i18n=18533>		0	0
8	<i18n=13487>	1			1	206			219	255					<i18n=18533>		0	0
9	<i18n=4913>	1			1	211			219	255					<i18n=18533>		0	0
10	<i18n=12075>	1			1	214			219	255					<i18n=18533>		0	0
11	<i18n=14817>	1			1	217			219	255					<i18n=18533>		0	0
12	<i18n=14338>	1			1	217			219	255					<i18n=18533>		0	0
13	<i18n=13325>	1			1	217			219	255					<i18n=18533>		0	0
14	<i18n=5890>	1			1	217			219	255					<i18n=18533>		0	0
15	<i18n=6661>	1			1	217			219	255					<i18n=18533>		0	0
16	<i18n=2146>	1			1	217			219	255					<i18n=18533>		0	0
17	<i18n=6366>	1			1	217			219	255					<i18n=18533>		0	0
18	<i18n=15731>	1			1	217			219	255					<i18n=18533>		0	0
19	<i18n=10818>	1			1	217			219	255					<i18n=18533>		0	0
20	<i18n=10800>	1			1	217			219	255					<i18n=18533>		0	0
21	<i18n=13136>	1			1	217			219	255					<i18n=18533>		0	0
22	<i18n=3878>	1			1	217			219	255					<i18n=18533>		0	0
23	<i18n=7519>	1			1	217			219	255					<i18n=18533>		0	0
24	<i18n=5732>	1			1	217			219	255					<i18n=18533>		0	0
25	<i18n=5246>	1			1	217			219	255					<i18n=18533>		0	0
26	<i18n=1264>	1			1	217			219	255					<i18n=18533>		0	0
27	<i18n=2794>	1			1	217			219	255					<i18n=18533>		0	0
28	<i18n=18539>	1			1	217			219	255					<i18n=18533>		0	0
29	<i18n=18535>	1			1	217			219	255					<i18n=18533>		0	0
30	<i18n=798>	1			1	217			219	255					<i18n=18533>		0	0
31	<i18n=8247>	1			1	217			219	255					<i18n=18533>		0	0
32	<i18n=8354>	1			1	217			219	255					<i18n=18533>		0	0
33	<i18n=18548>	1			1	217			219	255					<i18n=18533>		0	0
34	<i18n=18532>	1			1	217			219	255					<i18n=18533>		0	0
35	<i18n=18534>	1			1	217			219	255					<i18n=18533>		0	0
36	<i18n=18956>	1			1	217			219	255					<i18n=18533>		0	0
37	<i18n=20234>	1			1	217			219	255					<i18n=18533>		0	0
38	<i18n=20251>	1			1	101			219	255					<i18n=18533>		0	0
40	<i18n=23658>	1			1	217			219	255					<i18n=18533>		0	0
41	<i18n=24245>	1			1	217			219	255					<i18n=18533>		0	0
42	<i18n=24985>	1			1	217			219	255					<i18n=18533>		0	0
45	<i18n=31280>	2			6	200	200	200	610	255	5184000			106962	<i18n=34285>	<i18n=30795>	1	0			30	4				106969
46	<i18n=26895>	2			6	200	200	200	603	255	5184000			106963	<i18n=34273>	<i18n=30795>	1	0			30	3				106970
47	<i18n=31261>	2			5	200	200	200	606	255	5184000				<i18n=34271>	<i18n=30795>	1	0			30	2				106971
48	<i18n=9801>	2			5	200	200	200	607	255	5184000				<i18n=34272>	<i18n=30795>	1	0			30	1				106972
49	<i18n=9801>	2			5	200	200	200	607	255	3888000				<i18n=34272>	<i18n=30795>	1	0			30	1				106972
50	<i18n=31280>	2			6	200	200	200	610	255	3888000			106962	<i18n=34277>	<i18n=30795>	1	0			30	4				106969
51	<i18n=26895>	2			6	200	200	200	603	255	3888000			106963	<i18n=34273>	<i18n=30795>	1	0			30	3				106970
52	<i18n=31261>	2			5	200	200	200	606	255	3888000				<i18n=34271>	<i18n=30795>	1	0			30	2				106971
53	<i18n=9801>	2			5	200	200	200	607	255	3888000				<i18n=34272>	<i18n=30795>	1	0			30	1				106972
54	<i18n=9801>	2			5	200	200	200	607	255	2592000				<i18n=34272>	<i18n=30795>	1	0			30	1				106972
55	<i18n=26895>	2			6	200	200	200	603	255	2592000			106963	<i18n=34273>	<i18n=30795>	1	0			30	3				106970
56	<i18n=31261>	2			5	200	200	200	606	255	2592000				<i18n=34271>	<i18n=30795>	1	0			30	2				106971
57	<i18n=9801>	2			5	200	200	200	607	255	2592000				<i18n=34272>	<i18n=30795>	1	0			30	1				106972
58	<i18n=9801>	2			5	200	200	200	607	255	1814400				<i18n=34272>	<i18n=30795>	1	0			30	1				106972
59	<i18n=9801>	2			5	200	200	200	607	255	1296000				<i18n=34272>	<i18n=30795>	1	0			30	1				106972
60	<i18n=36016>	1			1	217			219	255					<i18n=18533>		0	0
61	<i18n=35987>	1			1	217			219	255					<i18n=18533>		0	0
62	<i18n=37683>	1			1	217			219	255					<i18n=18533>		0	0
100	<i18n=5653>	1			1	201			219	255					<i18n=18538>		0	0
101	<i18n=11754>	1			1	201			219	255					<i18n=18538>		0	0
102	<i18n=6952>	1			1	201			219	255					<i18n=18538>		0	0
103	<i18n=2944>	1			1	201			219	255					<i18n=18538>		0	0
104	<i18n=11192>	1			1	201			219	255					<i18n=18538>		0	0
105	<i18n=6087>	1			1	201			219	255					<i18n=18538>		0	0
106	<i18n=7377>	1			1	201			219	255					<i18n=18538>		0	0
107	<i18n=1789>	1			1	201			219	255					<i18n=18538>		0	0
108	<i18n=14015>	1			1	201			219	255					<i18n=18538>		0	0
109	<i18n=14314>	1			1	201			219	255					<i18n=18538>		0	0
110	<i18n=10900>	1			1	201			219	255					<i18n=18538>		0	0
111	<i18n=13258>	1			1	201			219	255					<i18n=18538>		0	0
112	<i18n=4620>	1			1	201			219	255					<i18n=18538>		0	0
113	<i18n=14309>	1			1	201			219	255					<i18n=18538>		0	0
114	<i18n=14272>	1			1	201			219	255					<i18n=18538>		0	0
115	<i18n=16169>	1			1	201			219	255					<i18n=18538>		0	0
116	<i18n=16026>	1			1	201			219	255					<i18n=18538>		0	0
117	<i18n=533>	1			1	201			219	255					<i18n=18538>		0	0
118	<i18n=14897>	1			1	201			219	255					<i18n=18538>		0	0
119	<i18n=2558>	1			1	201			219	255					<i18n=18538>		0	0
120	<i18n=2546>	1			1	201			219	255					<i18n=18538>		0	0
121	<i18n=10997>	1			1	201			219	255					<i18n=18538>		0	0
122	<i18n=11866>	1			1	201			219	255					<i18n=18538>		0	0
123	<i18n=5438>	1			1	201			219	255					<i18n=18538>		0	0
124	<i18n=9987>	1			1	201			219	255					<i18n=18538>		0	0
125	<i18n=12503>	1			1	201			219	255					<i18n=18538>		0	0
126	<i18n=12815>	1			1	201			219	255					<i18n=18538>		0	0
127	<i18n=724>	1			1	201			219	255					<i18n=18538>		0	0
128	<i18n=28>	1			1	201			219	255					<i18n=18538>		0	0
129	<i18n=9600>	1			1	201			219	255					<i18n=18538>		0	0
130	<i18n=1536>	1			1	201			219	255					<i18n=18538>		0	0
131	<i18n=2093>	1			1	201			219	255					<i18n=18538>		0	0
132	<i18n=14216>	1			1	201			219	255					<i18n=18538>		0	0
133	<i18n=11248>	1			1	201			219	255					<i18n=18538>		0	0
134	<i18n=2>	1			1	201			219	255					<i18n=18538>		0	0
135	<i18n=1111>	1			1	201			219	255					<i18n=18538>		0	0
136	<i18n=6952>	1			1	201			219	255					<i18n=18538>		0	0
137	<i18n=12331>	1			1	201			219	255					<i18n=18538>		0	0
138	<i18n=13996>	1			1	201			219	255					<i18n=18538>		0	0
139	<i18n=724>	1			1	201			219	255					<i18n=18538>		0	0
140	<i18n=16037>	1			1	201			219	255					<i18n=18538>		0	0
141	<i18n=9600>	1			1	201			219	255					<i18n=18538>		0	0
142	<i18n=6390>	1			1	201			219	255					<i18n=18538>		0	0
143	<i18n=13424>	1			1	201			219	255					<i18n=18538>		0	0
144	<i18n=12730>	1			1	201			219	255					<i18n=18538>		0	0
145	<i18n=6637>	1			1	201			219	255					<i18n=18538>		0	0
146	<i18n=5530>	1			1	201			219	255					<i18n=18538>		0	0
147	<i18n=4013>	1			1	201			219	255					<i18n=18538>		0	0
148	<i18n=2422>	1			1	201			219	255					<i18n=18538>		0	0
149	<i18n=7846>	1			1	201			219	255					<i18n=18538>		0	0
150	<i18n=8283>	1			1	201			219	255					<i18n=18538>		0	0
151	<i18n=5963>	1			1	201			219	255					<i18n=18538>		0	0
152	<i18n=4428>	1			1	201			219	255					<i18n=18538>		0	0
153	<i18n=2497>	1			1	201			219	255					<i18n=18538>		0	0
154	<i18n=3949>	1			1	201			219	255					<i18n=18538>		0	0
155	<i18n=4898>	1			1	201			219	255					<i18n=18538>		0	0
156	<i18n=15969>	1			1	201			219	255					<i18n=18538>		0	0
157	<i18n=6596>	1			1	201			219	255					<i18n=18538>		0	0
158	<i18n=11678>	1			1	201			219	255					<i18n=18538>		0	0
159	<i18n=7648>	1			1	201			219	255					<i18n=18538>		0	0
160	<i18n=6749>	1			1	201			219	255					<i18n=18538>		0	0
161	<i18n=16388>	1			1	201			219	255					<i18n=18538>		0	0
162	<i18n=12610>	1			1	201			219	255					<i18n=18538>		0	0
163	<i18n=7648>	1			1	201			219	255					<i18n=18538>		0	0
164	<i18n=6291>	1			1	201			219	255					<i18n=18538>		0	0
165	<i18n=5278>	1			1	201			219	255					<i18n=9893>		0	0
166	<i18n=5609>	1			1	201			219	255					<i18n=9893>		0	0
167	<i18n=8036>	1			1	201			219	255					<i18n=9893>		0	0
168	<i18n=14716>	1			1	201			219	255					<i18n=9893>		0	0
169	<i18n=10502>	1			1	201			219	255					<i18n=9893>		0	0
170	<i18n=10636>	1			1	201			219	255					<i18n=9893>		0	0
171	<i18n=5786>	1			1	201			219	255					<i18n=9893>		0	0
172	<i18n=708>	1			1	201			219	255					<i18n=9893>		0	0
173	<i18n=4629>	1			1	201			219	255					<i18n=9893>		0	0
174	<i18n=4802>	1			1	201			219	255					<i18n=9893>		0	0
175	<i18n=14132>	1			1	201			219	255					<i18n=9893>		0	0
176	<i18n=9701>	1			1	201			219	255					<i18n=9893>		0	0
177	<i18n=1123>	1			1	200			215	255					<i18n=3947>		0	0
178	<i18n=851>	1			1	201			215	255					<i18n=3947>		0	0
179	<i18n=12515>	1			1	201			219	255					<i18n=3947>		0	0
180	<i18n=14595>	1			1	201			219	255					<i18n=12373>		0	0
181	<i18n=345>	1			1	201			219	255					<i18n=12373>		0	0
182	<i18n=10682>	1			1	201			219	255					<i18n=12373>		0	0
183	<i18n=8650>	1			1	201			219	255					<i18n=5142>		0	0
184	<i18n=4772>	1			1	201			219	255					<i18n=5142>		0	0
185	<i18n=14559>	1			1	201			219	255					<i18n=5142>		0	0
186	<i18n=396>	1			1	201			219	255					<i18n=5142>		0	0
187	<i18n=15122>	1			1	201			219	255					<i18n=5142>		0	0
188	<i18n=10703>	1			1	201			219	255					<i18n=5142>		0	0
189	<i18n=15508>	1			1	200			215	255					<i18n=9377>		0	0
190	<i18n=17885>	1			1	200			215	255					<i18n=6245>		0	0
191	<i18n=25077>	1			1	201			219	255					<i18n=25087>		0	0
192	<i18n=25136>	1			1	201			219	255					<i18n=25133>		0	0
193	<i18n=25842>	1			6	200	200	200	610	255					<i18n=25841>		0	0
194	<i18n=25843>	1			6	200	200	200	610	255					<i18n=25841>		0	0
195	<i18n=28214>	1			1	201			219	255					<i18n=28214>		0	0
196	<i18n=28602>	1			1	201			219	255					<i18n=9893>		0	0
197	<i18n=28630>	1			1	217			219	255					<i18n=18533>		0	0
198	<i18n=38361>	1			1	217			219	255					<i18n=18533>		0	0
199	<i18n=36092>	1			1	217			219	255					<i18n=18533>		0	0
200	<i18n=38341>	1			1	201			219	255					<i18n=38535>		0	0
201	<i18n=37807>	1			6	200	200	200	610	255					<i18n=38535>		0	0
202	<i18n=40326>	1			1	201			219	255					<i18n=41092>		0	0
203	<i18n=41020>	1			1	217			219	255					<i18n=41092>		0	0
204	<i18n=42899>	1			1	217			219	255					<i18n=44564>		0	0
206	<i18n=27837>	1			1	217			219	255					<i18n=48321>		0	0
1001	<i18n=12530>	2			6	200	216	217	218	255	7200				<i18n=18818>	<i18n=11522>	1	0			28	1			1
1002	<i18n=12220>	2			1	101			219	255	720				<i18n=11577>	<i18n=14755>	1	0
1003	<i18n=7364>	2			1	101			219	255	720				<i18n=11577>	<i18n=14755>	1	0
1004	<i18n=4258>	2			1	101			219	255	720				<i18n=11577>	<i18n=14755>	1	0
1005	<i18n=8226>	2			1	101			219	255	720				<i18n=11577>	<i18n=14755>	1	0
1006	<i18n=14649>	2			1	101			219	255	720				<i18n=11577>	<i18n=14755>	1	0
1007	<i18n=16175>	2			1	100			219	255	720				<i18n=11577>	<i18n=14755>	1	0
1008	<i18n=10146>	2			1	100			219	255	720				<i18n=11577>	<i18n=14755>	1	0
1009	<i18n=15118>	2			1	100			219	255	720				<i18n=11577>	<i18n=14755>	1	0
1010	<i18n=10762>	2			1	100			219	255	720				<i18n=11577>	<i18n=14755>	1	0
1011	<i18n=8346>	2			1	100			219	255	720				<i18n=11577>	<i18n=14755>	1	0
1012	<i18n=16321>	2			7	225			219	255					<i18n=16321>	<i18n=13815>	0	1
2001	<i18n=2713>	3		1	5	200	200	200	607	255	604800				<i18n=18813>	<i18n=11205>	1	1								103003
2002	<i18n=12036>	3		2	5	200	200	200	607	255	604800				<i18n=18823>	<i18n=11205>	1	1								103003
2003	<i18n=5259>	3		3	5	200	200	200	607	255	604800				<i18n=18821>	<i18n=11205>	1	1								103003
2004	<i18n=15889>	3		4	5	200	200	200	607	255	604800				<i18n=15889>	<i18n=11205>	1	1								103003
2005	<i18n=14789>	3		5	5	200	200	200	607	255	604800				<i18n=14789>	<i18n=11205>	1	1								103003
2006	<i18n=5764>	3		6	5	200	200	200	607	255	604800				<i18n=18807>	<i18n=11205>	1	1								103003
2007	<i18n=5755>	3		7	5	200	200	200	607	255	604800				<i18n=18800>	<i18n=11205>	1	1								103003
2008	<i18n=12563>	3		8	5	200	200	200	607	255	604800				<i18n=18802>	<i18n=11205>	1	1								103003
2009	<i18n=7626>	3		9	5	200	200	200	607	255	604800				<i18n=18812>	<i18n=11205>	1	1								103003
2010	<i18n=6656>	3		10	5	200	200	200	607	255	604800				<i18n=18804>	<i18n=11205>	1	1								103003
2011	<i18n=1904>	3		11	5	200	200	200	607	255	604800				<i18n=18817>	<i18n=11205>	1	1								103003
2012	<i18n=14071>	3		12	5	200	200	200	607	255	604800				<i18n=18820>	<i18n=11205>	1	1								103003
2013	<i18n=18657>	3		1	5	200	200	200	606	255	2592000				<i18n=18813>	<i18n=18661>	1	1								103004
2014	<i18n=18663>	3		2	5	200	200	200	606	255	2592000				<i18n=18823>	<i18n=18661>	1	1								103004
2015	<i18n=18666>	3		3	5	200	200	200	606	255	2592000				<i18n=18821>	<i18n=18661>	1	1								103004
2016	<i18n=18662>	3		4	5	200	200	200	606	255	2592000				<i18n=18662>	<i18n=18661>	1	1								103004
2017	<i18n=18652>	3		6	5	200	200	200	606	255	2592000				<i18n=18807>	<i18n=18661>	1	1								103004
2018	<i18n=18654>	3		7	5	200	200	200	606	255	2592000				<i18n=18800>	<i18n=18661>	1	1								103004
2019	<i18n=18650>	3		8	5	200	200	200	606	255	2592000				<i18n=18802>	<i18n=18661>	1	1								103004
2020	<i18n=18649>	3		9	5	200	200	200	606	255	2592000				<i18n=18812>	<i18n=18661>	1	1								103004
2021	<i18n=18659>	3		10	5	200	200	200	606	255	2592000				<i18n=18804>	<i18n=18661>	1	1								103004
2022	<i18n=18655>	3		11	5	200	200	200	606	255	2592000				<i18n=18817>	<i18n=18661>	1	1								103004
2023	<i18n=18667>	3		12	5	200	200	200	606	255	2592000				<i18n=18820>	<i18n=18661>	1	1								103004
2024	<i18n=18646>	3		2	5	200	200	200	606	255	2592000				<i18n=18823>	<i18n=18661>	1	1								103004
2025	<i18n=18664>	3		3	5	200	200	200	606	255	2592000				<i18n=18821>	<i18n=18661>	1	1								103004
2026	<i18n=18653>	3		4	5	200	200	200	606	255	2592000				<i18n=18653>	<i18n=18661>	1	1								103004
2027	<i18n=18647>	3		5	5	200	200	200	606	255	2592000				<i18n=18647>	<i18n=18661>	1	1								103004
2028	<i18n=18668>	3		6	5	200	200	200	606	255	2592000				<i18n=18807>	<i18n=18661>	1	1								103004
2029	<i18n=18658>	3		7	5	200	200	200	606	255	2592000				<i18n=18800>	<i18n=18661>	1	1								103004
2030	<i18n=18656>	3		8	5	200	200	200	606	255	2592000				<i18n=18802>	<i18n=18661>	1	1								103004
2031	<i18n=18648>	3		9	5	200	200	200	606	255	2592000				<i18n=18812>	<i18n=18661>	1	1								103004
2032	<i18n=18651>	3		10	5	200	200	200	606	255	2592000				<i18n=18804>	<i18n=18661>	1	1								103004
2033	<i18n=18660>	3		11	5	200	200	200	606	255	2592000				<i18n=18817>	<i18n=18661>	1	1								103004
2034	<i18n=18665>	3		12	5	200	200	200	606	255	2592000				<i18n=18820>	<i18n=18661>	1	1								103004
2035	<i18n=28634>	3		13	5	200	200	200	607	255	604800				<i18n=30202>	<i18n=11205>	1	1								103003
2036	<i18n=28628>	3		13	5	200	200	200	606	255	2592000				<i18n=30202>	<i18n=18661>	1	1								103004
2037	<i18n=28626>	3		13	5	200	200	200	606	255	2592000				<i18n=30202>	<i18n=18661>	1	1								103004
2038	<i18n=36984>	3		14	5	200	200	200	607	255	604800				<i18n=37010>	<i18n=11205>	1	1								103003
2039	<i18n=36977>	3		14	5	200	200	200	606	255	2592000				<i18n=37010>	<i18n=18661>	1	1								103004
2040	<i18n=37020>	3		14	5	200	200	200	606	255	2592000				<i18n=37010>	<i18n=18661>	1	1								103004
3001	<i18n=13616>	4			4	101			219	255					<i18n=15191>	<i18n=15045>	1	1
3002	<i18n=15811>	4			7	217			219	255					<i18n=11617>	<i18n=12692>	0	0
3003	<i18n=1492>	4			7	217			219	255					<i18n=11387>	<i18n=12692>	0	0
3004	<i18n=10395>	4			7	217			219	255					<i18n=1945>	<i18n=12692>	0	0
3005	<i18n=4533>	4			7	217			219	255					<i18n=15067>	<i18n=12692>	0	0
3006	<i18n=7292>	4			7	217			219	255					<i18n=12948>	<i18n=12692>	0	0
3007	<i18n=7861>	4			7	217			219	255					<i18n=10227>	<i18n=12692>	0	0
3008	<i18n=1617>	4			7	217			219	255					<i18n=12581>	<i18n=12692>	0	0
3009	<i18n=8802>	4			7	217			219	255					<i18n=5791>	<i18n=12692>	0	0
3010	<i18n=7122>	4			7	217			219	255					<i18n=4355>	<i18n=12692>	0	0
3011	<i18n=13231>	4			7	217			219	255					<i18n=18924>	<i18n=12692>	0	0
3012	<i18n=11388>	4			7	217			219	255					<i18n=5743>	<i18n=13348>	1	1
3013	<i18n=15165>	4			7	217			219	255					<i18n=11449>	<i18n=7008>	1	1
3014	<i18n=10340>	4			7	217			219	255					<i18n=8600>	<i18n=11140>	1	1
3015	<i18n=9823>	4			7	217			219	255					<i18n=3241>	<i18n=6239>	1	1
3016	<i18n=9413>	4			7	217			219	255					<i18n=2022>	<i18n=6985>	1	1
3017	<i18n=2771>	4			7	217			219	255					<i18n=16127>	<i18n=15745>	1	1
3018	<i18n=5077>	4			7	217			219	255					<i18n=8515>	<i18n=5901>	1	1
3019	<i18n=15700>	4			7	217			219	255					<i18n=15792>	<i18n=6871>	1	1
3020	<i18n=15136>	4			7	217			219	255					<i18n=8842>	<i18n=9890>	1	1
3021	<i18n=8651>	4			7	217			219	255					<i18n=247>	<i18n=9374>	1	1
3022	<i18n=13178>	4			7	217			219	255					<i18n=9860>	<i18n=9535>	1	1
3023	<i18n=13760>	4			7	200	200	200	608	255					<i18n=18814>	<i18n=19430>	1	1								103002
3024	<i18n=19207>	4			7	217			219	255					<i18n=18819>	<i18n=19431>	1	1
3025	<i18n=19208>	4			7	200	200	200	607	255					<i18n=18809>	<i18n=19432>	1	1								103003
3026	<i18n=14801>	4			3	200	201	202	203	255					<i18n=18797>	<i18n=20690>	1	1
3027	<i18n=19434>	4			7	200	200	200	603	255					<i18n=19440>	<i18n=19433>	1	1								103005
3028	<i18n=18371>	2			5	200	213	214	215	255	7776000				<i18n=18371>	<i18n=18403>	1	0
3029	<i18n=18390>	2			4	200	207	208	209	255	7776000				<i18n=18390>	<i18n=18403>	1	0
3030	<i18n=18379>	2			3	200	204	205	206	255	7776000				<i18n=18379>	<i18n=18403>	1	0
3031	<i18n=18394>	2			5	200	213	214	215	255	7776000				<i18n=18394>	<i18n=18403>	1	0
3032	<i18n=18386>	2			4	200	207	208	209	255	7776000				<i18n=18386>	<i18n=18403>	1	0
3033	<i18n=18368>	2			3	200	204	205	206	255	7776000				<i18n=18368>	<i18n=18403>	1	0
3034	<i18n=18391>	2			5	200	213	214	215	255	7776000				<i18n=18391>	<i18n=18403>	1	0
3035	<i18n=18385>	2			4	200	207	208	209	255	7776000				<i18n=18385>	<i18n=18403>	1	0
3036	<i18n=18383>	2			3	200	204	205	206	255	7776000				<i18n=18383>	<i18n=18403>	1	0
3037	<i18n=18396>	2			5	200	213	214	215	255	7776000				<i18n=18396>	<i18n=18403>	1	0
3038	<i18n=18366>	2			4	200	207	208	209	255	7776000				<i18n=18366>	<i18n=18403>	1	0
3039	<i18n=18384>	2			3	200	204	205	206	255	7776000				<i18n=18384>	<i18n=18403>	1	0
3040	<i18n=18352>	2			5	200	213	214	215	255	7776000				<i18n=18352>	<i18n=18403>	1	0
3041	<i18n=18354>	2			4	200	207	208	209	255	7776000				<i18n=18354>	<i18n=18403>	1	0
3042	<i18n=18364>	2			3	200	204	205	206	255	7776000				<i18n=18364>	<i18n=18403>	1	0
3043	<i18n=18360>	2			5	200	213	214	215	255	7776000				<i18n=18360>	<i18n=18403>	1	0
3044	<i18n=18359>	2			4	200	207	208	209	255	7776000				<i18n=18359>	<i18n=18403>	1	0
3045	<i18n=18353>	2			3	200	204	205	206	255	7776000				<i18n=18353>	<i18n=18403>	1	0
3046	<i18n=31251>	2			6	200	200	200	603	255	5184000			106963	<i18n=31217>	<i18n=30795>	1	0								106966
3047	<i18n=31284>	2			5	200	200	200	606	255	5184000				<i18n=31270>	<i18n=30795>	1	0								106967
3048	<i18n=31242>	2			5	200	200	200	606	255	5184000				<i18n=31267>	<i18n=30795>	1	0								106967
3049	<i18n=31241>	2			5	200	200	200	607	255	3888000				<i18n=31240>	<i18n=30795>	1	0								106968
3065	<i18n=33638>	1			7	217			219	255					<i18n=33643>	<i18n=30795>	0	0
3066	<i18n=33641>	3			5	214			219	255					<i18n=33643>	<i18n=30795>	0	0
3067	<i18n=33647>	1			7	217			219	255					<i18n=33643>	<i18n=30795>	0	0
3068	<i18n=8346>	3			5	214			219	255					<i18n=33643>	<i18n=30795>	0	0
3069	<i18n=34290>	1			1	201			219	255					<i18n=33643>	<i18n=30795>	0	0
3070	<i18n=34286>	1			1	201			219	255					<i18n=33643>	<i18n=30795>	0	0
3071	<i18n=36973>	1			1	201			219	255					<i18n=9893>		0	0
3072	<i18n=37008>	1			1	201			219	255					<i18n=18533>		0	0
3073	<i18n=36989>	1			1	217			219	255					<i18n=18533>		0	0
3074	<i18n=43689>	1			1	201			219	255					<i18n=9893>		0	0
3075	<i18n=43684>	1			1	217			219	255					<i18n=18533>		0	0
3076	<i18n=48179>	4	1		1	200	204	205	206	255					<i18n=48179>		0
3077	<i18n=49678>	1			1	201			219	255					<i18n=18533>		0	0
3078	<i18n=49675>	1			1	217			219	255					<i18n=18533>		0	0
3079	<i18n=49673>	1			1	201			219	255					<i18n=9893>		0	0
3080	<i18n=56249>	1			1	201			219	255					<i18n=18533>		0	0
3081	<i18n=56248>	1			1	217			219	255					<i18n=18533>		0	0
3100	<i18n=2099>	4	1		1	200	204	205	206	255					<i18n=3347>	<i18n=4206>	1				21	1	200	200
3101	<i18n=2099>	4	1		1	200	204	205	206	255					<i18n=3347>	<i18n=4206>	1				22	1	200	200
3102	<i18n=2099>	4	1		1	200	204	205	206	255					<i18n=3347>	<i18n=4206>	1				23	1	200	200
3103	<i18n=2099>	4	1		1	200	204	205	206	255					<i18n=3347>	<i18n=4206>	1				24	1	200	200
3110	<i18n=11294>	2			2	201			219	255					<i18n=1600>	<i18n=1600>	0	1
3111	<i18n=6818>	2			5	200	213	214	215	255	2592000				<i18n=6818>	<i18n=2894>	0	1
3112	<i18n=7273>	2			4	200	207	208	209	255					<i18n=18810>	<i18n=17425>	1	0
3113	<i18n=17424>	2			5	200	210	211	212	255	7776000				<i18n=18796>	<i18n=17425>	1	0
3114	<i18n=227>	2			4	200	207	208	209	255	7776000				<i18n=18925>	<i18n=17425>	1	0
3115	<i18n=17429>	2			3	200	204	205	206	255	7776000				<i18n=18801>	<i18n=17425>	1	0
3116	<i18n=18314>	2			6	200	200	200	610	255	31536000			103226	<i18n=18816>	<i18n=18254>	1	0								103562
3117	<i18n=18255>	2			5	200	200	200	603	255	31536000			103226	<i18n=18799>	<i18n=18254>	1	0								103563
3118	<i18n=18301>	2			4	200	200	200	607	255	31536000			103223	<i18n=18822>	<i18n=18254>	1	0								103564
3119	<i18n=18170>	2			4	200	200	200	607	255	15552000			103223	<i18n=18808>	<i18n=18254>	1	0								103565
3120	<i18n=1281>	2			3	200	200	200	608	255	15552000			103222	<i18n=18824>	<i18n=18254>	1	0								103566
3121	<i18n=18505>	2			6	200	213	214	215	255	7776000				<i18n=18798>	<i18n=18502>	1	0
3122	<i18n=5685>	2			5	200	210	211	212	255	7776000				<i18n=18803>	<i18n=18503>	1	0
3123	<i18n=18507>	2			4	200	207	208	209	255	7776000				<i18n=18806>	<i18n=18506>	1	0
3124	<i18n=1281>	2			3	200	200	200	608	255	7776000			103222	<i18n=18824>	<i18n=18254>	1	0								103566
3125	<i18n=19302>	2			6	200	200	200	603	255	1814400			103226	<i18n=6818>	<i18n=2894>	1	0								103567
3126	<i18n=19301>	2			6	200	200	200	606	255	1814400			103224	<i18n=19298>	<i18n=2894>	1	0								103568
3127	<i18n=19294>	2			5	200	200	200	607	255	1814400			103223	<i18n=19300>	<i18n=2894>	1	0								103569
3128	<i18n=19303>	2			5	200	200	200	608	255	1814400			103222	<i18n=19295>	<i18n=2894>	1	0								103570
3129	<i18n=22003>	4			3	200	201	202	203	255	2592000				<i18n=21999>	<i18n=20690>	1	1
3130	<i18n=15508>	2			6	200	200	200	603	255	2592000			103226	<i18n=22570>	<i18n=22571>	1	0								103852
3131	<i18n=22445>	2			5	200	200	200	607	255	2592000			103223	<i18n=22558>	<i18n=22542>	1	0								103856
3132	<i18n=22445>	2			5	200	200	200	607	255	2592000			103223	<i18n=22558>	<i18n=22585>	1	0								103856
3133	<i18n=22467>	2			5	200	200	200	607	255	2592000				<i18n=18813>	<i18n=22543>	1	0								103854
3134	<i18n=22466>	2			5	200	200	200	607	255	2592000				<i18n=18823>	<i18n=22543>	1	0								103854
3135	<i18n=22410>	2			5	200	200	200	607	255	2592000				<i18n=18807>	<i18n=22543>	1	0								103854
3136	<i18n=22403>	2			5	200	200	200	607	255	2592000				<i18n=18821>	<i18n=22543>	1	0								103854
3137	<i18n=22464>	2			5	200	200	200	607	255	2592000				<i18n=18817>	<i18n=22543>	1	0								103854
3138	<i18n=22460>	2			5	200	200	200	607	255	2592000				<i18n=18802>	<i18n=22543>	1	0								103854
3139	<i18n=22400>	2			5	200	200	200	607	255	2592000				<i18n=18800>	<i18n=22543>	1	0								103854
3140	<i18n=22455>	2			5	200	200	200	607	255	2592000				<i18n=18812>	<i18n=22543>	1	0								103854
3141	<i18n=22384>	2			5	200	200	200	607	255	2592000				<i18n=18804>	<i18n=22543>	1	0								103854
3142	<i18n=22606>	2			5	200	200	200	607	255	2592000				<i18n=22569>	<i18n=22543>	1	0								103854
3143	<i18n=22444>	2			5	200	200	200	607	255	2592000				<i18n=18820>	<i18n=22543>	1	0								103854
3144	<i18n=22664>	2			5	200	200	200	603	255	2592000			103222	<i18n=18813>	<i18n=23139>	1	0								103855
3145	<i18n=22640>	2			5	200	200	200	603	255	2592000			103222	<i18n=18823>	<i18n=23139>	1	0								103855
3146	<i18n=22656>	2			5	200	200	200	603	255	2592000			103222	<i18n=18807>	<i18n=23139>	1	0								103855
3147	<i18n=22663>	2			5	200	200	200	603	255	2592000			103222	<i18n=18821>	<i18n=23139>	1	0								103855
3148	<i18n=22649>	2			5	200	200	200	603	255	2592000			103222	<i18n=18817>	<i18n=23139>	1	0								103855
3149	<i18n=22659>	2			5	200	200	200	603	255	2592000			103222	<i18n=18802>	<i18n=23139>	1	0								103855
3150	<i18n=22650>	2			5	200	200	200	603	255	2592000			103222	<i18n=18800>	<i18n=23139>	1	0								103855
3151	<i18n=22669>	2			5	200	200	200	603	255	2592000			103222	<i18n=18812>	<i18n=23139>	1	0								103855
3152	<i18n=22652>	2			5	200	200	200	603	255	2592000			103222	<i18n=18804>	<i18n=23139>	1	0								103855
3153	<i18n=22679>	2			5	200	200	200	603	255	2592000			103222	<i18n=22569>	<i18n=23139>	1	0								103855
3154	<i18n=22675>	2			5	200	200	200	603	255	2592000			103222	<i18n=18820>	<i18n=23139>	1	0								103855
3155	<i18n=23254>	2			5	200	200	200	603	255	2592000			103222	<i18n=24830>	<i18n=23139>	1	0								103855
3156	<i18n=23557>	2			6	200	200	200	610	255	31536000			103861	<i18n=23007>	<i18n=23002>	1	0								103865
3157	<i18n=23009>	2			6	200	200	200	603	255	31536000			103862	<i18n=23007>	<i18n=23002>	1	0								103866
3158	<i18n=23023>	2			5	200	200	200	606	255	31536000			103859	<i18n=23007>	<i18n=23002>	1	0								103867
3159	<i18n=23025>	2			5	200	200	200	607	255	31536000			103860	<i18n=23007>	<i18n=23002>	1	0								103868
3160	<i18n=23016>	2			6	200	200	200	610	255	31536000			103861	<i18n=23007>	<i18n=23002>	1	0								103865
3161	<i18n=23017>	2			6	200	200	200	603	255	31536000			103862	<i18n=23007>	<i18n=23002>	1	0								103866
3162	<i18n=23019>	2			5	200	200	200	606	255	31536000			103859	<i18n=23007>	<i18n=23002>	1	0								103867
3163	<i18n=23025>	2			5	200	200	200	607	255	15552000			103860	<i18n=23007>	<i18n=23002>	1	0								103868
3164	<i18n=23567>	2			2	201			219	255					<i18n=23002>	<i18n=1600>	0	1
3165	<i18n=23566>	2			2	205			219	255					<i18n=23002>	<i18n=1600>	0	1
3166	<i18n=23686>	4			7	217			219	255	2592000				<i18n=23691>	<i18n=23684>	1	1
3167	<i18n=24831>	2			5	200	200	200	607	255	2592000				<i18n=24830>	<i18n=22543>	1	0								103854
3168	<i18n=30200>	2			5	200	200	200	607	255	2592000				<i18n=30202>	<i18n=22543>	1	0								103854
3169	<i18n=36988>	2			5	200	200	200	607	255	2592000				<i18n=37010>	<i18n=22543>	1	0								103854
3170	<i18n=48638>	2			6	200	200	200	610	255				103857	<i18n=48634>	<i18n=46422>	1	0								109172
3171	<i18n=48625>	2			6	200	200	200	603	255				103858	<i18n=48623>	<i18n=46422>	1	0								109173
3172	<i18n=48627>	2			5	200	200	200	606	255				103863	<i18n=48637>	<i18n=46422>	1	0								109174
3173	<i18n=48636>	2			5	200	200	200	607	255					<i18n=48628>	<i18n=46422>	1	0								109175
3174	<i18n=67382>	2			6	200	200	200	603	255					<i18n=67385>	<i18n=23002>	1	0
4015	<i18n=26930>	2			6	200	200	200	606	255	5184000				<i18n=26873>	<i18n=26758>	1	0								103874
4016	<i18n=15269>	2			4	200	200	200	607	255	5184000				<i18n=26850>	<i18n=26782>	1	0								103569
4017	<i18n=15269>	2			4	200	200	200	607	255	2592000				<i18n=26850>	<i18n=26776>	1	0								103569
4018	<i18n=14805>	2			4	200	200	200	607	255	2592000				<i18n=26879>	<i18n=26761>	1	0								103569
4019	<i18n=26929>	2			5	200	200	200	603	255	15552000				<i18n=26900>	<i18n=26788>	1	0								103871
4020	<i18n=26895>	2			6	200	200	200	606	255	10368000				<i18n=26866>	<i18n=26784>	1	0								103873
4021	<i18n=26895>	2			6	200	200	200	606	255	7776000				<i18n=26866>	<i18n=26781>	1	0								103873
4022	<i18n=26827>	2			6	200	200	200	606	255	7776000				<i18n=26925>	<i18n=26772>	1	0								103876
4023	<i18n=26951>	2			7	200	200	200	610	255	31536000			103875	<i18n=26835>	<i18n=26783>	1	0								103870
4024	<i18n=26928>	2			7	200	200	200	610	255	23328000			103875	<i18n=26891>	<i18n=26774>	1	0								103877
4025	<i18n=26928>	2			7	200	200	200	610	255	15552000			103875	<i18n=26891>	<i18n=26802>	1	0								103877
4026	<i18n=26924>	2			5	200	200	200	603	255	7776000				<i18n=26845>	<i18n=26750>	1	0								103872
4027	<i18n=26954>	2			6	200	200	200	606	255	7776000				<i18n=26940>	<i18n=26803>	1	0								103873
4028	<i18n=26842>	2			5	200	200	200	603	255	15552000				<i18n=26837>	<i18n=26766>	1	0								103872
4029	<i18n=3488>	2			5	200	200	200	603	255	10368000				<i18n=26874>	<i18n=26768>	1	0								103871
4030	<i18n=3488>	2			5	200	200	200	603	255	15552000				<i18n=26874>	<i18n=26768>	1	0								103871
4031	<i18n=27024>	3		1	5	200	200	200	607	255	5184000				<i18n=27024>	<i18n=27024>	0	0								103003
4032	<i18n=27119>	3		2	5	200	200	200	607	255	7776000				<i18n=27119>	<i18n=27119>	0	0								103003
4033	<i18n=27089>	3		3	5	200	200	200	607	255	15552000				<i18n=27089>	<i18n=27089>	0	0								103003
4034	<i18n=27115>	3		4	5	200	200	200	607	255	15552000				<i18n=27115>	<i18n=27115>	0	0								103003
4124	<i18n=51031>	2			5	200	200	200	607	255	15552000				<i18n=51031>	<i18n=51031>	0	0								109172
4054	<i18n=28621>	2			5	200	200	200	603	255	2592000			103222	<i18n=30202>	<i18n=23139>	1	0								103855
4055	<i18n=30344>	2			6	200	200	200	610	255				103861	<i18n=30356>	<i18n=28671>	1	0								103865
4056	<i18n=4848>	2			6	200	200	200	603	255	2592000			103226	<i18n=30750>	<i18n=30529>	1	0								103567
4057	<i18n=4848>	2			6	200	200	200	603	255	1296000			103226	<i18n=30750>	<i18n=30529>	1	0								103567
4058	<i18n=30700>	2			4	200	200	200	607	255	2592000			103223	<i18n=30728>	<i18n=30529>	1	0								103569
4059	<i18n=30700>	2			4	200	200	200	607	255	1296000			103223	<i18n=30728>	<i18n=30529>	1	0								103569
4060	<i18n=30699>	2			3	200	204	205	608	255	2592000			103222	<i18n=30739>	<i18n=30529>	1	0								103570
4061	<i18n=30699>	2			3	200	204	205	608	255	1296000			103222	<i18n=30739>	<i18n=30529>	1	0								103570
4066	<i18n=13430>	2			4	200	200	200	607	255	2592000				<i18n=33140>	<i18n=活动奖励>	1	0								103565
4067	<i18n=13430>	2			3	200	204	205	608	255	1296000				<i18n=33140>	<i18n=活动奖励>	1	0								103566
4068	<i18n=34780>	2			4	200	200	200	607	255	2592000				<i18n=34773>	<i18n=34783>	1	0								103565
4069	<i18n=39329>	2			4	200	200	200	500	255					<i18n=39329>	<i18n=34783>	0	0
4070	<i18n=39329>	2			4	200	200	200	501	255					<i18n=39329>	<i18n=34783>	0	0
4071	<i18n=39329>	2			4	200	200	200	502	255					<i18n=39329>	<i18n=34783>	0	0
4072	<i18n=39329>	2			4	200	200	200	503	255					<i18n=39329>	<i18n=34783>	0	0
4073	<i18n=39329>	2			4	200	200	200	504	255					<i18n=39329>	<i18n=34783>	0	0
4074	<i18n=39329>	2			4	200	200	200	505	255					<i18n=39329>	<i18n=34783>	0	0
4075	<i18n=39329>	2			4	200	200	200	507	255					<i18n=39329>	<i18n=34783>	0	0
4076	<i18n=39329>	2			4	200	200	200	508	255					<i18n=39329>	<i18n=34783>	0	0
4085	<i18n=55915>	2			4	200	204	205	608	255					<i18n=52782>	<i18n=34783>	0	0
4086	<i18n=55936>	2			4	200	204	205	607	255					<i18n=52782>	<i18n=34783>	0	0
4087	<i18n=56901>	2			6	200	200	200	610	255				103861	<i18n=56916>	<i18n=56726>	1	0								103865
4140	<i18n=26929>	2			5	200	200	200	603	255	5184000			901	<i18n=26900>	<i18n=21319>	1	0								103871
4141	<i18n=26895>	2			7	200	200	200	606	255	5184000				<i18n=26866>	<i18n=21381>	1	0								103873
4142	<i18n=26895>	2			7	200	200	200	606	255	3888000				<i18n=26866>	<i18n=21294>	1	0								103873
4143	<i18n=26895>	2			7	200	200	200	606	255	2592000				<i18n=26866>	<i18n=78392>	1	0								103873
4144	<i18n=26951>	2			6	200	200	200	610	255	15552000			103875	<i18n=26835>	<i18n=21558>	1	0								103870
4145	<i18n=26928>	2			6	200	200	200	610	255	15552000			902	<i18n=26891>	<i18n=20896>	1	0								103877
4146	<i18n=26928>	2			6	200	200	200	610	255	10368000			902	<i18n=26891>	<i18n=78412>	1	0								103877
4147	<i18n=26928>	2			6	200	200	200	610	255	7776000			902	<i18n=26891>	<i18n=20973>	1	0								103877
4148	<i18n=26924>	2			5	200	200	200	603	255	7776000				<i18n=26845>	<i18n=78370>	1	0								103872
4149	<i18n=26924>	2			5	200	200	200	603	255	5184000				<i18n=26845>	<i18n=78420>	1	0								103872
4150	<i18n=26842>	2			5	200	200	200	603	255	10368000				<i18n=26837>	<i18n=21298>	1	0								103872
4151	<i18n=3488>	2			5	200	200	200	603	255	5184000				<i18n=26874>	<i18n=21040>	1	0								103871
4152	<i18n=78410>	3		1	5	200	200	200	607	255	5184000				<i18n=78410>	<i18n=78410>	0	0								103003
4153	<i18n=78678>	3		2	5	200	200	200	607	255	7776000				<i18n=78678>	<i18n=78678>	0	0								103003
5001	<i18n=781>	6			2	200	201	202	203	255				1071	<i18n=3304>	<i18n=5405>	1	1
5002	<i18n=14617>	6			2	200	201	202	203	255				1072	<i18n=5803>	<i18n=5405>	1	1
5003	<i18n=8585>	6			3	200	201	202	203	255				1073	<i18n=5924>	<i18n=5405>	1	1
5004	<i18n=12885>	6			3	200	204	205	206	255				1074	<i18n=6662>	<i18n=5405>	1	1
5005	<i18n=6586>	6			4	200	204	205	206	255				1075	<i18n=1007>	<i18n=5405>	1	1
5006	<i18n=7251>	6			7	200	207	208	209	255				1076	<i18n=18923>	<i18n=5405>	1	1
5007	<i18n=8247>	6			5	200	213	214	215	255				1077	<i18n=8220>	<i18n=5405>	1	1
5008	<i18n=2068>	6			6	200	216	217	218	255				1078	<i18n=2352>	<i18n=5405>	1	1
5506	<i18n=37273>	2			5	200	200	200	608	255	1296000				<i18n=37283>	<i18n=36014>	1	0								103570
5507	<i18n=37279>	2			5	200	204	205	608	255	1296000				<i18n=37262>	<i18n=36014>	1	0								103566
5509	<i18n=36997>	2			5	200	200	200	603	255	2592000			103222	<i18n=37010>	<i18n=23139>	1	0								103855
5511	<i18n=38102>	2			5	200	200	200	606	255	1296000				<i18n=38101>	<i18n=37416>	1	0								103876
5512	<i18n=39896>	2			5	200	204	205	608	255	2592000				<i18n=39907>	<i18n=39906>	1	0								103874
5513	<i18n=39896>	2			5	200	204	205	608	255	1296000				<i18n=39907>	<i18n=39906>	1	0								103874
5514	<i18n=39896>	2			5	200	204	205	608	255	604800				<i18n=39907>	<i18n=39906>	1	0								103874
5520	<i18n=38339>	1			1	217			219	255					<i18n=18533>		0	0
5521	<i18n=39771>	1			2	217			219	255					<i18n=18533>		0	0
5522	<i18n=39779>	1			2	217			219	255					<i18n=18533>		0	0
5523	<i18n=39781>	1			2	217			219	255					<i18n=18533>		0	0
5524	<i18n=39782>	1			2	217			219	255					<i18n=18533>		0	0
5525	<i18n=20082>	1			2	217			219	255					<i18n=18533>		0	0
5526	<i18n=20079>	1			2	217			219	255					<i18n=18533>		0	0
5527	<i18n=40295>	1			2	217			219	255					<i18n=18533>		0	0
5528	<i18n=40327>	1			2	217			219	255					<i18n=18533>		0	0
5530	<i18n=41255>	2			4	200	200	200	607	255	2592000				<i18n=41121>	<i18n=41262>	1	0								103565
5540	<i18n=42507>	1			2	217			219	255					<i18n=18533>		0	0
5541	<i18n=42504>	1			2	217			219	255					<i18n=18533>		0	0
5542	<i18n=23557>	2			6	200	200	200	610	255	15552000			103861	<i18n=23007>	<i18n=23002>	1	0								103865
5543	<i18n=23009>	2			6	200	200	200	603	255	15552000			103862	<i18n=23007>	<i18n=23002>	1	0								103866
5544	<i18n=23023>	2			5	200	200	200	606	255	15552000			103859	<i18n=23007>	<i18n=23002>	1	0								103867
5545	<i18n=23025>	2			5	200	200	200	607	255	15552000			103860	<i18n=23007>	<i18n=23002>	1	0								103868
5546	<i18n=23025>	2			5	200	200	200	607	255	7776000			103860	<i18n=23007>	<i18n=23002>	1	0								103868
5547	<i18n=43399>	2			5	200	204	205	608	255	2592000				<i18n=43409>	<i18n=43401>	1	0								103566
5548	<i18n=43399>	2			5	200	204	205	608	255	1296000				<i18n=43409>	<i18n=43401>	1	0								103566
5549	<i18n=43399>	2			5	200	204	205	608	255	604800				<i18n=43409>	<i18n=43401>	1	0								103566
5551	<i18n=43737>	1			4	200	200	200	607	255					<i18n=18533>		0	0
5552	<i18n=43732>	1			4	200	200	200	607	255					<i18n=18533>		0	0
5553	<i18n=43721>	3		15	5	200	200	200	607	255	604800				<i18n=43735>	<i18n=11205>	1	1								103003
5554	<i18n=43716>	3		15	5	200	200	200	606	255	2592000				<i18n=43735>	<i18n=18661>	1	1								103004
5555	<i18n=43719>	3		15	5	200	200	200	606	255	2592000				<i18n=43735>	<i18n=18661>	1	1								103004
5556	<i18n=43711>	2		15	5	200	200	200	607	255	2592000				<i18n=43735>	<i18n=22543>	1	0								103854
5557	<i18n=43730>	2		15	5	200	200	200	603	255	2592000			103222	<i18n=43735>	<i18n=23139>	1	0								103855
5558	<i18n=43775>	1			6	200	200	200	610	255				103861	<i18n=18533>		0	0								103865
5559	<i18n=44101>	2			5	200	200	200	607	255	2592000				<i18n=44101>	<i18n=43296>	1	0								107712
5560	<i18n=43316>	2	1		4	200	200	200	500	255					<i18n=43316>	<i18n=43316>	1	0
5561	<i18n=43316>	2	1		6	200	200	200	606	255					<i18n=43316>	<i18n=43316>	1	0
5562	<i18n=43316>	2	1		5	200	200	200	603	255					<i18n=43316>	<i18n=43316>	1	0
5563	<i18n=44992>	2			6	200	200	200	606	255					<i18n=44967>	<i18n=44971>	1	0								103874
5564	<i18n=45000>	2			5	200	200	200	603	255					<i18n=44959>	<i18n=44128>	1	0								103872
5567	<i18n=9517>	4			5	200	200	200	606	255	86400				<i18n=45802>	<i18n=45809>	1	0								103004
5568	<i18n=10395>	4			5	200	200	200	606	255	86400				<i18n=45802>	<i18n=45789>	1	0								103004
5569	<i18n=45801>	4			5	200	200	200	606	255	86400				<i18n=45802>	<i18n=45791>	1	0								103004
5570	<i18n=45790>	4			5	200	200	200	606	255	86400				<i18n=45802>	<i18n=45791>	1	0								103004
5571	<i18n=45796>	4			5	200	200	200	606	255	86400				<i18n=45802>	<i18n=45800>	1	0								103004
5572	<i18n=45799>	4			5	200	200	200	606	255	86400				<i18n=45802>	<i18n=45800>	1	0								103004
5573	<i18n=45806>	4			5	200	200	200	606	255	86400				<i18n=45802>	<i18n=45787>	1	0								103004
5574	<i18n=45798>	4			5	200	200	200	606	255	86400				<i18n=45802>	<i18n=45787>	1	0								103004
5575	<i18n=46206>	2			5	200	204	205	608	255	2592000				<i18n=45836>	<i18n=45821>	1	0								103874
5576	<i18n=46233>	2			5	200	204	205	608	255	1814400				<i18n=45836>	<i18n=45821>	1	0								103874
5577	<i18n=23604>	2			5	200	204	205	608	255	1209600				<i18n=45836>	<i18n=45821>	1	0								103874
5582	<i18n=49194>	2			5	200	204	205	608	255	2592000				<i18n=49181>	<i18n=49820>	1	0								103874
5583	<i18n=49194>	2			5	200	204	205	608	255	1296000				<i18n=49181>	<i18n=49820>	1	0								103874
5584	<i18n=49194>	2			5	200	204	205	608	255	604800				<i18n=49181>	<i18n=49820>	1	0								103874
5588	<i18n=50427>	2		16	5	200	200	200	607	255	2592000				<i18n=50468>	<i18n=22543>	1	0								103854
5589	<i18n=50633>	2			6	200	200	200	610	255	1814400				<i18n=50634>	<i18n=31200>	1	0								103870
5590	<i18n=50641>	2			5	200	200	200	606	255	1814400				<i18n=50628>	<i18n=31200>	1	0								103867
5591	<i18n=50637>	2			4	200	200	200	607	255	1814400				<i18n=50636>	<i18n=31200>	1	0								103868
5592	<i18n=50630>	2			4	200	200	200	607	255	1814400				<i18n=50640>	<i18n=31200>	1	0
5594	<i18n=42807>	2			7	200	200	200	610	255	5184000			902	<i18n=52699>	<i18n=51602>	1	0								103865
5595	<i18n=11654>	2			6	200	200	200	610	255	5184000			106963	<i18n=52675>	<i18n=51602>	1	0								103867
5596	<i18n=52679>	2			5	200	200	200	610	255	5184000				<i18n=52668>	<i18n=51602>	1	0								103004
5597	<i18n=52679>	2			5	200	200	200	610	255	3888000				<i18n=52668>	<i18n=51602>	1	0								103004
5598	<i18n=52679>	2			5	200	200	200	610	255	2592000				<i18n=52668>	<i18n=51602>	1	0								103004
5599	<i18n=52678>	2			5	200	200	200	610	255	5184000				<i18n=52712>	<i18n=51602>	1	0								103866
5600	<i18n=52678>	2			5	200	200	200	610	255	3888000				<i18n=52712>	<i18n=51602>	1	0								103866
5601	<i18n=52678>	2			5	200	200	200	610	255	2592000				<i18n=52712>	<i18n=51602>	1	0								103866
5602	<i18n=52666>	2			4	200	200	200	610	255	3888000				<i18n=52709>	<i18n=51602>	1	0								103868
5603	<i18n=52666>	2			4	200	200	200	610	255	2592000				<i18n=52709>	<i18n=51602>	1	0								103868
5604	<i18n=52701>	2			4	200	200	200	610	255	2592000				<i18n=52700>	<i18n=51602>	1	0								103868
5605	<i18n=55826>	2			7	200	200	200	606	255	604800			103882	<i18n=55922>	<i18n=55823>	1	0								103879
5606	<i18n=55819>	2			7	200	200	200	606	255	604800			103883	<i18n=55922>	<i18n=55805>	1	0								103880
5607	<i18n=55812>	2			7	200	200	200	606	255	604800			103884	<i18n=55922>	<i18n=55800>	1	0								103881
5608	<i18n=55877>	2			5	200	200	200	219	255	2592000				<i18n=55874>	<i18n=55863>	1	0								103870
5609	<i18n=55877>	2			5	200	200	200	219	255	1296000				<i18n=55874>	<i18n=55863>	1	0								103870
5610	<i18n=55877>	2			5	200	200	200	219	255	604800				<i18n=55874>	<i18n=55863>	1	0								103870
5611	<i18n=56149>	2			5	200	200	200	604	255	604800				<i18n=55922>	<i18n=55925>	1	1								103002
5612	<i18n=57505>	2			5	200	200	200	608	255	2592000				<i18n=57502>	<i18n=36014>	1	0								103570
5613	<i18n=56920>	2			6	200	200	200	610	255	2592000			902	<i18n=56917>	<i18n=56726>	1	0								103865
5614	<i18n=56896>	2			6	200	200	200	606	255	2592000			106963	<i18n=56917>	<i18n=56726>	1	0								103867
5615	<i18n=56911>	2			5	200	200	200	607	255	2592000			106964	<i18n=56917>	<i18n=56726>	1	0								103868
5616	<i18n=56914>	2			5	200	200	200	608	255	2592000			903	<i18n=56917>	<i18n=56726>	1	0								103566
5618	<i18n=58507>	2		17	5	200	200	200	607	255	2592000				<i18n=58388>	<i18n=22543>	1	0								103854
7001	<i18n=47455>	7			5	200	200	200	609	255					<i18n=47454>	<i18n=50434>	1	0								103878
7002	<i18n=47466>	7			6	200	200	200	604	255					<i18n=47454>	<i18n=50434>	1	0								103562
7003	<i18n=47451>	7			5	200	200	200	609	255					<i18n=47454>	<i18n=50434>	1	0								103878
7004	<i18n=47461>	7			6	200	200	200	604	255					<i18n=47454>	<i18n=50434>	1	0								103562
7005	<i18n=47457>	7			5	200	200	200	609	255					<i18n=47454>	<i18n=50434>	1	0								103878
7006	<i18n=47463>	7			6	200	200	200	604	255					<i18n=47454>	<i18n=50434>	1	0								103562
7007	<i18n=47465>	7			5	200	200	200	609	255					<i18n=47454>	<i18n=50434>	1	0								103878
7008	<i18n=47449>	7			6	200	200	200	604	255					<i18n=47454>	<i18n=50434>	1	0								103562
7009	<i18n=47462>	7			5	200	200	200	609	255					<i18n=47454>	<i18n=50434>	1	0								103878
7010	<i18n=47458>	7			6	200	200	200	604	255					<i18n=47454>	<i18n=50434>	1	0								103562
7011	<i18n=47453>	7			5	200	200	200	609	255					<i18n=47454>	<i18n=50434>	1	0								103878
7012	<i18n=47448>	7			6	200	200	200	604	255					<i18n=47454>	<i18n=50434>	1	0								103562
7013	<i18n=23888>	7			6	200	200	200	610	255					<i18n=47454>	<i18n=24276>	1	0								103563
7014	<i18n=47545>	1			2	217			219	255					<i18n=18533>		0	0
7015	<i18n=50604>	3		16	5	200	200	200	607	255	604800				<i18n=50468>	<i18n=11205>	1	1								103003
7016	<i18n=50603>	3		16	5	200	200	200	606	255	2592000				<i18n=50468>	<i18n=18661>	1	1								103004
7017	<i18n=50612>	3		16	5	200	200	200	606	255	2592000				<i18n=50468>	<i18n=18661>	1	1								103004
7018	<i18n=50611>	2		16	5	200	200	200	603	255	2592000			103222	<i18n=50468>	<i18n=23139>	1	0								103855
7019	<i18n=51383>	2			3	200	200	200	608	255	1209600				<i18n=51499>	<i18n=48696>	1	1								103566
7020	<i18n=9801>	2			3	200	200	200	608	255	1209600				<i18n=51470>	<i18n=48696>	1	1								103002
7021	<i18n=51424>	2			3	200	200	200	603	255	1209600				<i18n=51408>	<i18n=48696>	1	1
7034	<i18n=58394>	3		17	5	200	200	200	607	255	604800				<i18n=58388>	<i18n=11205>	1	1								103003
7035	<i18n=58403>	3		17	5	200	200	200	606	255	2592000				<i18n=58388>	<i18n=18661>	1	1								103004
7036	<i18n=58393>	3		17	5	200	200	200	606	255	2592000				<i18n=58388>	<i18n=18661>	1	1								103004
7037	<i18n=58395>	2		17	5	200	200	200	603	255	2592000			103222	<i18n=58388>	<i18n=23139>	1	0								103855
7038	<i18n=63614>	2			6	200	200	200	603	255	5184000			103862	<i18n=62889>	<i18n=1600>	1	0								103866
7039	<i18n=63614>	2			6	200	200	200	603	255	3888000			103862	<i18n=62889>	<i18n=1600>	1	0								103866
7040	<i18n=63614>	2			6	200	200	200	603	255	2592000			103862	<i18n=62889>	<i18n=1600>	1	0								103866
7041	<i18n=66175>	2			6	200	200	200	603	255	2592000			103226	<i18n=66486>	<i18n=57755>	1	1								103567
7042	<i18n=66133>	2			6	200	200	200	603	255	1814400			103226	<i18n=66482>	<i18n=57755>	1	1								103567
7043	<i18n=66161>	2			5	200	200	200	607	255	1814400			103223	<i18n=66499>	<i18n=57755>	1	1								103569
7044	<i18n=66148>	2			5	200	200	200	607	255	1296000			103223	<i18n=66494>	<i18n=57755>	1	1								103569
7045	<i18n=66130>	2			3	200	204	205	608	255	1296000			103222	<i18n=66154>	<i18n=57755>	1	1								103570
7046	<i18n=67218>	2			6	200	200	200	610	255	604800				<i18n=67184>	<i18n=67189>	1	0								103870
7047	<i18n=67191>	2			4	200	200	200	607	255	604800				<i18n=67203>	<i18n=67233>	1	0								103868
7049	<i18n=68431>	1			1	201			219	255					<i18n=9893>		0	0
7050	<i18n=68435>	1			1	217			219	255					<i18n=18533>		0	0
7051	<i18n=68421>	3		18	5	200	200	200	607	255	604800				<i18n=68426>	<i18n=11205>	1	1								103003
7052	<i18n=68438>	3		18	5	200	200	200	606	255	2592000				<i18n=68426>	<i18n=18661>	1	1								103004
7053	<i18n=68432>	3		18	5	200	200	200	606	255	2592000				<i18n=68426>	<i18n=18661>	1	1								103004
7054	<i18n=68427>	2		18	5	200	200	200	603	255	2592000			103222	<i18n=68426>	<i18n=23139>	1	0								103855
7055	<i18n=68418>	2		18	5	200	200	200	607	255	2592000				<i18n=68426>	<i18n=22543>	1	0								103854
7057	<i18n=9413>	2			6	200	200	200	610	255	1296000				<i18n=2022>	<i18n=68831>	1	0								103002
7062	<i18n=77531>	1			1	201			219	255					<i18n=9893>		0	0
7063	<i18n=77518>	1			1	217			219	255					<i18n=18533>		0	0
7064	<i18n=77542>	3		19	5	200	200	200	607	255	604800				<i18n=77528>	<i18n=11205>	1	1								103003
7065	<i18n=77548>	3		19	5	200	200	200	606	255	2592000				<i18n=77528>	<i18n=18661>	1	1								103004
7066	<i18n=77522>	3		19	5	200	200	200	606	255	2592000				<i18n=77528>	<i18n=18661>	1	1								103004
7067	<i18n=77527>	2		19	5	200	200	200	603	255	2592000			103222	<i18n=77528>	<i18n=23139>	1	0								103855
7068	<i18n=77523>	2		19	5	200	200	200	607	255	2592000				<i18n=77528>	<i18n=22543>	1	0								103854
7079	<i18n=42807>	2			7	200	200	200	610	255				902	<i18n=52699>	<i18n=30795>	1	0								103865
7080	<i18n=11654>	2			6	200	200	200	610	255				106963	<i18n=52675>	<i18n=30795>	1	0								103867
7081	<i18n=52679>	2			5	200	200	200	610	255					<i18n=52668>	<i18n=30795>	1	0								103868
7082	<i18n=52678>	2			5	200	200	200	610	255					<i18n=52712>	<i18n=30795>	1	0								103866
7083	<i18n=52666>	2			4	200	200	200	610	255					<i18n=52709>	<i18n=30795>	1	0								103004
7084	<i18n=52701>	2			4	200	200	200	610	255					<i18n=52700>	<i18n=30795>	1	0								103004
7086	<i18n=84418>	1			1	201			219	255					<i18n=9893>		0	0
7087	<i18n=84409>	1			1	217			219	255					<i18n=18533>		0	0
7088	<i18n=84423>	3		20	5	200	200	200	607	255	604800				<i18n=84410>	<i18n=11205>	1	1								103003
7089	<i18n=84421>	3		20	5	200	200	200	606	255	2592000				<i18n=84410>	<i18n=18661>	1	1								103004
7090	<i18n=84412>	3		20	5	200	200	200	606	255	2592000				<i18n=84410>	<i18n=18661>	1	1								103004
7091	<i18n=84408>	2		20	5	200	200	200	603	255	2592000			103222	<i18n=84410>	<i18n=23139>	1	0								103855
7092	<i18n=84419>	2		20	5	200	200	200	607	255	2592000				<i18n=84410>	<i18n=22543>	1	0								103854
7093	<i18n=85130>	2			5	200	200	200	603	255	2592000				<i18n=85125>	<i18n=活动奖励>	1	0
7094	<i18n=85130>	2			5	200	200	200	603	255	604800				<i18n=85125>	<i18n=活动奖励>	1	0
7096	<i18n=88943>	2			6	200	200	200	603	255	2592000			103226	<i18n=88946>	<i18n=84348>	1	1								103567
7097	<i18n=88952>	2			6	200	200	200	603	255	1814400			103226	<i18n=88928>	<i18n=84348>	1	1								103567
7098	<i18n=88935>	2			5	200	200	200	607	255	1814400			103223	<i18n=88950>	<i18n=84348>	1	1								103569
7099	<i18n=88922>	2			5	200	200	200	607	255	1296000			103223	<i18n=88931>	<i18n=84348>	1	1								103569
7100	<i18n=88929>	2			3	200	204	205	608	255	1296000			103222	<i18n=88927>	<i18n=84348>	1	1								103570
