NpcName	NpcTemplateId	NpcLevel	TitleID	XPos	YPos	ZPos	CanAutoPath	StandDir	NpcSeriesAuto	Removewhendeath	IsMapMonster	NpcPath	bPathRecycle	nShareType	ShowName	LevelSettingKey
<i18n=14621>	9216	90		50377	47800	0	0	191	-1	0	0			1		maplevel190
<i18n=673>	9213	90		37606	70658	0	0	191	-1	0	0			1		maplevel190
<i18n=673>	9213	90		43995	70545	0	0	191	-1	0	0			1		maplevel190
<i18n=673>	9213	90		44086	68248	0	0	191	-1	0	0			1		maplevel190
<i18n=673>	9213	90		41191	68005	0	0	191	-1	0	0			1		maplevel190
<i18n=673>	9213	90		43298	66693	0	0	191	-1	0	0			1		maplevel190
<i18n=673>	9213	90		42141	65802	0	0	191	-1	0	0			1		maplevel190
<i18n=673>	9213	90		40197	65928	0	0	191	-1	0	0			1		maplevel190
<i18n=673>	9213	90		38396	66933	0	0	191	-1	0	0			1		maplevel190
<i18n=673>	9213	90		39818	73731	0	0	191	-1	0	0			1		maplevel190
<i18n=673>	9213	90		42169	71093	0	0	191	-1	0	0			1		maplevel190
<i18n=673>	9213	90		42468	67849	0	0	191	-1	0	0			1		maplevel190
<i18n=673>	9213	90		39888	67974	0	0	191	-1	0	0			1		maplevel190
<i18n=673>	9213	90		57160	95438	0	0	191	-1	0	0			1		maplevel190
<i18n=673>	9213	90		59020	90442	0	0	191	-1	0	0			1		maplevel190
<i18n=673>	9213	90		55798	92962	0	0	191	-1	0	0			1		maplevel190
<i18n=673>	9213	90		57726	89604	0	0	191	-1	0	0			1		maplevel190
<i18n=673>	9213	90		54513	91323	0	0	191	-1	0	0			1		maplevel190
<i18n=673>	9213	90		58575	94747	0	0	191	-1	0	0			1		maplevel190
<i18n=673>	9213	90		54385	95901	0	0	191	-1	0	0			1		maplevel190
<i18n=673>	9213	90		57340	97519	0	0	191	-1	0	0			1		maplevel190
<i18n=673>	9213	90		59904	92359	0	0	191	-1	0	0			1		maplevel190
<i18n=673>	9213	90		57024	90997	0	0	191	-1	0	0			1		maplevel190
<i18n=673>	9213	90		58378	92692	0	0	191	-1	0	0			1		maplevel190
<i18n=673>	9213	90		79005	118305	0	0	191	-1	0	0			1		maplevel190
<i18n=673>	9213	90		77798	110696	0	0	191	-1	0	0			1		maplevel190
<i18n=673>	9213	90		74908	117139	0	0	191	-1	0	0			1		maplevel190
<i18n=673>	9213	90		77690	115036	0	0	191	-1	0	0			1		maplevel190
<i18n=673>	9213	90		75245	112679	0	0	191	-1	0	0			1		maplevel190
<i18n=673>	9213	90		77466	118837	0	0	191	-1	0	0			1		maplevel190
<i18n=673>	9213	90		74873	114891	0	0	191	-1	0	0			1		maplevel190
<i18n=673>	9213	90		78974	111053	0	0	191	-1	0	0			1		maplevel190
<i18n=673>	9213	90		76560	113389	0	0	191	-1	0	0			1		maplevel190
<i18n=673>	9213	90		76412	116587	0	0	191	-1	0	0			1		maplevel190
<i18n=673>	9213	90		53204	121648	0	0	191	-1	0	0			1		maplevel190
<i18n=673>	9213	90		54164	120510	0	0	191	-1	0	0			1		maplevel190
<i18n=673>	9213	90		54896	118126	0	0	191	-1	0	0			1		maplevel190
<i18n=673>	9213	90		55073	115521	0	0	191	-1	0	0			1		maplevel190
<i18n=673>	9213	90		53783	114230	0	0	191	-1	0	0			1		maplevel190
<i18n=673>	9213	90		50190	114131	0	0	191	-1	0	0			1		maplevel190
<i18n=673>	9213	90		48946	121101	0	0	191	-1	0	0			1		maplevel190
<i18n=673>	9213	90		50006	122305	0	0	191	-1	0	0			1		maplevel190
<i18n=673>	9213	90		53272	116540	0	0	191	-1	0	0			1		maplevel190
<i18n=673>	9213	90		51795	120296	0	0	191	-1	0	0			1		maplevel190
<i18n=673>	9213	90		50486	119941	0	0	191	-1	0	0			1		maplevel190
<i18n=673>	9213	90		52232	115854	0	0	191	-1	0	0			1		maplevel190
<i18n=673>	9213	90		55272	82756	0	0	191	-1	0	0			1		maplevel190
<i18n=673>	9213	90		56663	83179	0	0	191	-1	0	0			1		maplevel190
<i18n=673>	9213	90		57656	77201	0	0	191	-1	0	0			1		maplevel190
<i18n=673>	9213	90		58840	75393	0	0	191	-1	0	0			1		maplevel190
<i18n=673>	9213	90		55596	76269	0	0	191	-1	0	0			1		maplevel190
<i18n=673>	9213	90		60334	78234	0	0	191	-1	0	0			1		maplevel190
<i18n=673>	9213	90		54470	80727	0	0	191	-1	0	0			1		maplevel190
<i18n=673>	9213	90		60001	82433	0	0	191	-1	0	0			1		maplevel190
<i18n=673>	9213	90		58667	80295	0	0	191	-1	0	0			1		maplevel190
<i18n=673>	9213	90		59959	76484	0	0	191	-1	0	0			1		maplevel190
<i18n=673>	9213	90		54634	78532	0	0	191	-1	0	0			1		maplevel190
<i18n=673>	9213	90		58773	77575	0	0	191	-1	0	0			1		maplevel190
<i18n=6957>	9214	90		79883	137138	0	0	191	-1	0	0			1		maplevel190
<i18n=6957>	9214	90		81512	136463	0	0	191	-1	0	0			1		maplevel190
<i18n=6957>	9214	90		83222	138470	0	0	191	-1	0	0			1		maplevel190
<i18n=6957>	9214	90		85019	135904	0	0	191	-1	0	0			1		maplevel190
<i18n=6957>	9214	90		85646	131780	0	0	191	-1	0	0			1		maplevel190
<i18n=6957>	9214	90		79379	131945	0	0	191	-1	0	0			1		maplevel190
<i18n=6957>	9214	90		81853	131699	0	0	191	-1	0	0			1		maplevel190
<i18n=6957>	9214	90		86135	133825	0	0	191	-1	0	0			1		maplevel190
<i18n=6957>	9214	90		81420	138840	0	0	191	-1	0	0			1		maplevel190
<i18n=6957>	9214	90		79021	134865	0	0	191	-1	0	0			1		maplevel190
<i18n=6957>	9214	90		83186	132479	0	0	191	-1	0	0			1		maplevel190
<i18n=6957>	9214	90		82805	129761	0	0	191	-1	0	0			1		maplevel190
<i18n=6957>	9214	90		98064	113459	0	0	191	-1	0	0			1		maplevel190
<i18n=6957>	9214	90		101190	115113	0	0	191	-1	0	0			1		maplevel190
<i18n=6957>	9214	90		99455	114470	0	0	191	-1	0	0			1		maplevel190
<i18n=6957>	9214	90		100805	108749	0	0	191	-1	0	0			1		maplevel190
<i18n=6957>	9214	90		100738	112695	0	0	191	-1	0	0			1		maplevel190
<i18n=6957>	9214	90		102715	108177	0	0	191	-1	0	0			1		maplevel190
<i18n=6957>	9214	90		101909	107720	0	0	191	-1	0	0			1		maplevel190
<i18n=6957>	9214	90		98119	108145	0	0	191	-1	0	0			1		maplevel190
<i18n=6957>	9214	90		98164	110675	0	0	191	-1	0	0			1		maplevel190
<i18n=6957>	9214	90		99666	109805	0	0	191	-1	0	0			1		maplevel190
<i18n=6957>	9214	90		99350	106528	0	0	191	-1	0	0			1		maplevel190
<i18n=6957>	9214	90		102098	109827	0	0	191	-1	0	0			1		maplevel190
<i18n=6957>	9214	90		99335	112102	0	0	191	-1	0	0			1		maplevel190
<i18n=6957>	9214	90		93869	71787	0	0	191	-1	0	0			1		maplevel190
<i18n=6957>	9214	90		95287	71780	0	0	191	-1	0	0			1		maplevel190
<i18n=6957>	9214	90		96375	70937	0	0	191	-1	0	0			1		maplevel190
<i18n=6957>	9214	90		97015	64436	0	0	191	-1	0	0			1		maplevel190
<i18n=6957>	9214	90		93000	63602	0	0	191	-1	0	0			1		maplevel190
<i18n=6957>	9214	90		92015	66110	0	0	191	-1	0	0			1		maplevel190
<i18n=6957>	9214	90		92431	70233	0	0	191	-1	0	0			1		maplevel190
<i18n=6957>	9214	90		93157	68931	0	0	191	-1	0	0			1		maplevel190
<i18n=6957>	9214	90		94586	69382	0	0	191	-1	0	0			1		maplevel190
<i18n=6957>	9214	90		95884	63230	0	0	191	-1	0	0			1		maplevel190
<i18n=6957>	9214	90		94795	65653	0	0	191	-1	0	0			1		maplevel190
<i18n=6957>	9214	90		103592	59438	0	0	191	-1	0	0			1		maplevel190
<i18n=6957>	9214	90		102911	57761	0	0	191	-1	0	0			1		maplevel190
<i18n=6957>	9214	90		104529	54975	0	0	191	-1	0	0			1		maplevel190
<i18n=6957>	9214	90		108177	59145	0	0	191	-1	0	0			1		maplevel190
<i18n=6957>	9214	90		105171	53158	0	0	191	-1	0	0			1		maplevel190
<i18n=6957>	9214	90		104539	58603	0	0	191	-1	0	0			1		maplevel190
<i18n=6957>	9214	90		103916	54300	0	0	191	-1	0	0			1		maplevel190
<i18n=6957>	9214	90		107242	60591	0	0	191	-1	0	0			1		maplevel190
<i18n=6957>	9214	90		108666	57465	0	0	191	-1	0	0			1		maplevel190
<i18n=6957>	9214	90		106720	53164	0	0	191	-1	0	0			1		maplevel190
<i18n=6957>	9214	90		107218	54974	0	0	191	-1	0	0			1		maplevel190
<i18n=6957>	9214	90		107762	54036	0	0	191	-1	0	0			1		maplevel190
<i18n=767>	9215	90		103991	40859	0	0	191	-1	0	0			1		maplevel190
<i18n=767>	9215	90		104173	38420	0	0	191	-1	0	0			1		maplevel190
<i18n=767>	9215	90		105388	34984	0	0	191	-1	0	0			1		maplevel190
<i18n=767>	9215	90		104715	32540	0	0	191	-1	0	0			1		maplevel190
<i18n=767>	9215	90		103027	32503	0	0	191	-1	0	0			1		maplevel190
<i18n=767>	9215	90		100572	33820	0	0	191	-1	0	0			1		maplevel190
<i18n=767>	9215	90		105350	37350	0	0	191	-1	0	0			1		maplevel190
<i18n=767>	9215	90		100103	38904	0	0	191	-1	0	0			1		maplevel190
<i18n=767>	9215	90		100884	40846	0	0	191	-1	0	0			1		maplevel190
<i18n=767>	9215	90		101566	38706	0	0	191	-1	0	0			1		maplevel190
<i18n=767>	9215	90		101794	32812	0	0	191	-1	0	0			1		maplevel190
<i18n=767>	9215	90		94222	41994	0	0	191	-1	0	0			1		maplevel190
<i18n=767>	9215	90		90051	41954	0	0	191	-1	0	0			1		maplevel190
<i18n=767>	9215	90		93103	40983	0	0	191	-1	0	0			1		maplevel190
<i18n=767>	9215	90		95073	45936	0	0	191	-1	0	0			1		maplevel190
<i18n=767>	9215	90		91509	49016	0	0	191	-1	0	0			1		maplevel190
<i18n=767>	9215	90		88974	44288	0	0	191	-1	0	0			1		maplevel190
<i18n=767>	9215	90		90399	48405	0	0	191	-1	0	0			1		maplevel190
<i18n=767>	9215	90		93745	45870	0	0	191	-1	0	0			1		maplevel190
<i18n=767>	9215	90		92786	48437	0	0	191	-1	0	0			1		maplevel190
<i18n=767>	9215	90		93562	43355	0	0	191	-1	0	0			1		maplevel190
<i18n=767>	9215	90		94117	47325	0	0	191	-1	0	0			1		maplevel190
<i18n=767>	9215	90		83364	34805	0	0	191	-1	0	0			1		maplevel190
<i18n=767>	9215	90		85801	37443	0	0	191	-1	0	0			1		maplevel190
<i18n=767>	9215	90		88096	35302	0	0	191	-1	0	0			1		maplevel190
<i18n=767>	9215	90		83360	32730	0	0	191	-1	0	0			1		maplevel190
<i18n=767>	9215	90		85635	29818	0	0	191	-1	0	0			1		maplevel190
<i18n=767>	9215	90		85897	31705	0	0	191	-1	0	0			1		maplevel190
<i18n=767>	9215	90		84446	35108	0	0	191	-1	0	0			1		maplevel190
<i18n=767>	9215	90		87124	35253	0	0	191	-1	0	0			1		maplevel190
<i18n=767>	9215	90		84834	32568	0	0	191	-1	0	0			1		maplevel190
<i18n=767>	9215	90		86785	30075	0	0	191	-1	0	0			1		maplevel190
<i18n=767>	9215	90		86887	32524	0	0	191	-1	0	0			1		maplevel190
<i18n=767>	9215	90		65024	63659	0	0	191	-1	0	0			1		maplevel190
<i18n=767>	9215	90		66787	64150	0	0	191	-1	0	0			1		maplevel190
<i18n=767>	9215	90		68360	63643	0	0	191	-1	0	0			1		maplevel190
<i18n=767>	9215	90		63338	57088	0	0	191	-1	0	0			1		maplevel190
<i18n=767>	9215	90		63776	62910	0	0	191	-1	0	0			1		maplevel190
<i18n=767>	9215	90		66284	59549	0	0	191	-1	0	0			1		maplevel190
<i18n=767>	9215	90		68417	57514	0	0	191	-1	0	0			1		maplevel190
<i18n=767>	9215	90		69248	56216	0	0	191	-1	0	0			1		maplevel190
<i18n=767>	9215	90		67016	55577	0	0	191	-1	0	0			1		maplevel190
<i18n=767>	9215	90		69847	58412	0	0	191	-1	0	0			1		maplevel190
<i18n=14621>	9216	90		51813	48578	0	0	191	-1	0	0			1		maplevel190
<i18n=14621>	9216	90		54675	46581	0	0	191	-1	0	0			1		maplevel190
<i18n=14621>	9216	90		54205	40798	0	0	191	-1	0	0			1		maplevel190
<i18n=14621>	9216	90		49614	45845	0	0	191	-1	0	0			1		maplevel190
<i18n=14621>	9216	90		54523	42392	0	0	191	-1	0	0			1		maplevel190
<i18n=14621>	9216	90		49740	43659	0	0	191	-1	0	0			1		maplevel190
<i18n=14621>	9216	90		50788	44943	0	0	191	-1	0	0			1		maplevel190
<i18n=14621>	9216	90		51102	46636	0	0	191	-1	0	0			1		maplevel190
<i18n=14621>	9216	90		53584	44194	0	0	191	-1	0	0			1		maplevel190
<i18n=14621>	9216	90		53292	42564	0	0	191	-1	0	0			1		maplevel190
<i18n=14621>	9216	90		51360	40642	0	0	191	-1	0	0			1		maplevel190
<i18n=14621>	9216	90		52648	40652	0	0	191	-1	0	0			1		maplevel190
<i18n=14621>	9216	90		25025	59392	0	0	191	-1	0	0			1		maplevel190
<i18n=14621>	9216	90		27846	60706	0	0	191	-1	0	0			1		maplevel190
<i18n=14621>	9216	90		29772	59792	0	0	191	-1	0	0			1		maplevel190
<i18n=14621>	9216	90		30651	58361	0	0	191	-1	0	0			1		maplevel190
<i18n=14621>	9216	90		30192	53376	0	0	191	-1	0	0			1		maplevel190
<i18n=14621>	9216	90		27227	52627	0	0	191	-1	0	0			1		maplevel190
<i18n=14621>	9216	90		25806	55291	0	0	191	-1	0	0			1		maplevel190
<i18n=14621>	9216	90		25725	57934	0	0	191	-1	0	0			1		maplevel190
<i18n=14621>	9216	90		29316	55381	0	0	191	-1	0	0			1		maplevel190
<i18n=14621>	9216	90		25917	53410	0	0	191	-1	0	0			1		maplevel190
<i18n=14621>	9216	90		24411	55166	0	0	191	-1	0	0			1		maplevel190
<i18n=14621>	9216	90		29050	29669	0	0	191	-1	0	0			1		maplevel190
<i18n=14621>	9216	90		30420	29512	0	0	191	-1	0	0			1		maplevel190
<i18n=14621>	9216	90		29666	31741	0	0	191	-1	0	0			1		maplevel190
<i18n=14621>	9216	90		28825	35528	0	0	191	-1	0	0			1		maplevel190
<i18n=14621>	9216	90		31626	29193	0	0	191	-1	0	0			1		maplevel190
<i18n=14621>	9216	90		30109	28316	0	0	191	-1	0	0			1		maplevel190
<i18n=14621>	9216	90		28244	33479	0	0	191	-1	0	0			1		maplevel190
<i18n=14621>	9216	90		29703	33832	0	0	191	-1	0	0			1		maplevel190
<i18n=14621>	9216	90		30406	35877	0	0	191	-1	0	0			1		maplevel190
<i18n=14621>	9216	90		32382	32991	0	0	191	-1	0	0			1		maplevel190
<i18n=14621>	9216	90		31058	31234	0	0	191	-1	0	0			1		maplevel190
<i18n=14621>	9216	90		28284	28993	0	0	191	-1	0	0			1		maplevel190
<i18n=14621>	9216	90		55644	34080	0	0	191	-1	0	0			1		maplevel190
<i18n=14621>	9216	90		57590	31902	0	0	191	-1	0	0			1		maplevel190
<i18n=14621>	9216	90		55151	28150	0	0	191	-1	0	0			1		maplevel190
<i18n=14621>	9216	90		53031	27498	0	0	191	-1	0	0			1		maplevel190
<i18n=14621>	9216	90		52326	29115	0	0	191	-1	0	0			1		maplevel190
<i18n=14621>	9216	90		54048	34005	0	0	191	-1	0	0			1		maplevel190
<i18n=14621>	9216	90		52159	31149	0	0	191	-1	0	0			1		maplevel190
<i18n=14621>	9216	90		53735	29492	0	0	191	-1	0	0			1		maplevel190
<i18n=14621>	9216	90		56199	26932	0	0	191	-1	0	0			1		maplevel190
<i18n=14621>	9216	90		53720	32113	0	0	191	-1	0	0			1		maplevel190
<i18n=14621>	9216	90		56400	28632	0	0	191	-1	0	0			1		maplevel190
<i18n=14621>	9216	90		56781	33234	0	0	191	-1	0	0			1		maplevel190
<i18n=673>	9213	90		51813	122876	0	0	191	-1	0	0			1		maplevel190
<i18n=673>	9213	90		52840	120016	0	0	191	-1	0	0			1		maplevel190
<i18n=673>	9213	90		52217	113589	0	0	191	-1	0	0			1		maplevel190
<i18n=673>	9213	90		50740	116264	0	0	191	-1	0	0			1		maplevel190
<i18n=673>	9213	90		49032	118951	0	0	191	-1	0	0			1		maplevel190
<i18n=673>	9213	90		49313	116217	0	0	191	-1	0	0			1		maplevel190
<i18n=673>	9213	90		58732	96771	0	0	191	-1	0	0			1		maplevel190
<i18n=673>	9213	90		53898	93538	0	0	191	-1	0	0			1		maplevel190
<i18n=673>	9213	90		55829	89798	0	0	191	-1	0	0			1		maplevel190
<i18n=673>	9213	90		55901	97213	0	0	191	-1	0	0			1		maplevel190
<i18n=673>	9213	90		59672	94823	0	0	191	-1	0	0			1		maplevel190
<i18n=673>	9213	90		57062	92986	0	0	191	-1	0	0			1		maplevel190
<i18n=673>	9213	90		55520	94879	0	0	191	-1	0	0			1		maplevel190
<i18n=673>	9213	90		58038	83340	0	0	191	-1	0	0			1		maplevel190
<i18n=673>	9213	90		57439	81263	0	0	191	-1	0	0			1		maplevel190
<i18n=673>	9213	90		60463	80160	0	0	191	-1	0	0			1		maplevel190
<i18n=673>	9213	90		56325	77539	0	0	191	-1	0	0			1		maplevel190
<i18n=673>	9213	90		57349	75247	0	0	191	-1	0	0			1		maplevel190
<i18n=673>	9213	90		78545	116743	0	0	191	-1	0	0			1		maplevel190
<i18n=673>	9213	90		79558	116683	0	0	191	-1	0	0			1		maplevel190
<i18n=673>	9213	90		80054	112545	0	0	191	-1	0	0			1		maplevel190
<i18n=673>	9213	90		80531	114779	0	0	191	-1	0	0			1		maplevel190
<i18n=673>	9213	90		76221	118504	0	0	191	-1	0	0			1		maplevel190
<i18n=673>	9213	90		76146	111318	0	0	191	-1	0	0			1		maplevel190
<i18n=673>	9213	90		78755	113148	0	0	191	-1	0	0			1		maplevel190
<i18n=673>	9213	90		38064	72603	0	0	191	-1	0	0			1		maplevel190
<i18n=673>	9213	90		39307	70884	0	0	191	-1	0	0			1		maplevel190
<i18n=673>	9213	90		43329	72768	0	0	191	-1	0	0			1		maplevel190
<i18n=673>	9213	90		40656	71239	0	0	191	-1	0	0			1		maplevel190
<i18n=673>	9213	90		55927	80966	0	0	191	-1	0	0			1		maplevel190
<i18n=673>	9213	90		41525	73416	0	0	191	-1	0	0			1		maplevel190
<i18n=673>	9213	90		37894	68837	0	0	191	-1	0	0			1		maplevel190
<i18n=6957>	9214	90		82879	136579	0	0	191	-1	0	0			1		maplevel190
<i18n=6957>	9214	90		84258	137340	0	0	191	-1	0	0			1		maplevel190
<i18n=6957>	9214	90		84409	130572	0	0	191	-1	0	0			1		maplevel190
<i18n=6957>	9214	90		84326	132836	0	0	191	-1	0	0			1		maplevel190
<i18n=6957>	9214	90		81102	130176	0	0	191	-1	0	0			1		maplevel190
<i18n=6957>	9214	90		80376	134971	0	0	191	-1	0	0			1		maplevel190
<i18n=6957>	9214	90		70463	131431	0	0	191	-1	0	0			1		maplevel190
<i18n=6957>	9214	90		71408	130313	0	0	191	-1	0	0			1		maplevel190
<i18n=6957>	9214	90		68646	129557	0	0	191	-1	0	0			1		maplevel190
<i18n=6957>	9214	90		66553	127856	0	0	191	-1	0	0			1		maplevel190
<i18n=6957>	9214	90		65476	126758	0	0	191	-1	0	0			1		maplevel190
<i18n=6957>	9214	90		68683	126320	0	0	191	-1	0	0			1		maplevel190
<i18n=6957>	9214	90		70760	126038	0	0	191	-1	0	0			1		maplevel190
<i18n=6957>	9214	90		70879	128752	0	0	191	-1	0	0			1		maplevel190
<i18n=6957>	9214	90		72514	128620	0	0	191	-1	0	0			1		maplevel190
<i18n=6957>	9214	90		67701	128744	0	0	191	-1	0	0			1		maplevel190
<i18n=6957>	9214	90		69853	127863	0	0	191	-1	0	0			1		maplevel190
<i18n=6957>	9214	90		69335	124569	0	0	191	-1	0	0			1		maplevel190
<i18n=6957>	9214	90		66024	124794	0	0	191	-1	0	0			1		maplevel190
<i18n=6957>	9214	90		67995	121362	0	0	191	-1	0	0			1		maplevel190
<i18n=6957>	9214	90		68500	122863	0	0	191	-1	0	0			1		maplevel190
<i18n=6957>	9214	90		67466	125306	0	0	191	-1	0	0			1		maplevel190
<i18n=6957>	9214	90		66761	122951	0	0	191	-1	0	0			1		maplevel190
<i18n=6957>	9214	90		69501	130440	0	0	191	-1	0	0			1		maplevel190
<i18n=6957>	9214	90		102962	113813	0	0	191	-1	0	0			1		maplevel190
<i18n=6957>	9214	90		103511	112152	0	0	191	-1	0	0			1		maplevel190
<i18n=6957>	9214	90		102151	112168	0	0	191	-1	0	0			1		maplevel190
<i18n=6957>	9214	90		103480	109946	0	0	191	-1	0	0			1		maplevel190
<i18n=6957>	9214	90		100757	106573	0	0	191	-1	0	0			1		maplevel190
<i18n=6957>	9214	90		97310	69394	0	0	191	-1	0	0			1		maplevel190
<i18n=6957>	9214	90		94486	63539	0	0	191	-1	0	0			1		maplevel190
<i18n=6957>	9214	90		97423	66337	0	0	191	-1	0	0			1		maplevel190
<i18n=6957>	9214	90		95859	66597	0	0	191	-1	0	0			1		maplevel190
<i18n=6957>	9214	90		96124	68910	0	0	191	-1	0	0			1		maplevel190
<i18n=6957>	9214	90		93447	66231	0	0	191	-1	0	0			1		maplevel190
<i18n=6957>	9214	90		91827	68745	0	0	191	-1	0	0			1		maplevel190
<i18n=6957>	9214	90		104768	60617	0	0	191	-1	0	0			1		maplevel190
<i18n=6957>	9214	90		106102	60841	0	0	191	-1	0	0			1		maplevel190
<i18n=6957>	9214	90		107359	58707	0	0	191	-1	0	0			1		maplevel190
<i18n=6957>	9214	90		108496	55589	0	0	191	-1	0	0			1		maplevel190
<i18n=6957>	9214	90		105957	56575	0	0	191	-1	0	0			1		maplevel190
<i18n=6957>	9214	90		103146	55912	0	0	191	-1	0	0			1		maplevel190
<i18n=767>	9215	90		64753	57488	0	0	191	-1	0	0			1		maplevel190
<i18n=767>	9215	90		64955	55556	0	0	191	-1	0	0			1		maplevel190
<i18n=767>	9215	90		67748	61780	0	0	191	-1	0	0			1		maplevel190
<i18n=767>	9215	90		62780	60224	0	0	191	-1	0	0			1		maplevel190
<i18n=767>	9215	90		64609	61288	0	0	191	-1	0	0			1		maplevel190
<i18n=767>	9215	90		66108	61729	0	0	191	-1	0	0			1		maplevel190
<i18n=767>	9215	90		69961	61166	0	0	191	-1	0	0			1		maplevel190
<i18n=767>	9215	90		66519	57460	0	0	191	-1	0	0			1		maplevel190
<i18n=767>	9215	90		68220	59313	0	0	191	-1	0	0			1		maplevel190
<i18n=767>	9215	90		89054	46300	0	0	191	-1	0	0			1		maplevel190
<i18n=767>	9215	90		91546	41059	0	0	191	-1	0	0			1		maplevel190
<i18n=767>	9215	90		94908	43776	0	0	191	-1	0	0			1		maplevel190
<i18n=767>	9215	90		90706	43727	0	0	191	-1	0	0			1		maplevel190
<i18n=767>	9215	90		90529	46282	0	0	191	-1	0	0			1		maplevel190
<i18n=767>	9215	90		92145	46696	0	0	191	-1	0	0			1		maplevel190
<i18n=767>	9215	90		92180	42957	0	0	191	-1	0	0			1		maplevel190
<i18n=767>	9215	90		84601	37380	0	0	191	-1	0	0			1		maplevel190
<i18n=767>	9215	90		87223	36774	0	0	191	-1	0	0			1		maplevel190
<i18n=767>	9215	90		88087	32919	0	0	191	-1	0	0			1		maplevel190
<i18n=767>	9215	90		84392	30245	0	0	191	-1	0	0			1		maplevel190
<i18n=767>	9215	90		87741	31272	0	0	191	-1	0	0			1		maplevel190
<i18n=767>	9215	90		85627	36125	0	0	191	-1	0	0			1		maplevel190
<i18n=767>	9215	90		83533	36567	0	0	191	-1	0	0			1		maplevel190
<i18n=767>	9215	90		102700	34441	0	0	191	-1	0	0			1		maplevel190
<i18n=767>	9215	90		103001	39472	0	0	191	-1	0	0			1		maplevel190
<i18n=767>	9215	90		102630	41288	0	0	191	-1	0	0			1		maplevel190
<i18n=767>	9215	90		103994	34893	0	0	191	-1	0	0			1		maplevel190
<i18n=767>	9215	90		101535	35528	0	0	191	-1	0	0			1		maplevel190
<i18n=767>	9215	90		100024	36756	0	0	191	-1	0	0			1		maplevel190
<i18n=767>	9215	90		105217	39833	0	0	191	-1	0	0			1		maplevel190
<i18n=14621>	9216	90		24261	57237	0	0	191	-1	0	0			1		maplevel190
<i18n=14621>	9216	90		27559	58874	0	0	191	-1	0	0			1		maplevel190
<i18n=14621>	9216	90		29264	58285	0	0	191	-1	0	0			1		maplevel190
<i18n=14621>	9216	90		30487	55754	0	0	191	-1	0	0			1		maplevel190
<i18n=14621>	9216	90		29207	53128	0	0	191	-1	0	0			1		maplevel190
<i18n=14621>	9216	90		27726	54436	0	0	191	-1	0	0			1		maplevel190
<i18n=14621>	9216	90		26320	60176	0	0	191	-1	0	0			1		maplevel190
<i18n=14621>	9216	90		31014	33483	0	0	191	-1	0	0			1		maplevel190
<i18n=14621>	9216	90		27602	34826	0	0	191	-1	0	0			1		maplevel190
<i18n=14621>	9216	90		31850	34763	0	0	191	-1	0	0			1		maplevel190
<i18n=14621>	9216	90		27068	30664	0	0	191	-1	0	0			1		maplevel190
<i18n=14621>	9216	90		26968	32496	0	0	191	-1	0	0			1		maplevel190
<i18n=14621>	9216	90		28246	31641	0	0	191	-1	0	0			1		maplevel190
<i18n=14621>	9216	90		32086	30718	0	0	191	-1	0	0			1		maplevel190
<i18n=14621>	9216	90		51017	43060	0	0	191	-1	0	0			1		maplevel190
<i18n=14621>	9216	90		53580	47967	0	0	191	-1	0	0			1		maplevel190
<i18n=14621>	9216	90		54767	44068	0	0	191	-1	0	0			1		maplevel190
<i18n=14621>	9216	90		53279	46345	0	0	191	-1	0	0			1		maplevel190
<i18n=14621>	9216	90		50079	41770	0	0	191	-1	0	0			1		maplevel190
<i18n=14621>	9216	90		54960	32538	0	0	191	-1	0	0			1		maplevel190
<i18n=14621>	9216	90		52796	33137	0	0	191	-1	0	0			1		maplevel190
<i18n=14621>	9216	90		54548	26631	0	0	191	-1	0	0			1		maplevel190
<i18n=14621>	9216	90		57364	28576	0	0	191	-1	0	0			1		maplevel190
<i18n=14621>	9216	90		56338	31901	0	0	191	-1	0	0			1		maplevel190
<i18n=14621>	9216	90		57708	30253	0	0	191	-1	0	0			1		maplevel190
<i18n=11849>	3252	95	5	27277	86753	0	0	191	-1	0	0					
<i18n=349>	3253	95	5	13667	70016	0	0	191	-1	0	0					
<i18n=6699>	3254	95	5	30419	107218	0	0	191	-1	0	0					
<i18n=13413>	3255	95	5	55010	130501	0	0	191	-1	0	0					
<i18n=8904>	3256	95	5	21432	74315	0	0	191	-1	0	0					
<i18n=11851>	3257	95	5	95233	103319	0	0	191	-1	0	0					
<i18n=15126>	3258	95	5	83473	44873	0	0	191	-1	0	0					
<i18n=15777>	3259	95	5	57535	57683	0	0	191	-1	0	0					
<i18n=8935>	3260	95	5	40340	55640	0	0	191	-1	0	0					
<i18n=9700>	3261	95	5	23574	33567	0	0	191	-1	0	0					
<i18n=6412>	3262	95	5	20963	44309	0	0	191	-1	0	0					
<i18n=13307>	3263	95	5	45671	50061	0	0	191	-1	0	0					
<i18n=14621>	9216	90		28716	81021	0	0	191	-1	0	0			1		maplevel190
<i18n=14621>	9216	90		29592	82460	0	0	191	-1	0	0			1		maplevel190
<i18n=14621>	9216	90		30625	83118	0	0	191	-1	0	0			1		maplevel190
<i18n=14621>	9216	90		31717	83515	0	0	191	-1	0	0			1		maplevel190
<i18n=14621>	9216	90		31932	79008	0	0	191	-1	0	0			1		maplevel190
<i18n=14621>	9216	90		33183	83256	0	0	191	-1	0	0			1		maplevel190
<i18n=14621>	9216	90		34052	82087	0	0	191	-1	0	0			1		maplevel190
<i18n=14621>	9216	90		34811	77828	0	0	191	-1	0	0			1		maplevel190
<i18n=14621>	9216	90		34250	76086	0	0	191	-1	0	0			1		maplevel190
<i18n=14621>	9216	90		35055	80145	0	0	191	-1	0	0			1		maplevel190
<i18n=14621>	9216	90		33276	77158	0	0	191	-1	0	0			1		maplevel190
<i18n=14621>	9216	90		33166	80654	0	0	191	-1	0	0			1		maplevel190
<i18n=14621>	9216	90		32412	75414	0	0	191	-1	0	0			1		maplevel190
<i18n=14621>	9216	90		30580	75585	0	0	191	-1	0	0			1		maplevel190
<i18n=14621>	9216	90		29256	76483	0	0	191	-1	0	0			1		maplevel190
<i18n=14621>	9216	90		30312	77608	0	0	191	-1	0	0			1		maplevel190
<i18n=14621>	9216	90		30213	80965	0	0	191	-1	0	0			1		maplevel190
<i18n=14621>	9216	90		28825	78708	0	0	191	-1	0	0			1		maplevel190
<i18n=767>	9215	90		108427	75139	0	0	191	-1	0	0			1		maplevel190
<i18n=767>	9215	90		109305	68487	0	0	191	-1	0	0			1		maplevel190
<i18n=767>	9215	90		107975	67500	0	0	191	-1	0	0			1		maplevel190
<i18n=767>	9215	90		105177	75250	0	0	191	-1	0	0			1		maplevel190
<i18n=767>	9215	90		108670	70329	0	0	191	-1	0	0			1		maplevel190
<i18n=767>	9215	90		106695	75496	0	0	191	-1	0	0			1		maplevel190
<i18n=767>	9215	90		107367	73571	0	0	191	-1	0	0			1		maplevel190
<i18n=767>	9215	90		107287	69717	0	0	191	-1	0	0			1		maplevel190
<i18n=767>	9215	90		110188	72119	0	0	191	-1	0	0			1		maplevel190
<i18n=767>	9215	90		109942	70107	0	0	191	-1	0	0			1		maplevel190
<i18n=767>	9215	90		108805	72378	0	0	191	-1	0	0			1		maplevel190
<i18n=767>	9215	90		105501	73014	0	0	191	-1	0	0			1		maplevel190
<i18n=767>	9215	90		105372	68649	0	0	191	-1	0	0			1		maplevel190
<i18n=767>	9215	90		105595	70614	0	0	191	-1	0	0			1		maplevel190
<i18n=767>	9215	90		106946	67548	0	0	191	-1	0	0			1		maplevel190
<i18n=767>	9215	90		104122	70561	0	0	191	-1	0	0			1		maplevel190
<i18n=767>	9215	90		104221	73093	0	0	191	-1	0	0			1		maplevel190
<i18n=767>	9215	90		109579	74046	0	0	191	-1	0	0			1		maplevel190
<i18n=4872>	3264	95	5	34558	118433	0	0	191	-1	0	0					
<i18n=11729>	3265	95	5	39225	103579	0	0	191	-1	0	0					
<i18n=15459>	3266	95	5	59067	115360	0	0	191	-1	0	0					
<i18n=1908>	3267	95	5	71100	75855	0	0	191	-1	0	0					
<i18n=5863>	3268	95	5	110028	120578	0	0	191	-1	0	0					
<i18n=12057>	3269	95	5	70389	149899	0	0	191	-1	0	0					
<i18n=9628>	3270	95	5	65450	144375	0	0	191	-1	0	0					
<i18n=1414>	3271	95	5	58883	138119	0	0	191	-1	0	0					
<i18n=10966>	3272	95	5	65974	133935	0	0	191	-1	0	0					
<i18n=4489>	3273	95	5	86624	76655	0	0	191	-1	0	0					
<i18n=2928>	3274	95	5	105420	101807	0	0	191	-1	0	0					
<i18n=7418>	3275	95	5	75339	136384	0	0	191	-1	0	0					
<i18n=6957>	7411	90		67378	49244	0	0	191	-1	0	0			1		
<i18n=6957>	7411	90		68920	49666	0	0	191	-1	0	0			1		
<i18n=6957>	7411	90		70149	50259	0	0	191	-1	0	0			1		
<i18n=42333>	7414	90		82425	73380	0	0	191	-1	0	0			1		
<i18n=42319>	7415	90		78428	68670	0	0	220	-1	0	0			1		
<i18n=42312>	7417	90		111501	105147	0	0	160	-1	0	0			1		
<i18n=42443>	7413	90		101769	83747	0	0	130	-1	0	0			1		
<i18n=42282>	7424	90		35464	110089	0	0	191	-1	0	0			1		
<i18n=42282>	7424	90		35653	108417	0	0	191	-1	0	0			1		
<i18n=42282>	7424	90		36083	106427	0	0	191	-1	0	0			1		
<i18n=42404>	7425	90		39899	89788	0	0	191	-1	0	0			1		
<i18n=42404>	7425	90		40639	87659	0	0	191	-1	0	0			1		
<i18n=42404>	7425	90		41501	85401	0	0	191	-1	0	0			1		
<i18n=42401>	7426	90		49890	79930	0	0	191	-1	0	0			1		
<i18n=42411>	7427	90		75885	91303	0	0	160	-1	0	0			1		
