nGroupId	nAttrId	nAttrValueMin1	nAttrValueMin2	nAttrValueMin3	nAttrValueMax1	nAttrValueMax2	nAttrValueMax3	FightPower	nWeight
1101	56	3			3			1000	60000
1101	39	12			14			1000	80000
1101	38	12			14			1000	80000
1101	11	12		12	14		14	1000	100000
1101	25	256			288			1000	100000
1101	42	12			14			1000	100000
1101	27	64			72			1000	120000
1101	16	1000	12		1000	14		1000	120000
1101	45	12			14			1000	120000
1101	44	51			57			1000	120000
1102	56	3			4			1000	60000
1102	39	15			17			1000	80000
1102	38	15			17			1000	80000
1102	11	15		15	17		17	1000	100000
1102	25	304			342			1000	100000
1102	42	15			17			1000	100000
1102	27	76			85			1000	120000
1102	16	1000	15		1000	17		1000	120000
1102	45	15			17			1000	120000
1102	44	60			68			1000	120000
1103	56	4			5			1000	60000
1103	39	18			20			1000	80000
1103	38	18			20			1000	80000
1103	11	18		18	20		20	1000	100000
1103	25	368			414			1000	100000
1103	42	18			20			1000	100000
1103	27	92			103			1000	120000
1103	16	1000	18		1000	20		1000	120000
1103	45	18			20			1000	120000
1103	44	73			82			1000	120000
1104	56	5			6			1000	60000
1104	39	21			24			1000	80000
1104	38	21			24			1000	80000
1104	11	21		21	24		24	1000	100000
1104	25	432			486			1000	100000
1104	42	21			24			1000	100000
1104	27	108			121			1000	120000
1104	16	1000	21		1000	24		1000	120000
1104	45	21			24			1000	120000
1104	44	86			97			1000	120000
1105	56	6			7			1000	60000
1105	39	26			29			1000	80000
1105	38	26			29			1000	80000
1105	11	26		26	29		29	1000	100000
1105	25	528			594			1000	100000
1105	42	26			29			1000	100000
1105	27	132			148			1000	120000
1105	16	1000	26		1000	29		1000	120000
1105	45	26			29			1000	120000
1105	44	105			118			1000	120000
1106	56	7			8			1000	60000
1106	39	31			35			1000	80000
1106	38	31			35			1000	80000
1106	11	31		31	35		35	1000	100000
1106	25	624			702			1000	100000
1106	42	31			35			1000	100000
1106	27	156			175			1000	120000
1106	16	1000	31		1000	35		1000	120000
1106	45	31			35			1000	120000
1106	44	124			140			1000	120000
1107	56	9			10			1000	60000
1107	39	37			42			1000	80000
1107	38	37			42			1000	80000
1107	11	37		37	42		42	1000	100000
1107	25	752			846			1000	100000
1107	42	37			42			1000	100000
1107	27	188			211			1000	120000
1107	16	1000	37		1000	42		1000	120000
1107	45	37			42			1000	120000
1107	44	150			169			1000	120000
1108	56	11			12			1000	60000
1108	39	44			49			1000	80000
1108	38	44			49			1000	80000
1108	11	44		44	49		49	1000	100000
1108	25	880			990			1000	100000
1108	42	44			49			1000	100000
1108	27	220			247			1000	120000
1108	16	1000	44		1000	49		1000	120000
1108	45	44			49			1000	120000
1108	44	176			198			1000	120000
1109	56	13			14			1000	60000
1109	39	52			58			1000	80000
1109	38	52			58			1000	80000
1109	11	52		52	58		58	1000	100000
1109	25	1040			1170			1000	100000
1109	42	52			58			1000	100000
1109	27	260			292			1000	120000
1109	16	1000	52		1000	58		1000	120000
1109	45	52			58			1000	120000
1109	44	208			234			1000	120000
1110	56	15			16			1000	60000
1110	39	60			67			1000	80000
1110	38	60			67			1000	80000
1110	11	60		60	67		67	1000	100000
1110	25	1200			1350			1000	100000
1110	42	60			67			1000	100000
1110	27	300			337			1000	120000
1110	16	1000	60		1000	67		1000	120000
1110	45	60			67			1000	120000
1110	44	240			270			1000	120000
1111	56	17			19			1000	60000
1111	39	68			77			1000	80000
1111	38	68			77			1000	80000
1111	11	68		68	77		77	1000	100000
1111	25	1376			1548			1000	100000
1111	42	68			77			1000	100000
1111	27	344			387			1000	120000
1111	16	1000	68		1000	77		1000	120000
1111	45	68			77			1000	120000
1111	44	275			309			1000	120000
1112	56	19			22			1000	60000
1112	39	79			89			1000	80000
1112	38	79			89			1000	80000
1112	11	79		79	89		89	1000	100000
1112	25	1584			1782			1000	100000
1112	42	79			89			1000	100000
1112	27	396			445			1000	120000
1112	16	1000	79		1000	89		1000	120000
1112	45	79			89			1000	120000
1112	44	316			356			1000	120000
1113	56	22			25			1000	60000
1113	39	90			101			1000	80000
1113	38	90			101			1000	80000
1113	11	90		90	101		101	1000	100000
1113	25	1808			2034			1000	100000
1113	42	90			101			1000	100000
1113	27	452			508			1000	120000
1113	16	1000	90		1000	101		1000	120000
1113	45	90			101			1000	120000
1113	44	361			406			1000	120000
1114	56	25			28			1000	60000
1114	39	102			115			1000	80000
1114	38	102			115			1000	80000
1114	11	102		102	115		115	1000	100000
1114	25	2048			2304			1000	100000
1114	42	102			115			1000	100000
1114	27	512			576			1000	120000
1114	16	1000	102		1000	115		1000	120000
1114	45	102			115			1000	120000
1114	44	409			460			1000	120000
1115	56	29			32			1000	60000
1115	39	116			130			1000	80000
1115	38	116			130			1000	80000
1115	11	116		116	130		130	1000	100000
1115	25	2320			2610			1000	100000
1115	42	116			130			1000	100000
1115	27	580			652			1000	120000
1115	16	1000	116		1000	130		1000	120000
1115	45	116			130			1000	120000
1115	44	464			522			1000	120000
1116	56	32			36			1000	60000
1116	39	130			146			1000	80000
1116	38	130			146			1000	80000
1116	11	130		130	146		146	1000	100000
1116	25	2608			2934			1000	100000
1116	42	130			146			1000	100000
1116	27	652			733			1000	120000
1116	16	1000	130		1000	146		1000	120000
1116	45	130			146			1000	120000
1116	44	521			586			1000	120000
1117	56	37			41			1000	60000
1117	39	148			166			1000	80000
1117	38	148			166			1000	80000
1117	11	148		148	166		166	1000	100000
1117	25	2960			3330			1000	100000
1117	42	148			166			1000	100000
1117	27	740			832			1000	120000
1117	16	1000	148		1000	166		1000	120000
1117	45	148			166			1000	120000
1117	44	592			666			1000	120000
1118	56	41			47			1000	60000
1118	39	167			188			1000	80000
1118	38	167			188			1000	80000
1118	11	167		167	188		188	1000	100000
1118	25	3344			3762			1000	100000
1118	42	167			188			1000	100000
1118	27	836			940			1000	120000
1118	16	1000	167		1000	188		1000	120000
1118	45	167			188			1000	120000
1118	44	668			752			1000	120000
1119	56	47			53			1000	60000
1119	39	188			212			1000	80000
1119	38	188			212			1000	80000
1119	11	188		188	212		212	1000	100000
1119	25	3776			4248			1000	100000
1119	42	188			212			1000	100000
1119	27	944			1062			1000	120000
1119	16	1000	188		1000	212		1000	120000
1119	45	188			212			1000	120000
1119	44	755			849			1000	120000
1120	56	53			60			1000	60000
1120	39	213			240			1000	80000
1120	38	213			240			1000	80000
1120	11	213		213	240		240	1000	100000
1120	25	4272			4806			1000	100000
1120	42	213			240			1000	100000
1120	27	1068			1201			1000	120000
1120	16	1000	213		1000	240		1000	120000
1120	45	213			240			1000	120000
1120	44	854			961			1000	120000
1201	56	3			4			1000	60000
1201	39	14			16			1000	80000
1201	38	14			16			1000	80000
1201	11	14		14	16		16	1000	100000
1201	25	288			320			1000	100000
1201	42	14			16			1000	100000
1201	27	72			80			1000	120000
1201	16	1000	14		1000	16		1000	120000
1201	45	14			16			1000	120000
1201	44	57			64			1000	120000
1202	56	4			4			1000	60000
1202	39	17			19			1000	80000
1202	38	17			19			1000	80000
1202	11	17		17	19		19	1000	100000
1202	25	342			380			1000	100000
1202	42	17			19			1000	100000
1202	27	85			95			1000	120000
1202	16	1000	17		1000	19		1000	120000
1202	45	17			19			1000	120000
1202	44	68			76			1000	120000
1203	56	5			5			1000	60000
1203	39	20			23			1000	80000
1203	38	20			23			1000	80000
1203	11	20		20	23		23	1000	100000
1203	25	414			460			1000	100000
1203	42	20			23			1000	100000
1203	27	103			115			1000	120000
1203	16	1000	20		1000	23		1000	120000
1203	45	20			23			1000	120000
1203	44	82			92			1000	120000
1204	56	6			6			1000	60000
1204	39	24			27			1000	80000
1204	38	24			27			1000	80000
1204	11	24		24	27		27	1000	100000
1204	25	486			540			1000	100000
1204	42	24			27			1000	100000
1204	27	121			135			1000	120000
1204	16	1000	24		1000	27		1000	120000
1204	45	24			27			1000	120000
1204	44	97			108			1000	120000
1205	56	7			8			1000	60000
1205	39	29			33			1000	80000
1205	38	29			33			1000	80000
1205	11	29		29	33		33	1000	100000
1205	25	594			660			1000	100000
1205	42	29			33			1000	100000
1205	27	148			165			1000	120000
1205	16	1000	29		1000	33		1000	120000
1205	45	29			33			1000	120000
1205	44	118			132			1000	120000
1206	56	8			9			1000	60000
1206	39	35			39			1000	80000
1206	38	35			39			1000	80000
1206	11	35		35	39		39	1000	100000
1206	25	702			780			1000	100000
1206	42	35			39			1000	100000
1206	27	175			195			1000	120000
1206	16	1000	35		1000	39		1000	120000
1206	45	35			39			1000	120000
1206	44	140			156			1000	120000
1207	56	10			11			1000	60000
1207	39	42			47			1000	80000
1207	38	42			47			1000	80000
1207	11	42		42	47		47	1000	100000
1207	25	846			940			1000	100000
1207	42	42			47			1000	100000
1207	27	211			235			1000	120000
1207	16	1000	42		1000	47		1000	120000
1207	45	42			47			1000	120000
1207	44	169			188			1000	120000
1208	56	12			13			1000	60000
1208	39	49			55			1000	80000
1208	38	49			55			1000	80000
1208	11	49		49	55		55	1000	100000
1208	25	990			1100			1000	100000
1208	42	49			55			1000	100000
1208	27	247			275			1000	120000
1208	16	1000	49		1000	55		1000	120000
1208	45	49			55			1000	120000
1208	44	198			220			1000	120000
1209	56	14			16			1000	60000
1209	39	58			65			1000	80000
1209	38	58			65			1000	80000
1209	11	58		58	65		65	1000	100000
1209	25	1170			1300			1000	100000
1209	42	58			65			1000	100000
1209	27	292			325			1000	120000
1209	16	1000	58		1000	65		1000	120000
1209	45	58			65			1000	120000
1209	44	234			260			1000	120000
1210	56	16			18			1000	60000
1210	39	67			75			1000	80000
1210	38	67			75			1000	80000
1210	11	67		67	75		75	1000	100000
1210	25	1350			1500			1000	100000
1210	42	67			75			1000	100000
1210	27	337			375			1000	120000
1210	16	1000	67		1000	75		1000	120000
1210	45	67			75			1000	120000
1210	44	270			300			1000	120000
1211	56	19			21			1000	60000
1211	39	77			86			1000	80000
1211	38	77			86			1000	80000
1211	11	77		77	86		86	1000	100000
1211	25	1548			1720			1000	100000
1211	42	77			86			1000	100000
1211	27	387			430			1000	120000
1211	16	1000	77		1000	86		1000	120000
1211	45	77			86			1000	120000
1211	44	309			344			1000	120000
1212	56	22			24			1000	60000
1212	39	89			99			1000	80000
1212	38	89			99			1000	80000
1212	11	89		89	99		99	1000	100000
1212	25	1782			1980			1000	100000
1212	42	89			99			1000	100000
1212	27	445			495			1000	120000
1212	16	1000	89		1000	99		1000	120000
1212	45	89			99			1000	120000
1212	44	356			396			1000	120000
1213	56	25			28			1000	60000
1213	39	101			113			1000	80000
1213	38	101			113			1000	80000
1213	11	101		101	113		113	1000	100000
1213	25	2034			2260			1000	100000
1213	42	101			113			1000	100000
1213	27	508			565			1000	120000
1213	16	1000	101		1000	113		1000	120000
1213	45	101			113			1000	120000
1213	44	406			452			1000	120000
1214	56	28			32			1000	60000
1214	39	115			128			1000	80000
1214	38	115			128			1000	80000
1214	11	115		115	128		128	1000	100000
1214	25	2304			2560			1000	100000
1214	42	115			128			1000	100000
1214	27	576			640			1000	120000
1214	16	1000	115		1000	128		1000	120000
1214	45	115			128			1000	120000
1214	44	460			512			1000	120000
1215	56	32			36			1000	60000
1215	39	130			145			1000	80000
1215	38	130			145			1000	80000
1215	11	130		130	145		145	1000	100000
1215	25	2610			2900			1000	100000
1215	42	130			145			1000	100000
1215	27	652			725			1000	120000
1215	16	1000	130		1000	145		1000	120000
1215	45	130			145			1000	120000
1215	44	522			580			1000	120000
1216	56	36			40			1000	60000
1216	39	146			163			1000	80000
1216	38	146			163			1000	80000
1216	11	146		146	163		163	1000	100000
1216	25	2934			3260			1000	100000
1216	42	146			163			1000	100000
1216	27	733			815			1000	120000
1216	16	1000	146		1000	163		1000	120000
1216	45	146			163			1000	120000
1216	44	586			652			1000	120000
1217	56	41			46			1000	60000
1217	39	166			185			1000	80000
1217	38	166			185			1000	80000
1217	11	166		166	185		185	1000	100000
1217	25	3330			3700			1000	100000
1217	42	166			185			1000	100000
1217	27	832			925			1000	120000
1217	16	1000	166		1000	185		1000	120000
1217	45	166			185			1000	120000
1217	44	666			740			1000	120000
1218	56	47			52			1000	60000
1218	39	188			209			1000	80000
1218	38	188			209			1000	80000
1218	11	188		188	209		209	1000	100000
1218	25	3762			4180			1000	100000
1218	42	188			209			1000	100000
1218	27	940			1045			1000	120000
1218	16	1000	188		1000	209		1000	120000
1218	45	188			209			1000	120000
1218	44	752			836			1000	120000
1219	56	53			59			1000	60000
1219	39	212			236			1000	80000
1219	38	212			236			1000	80000
1219	11	212		212	236		236	1000	100000
1219	25	4248			4720			1000	100000
1219	42	212			236			1000	100000
1219	27	1062			1180			1000	120000
1219	16	1000	212		1000	236		1000	120000
1219	45	212			236			1000	120000
1219	44	849			944			1000	120000
1220	56	60			66			1000	60000
1220	39	240			267			1000	80000
1220	38	240			267			1000	80000
1220	11	240		240	267		267	1000	100000
1220	25	4806			5340			1000	100000
1220	42	240			267			1000	100000
1220	27	1201			1335			1000	120000
1220	16	1000	240		1000	267		1000	120000
1220	45	240			267			1000	120000
1220	44	961			1068			1000	120000
1301	56	4			4			1000	60000
1301	39	16			19			1000	80000
1301	38	16			19			1000	80000
1301	11	16		16	19		19	1000	100000
1301	25	320			384			1000	100000
1301	42	16			19			1000	100000
1301	27	80			96			1000	120000
1301	16	1000	16		1000	19		1000	120000
1301	45	16			19			1000	120000
1301	44	64			76			1000	120000
1302	56	4			5			1000	60000
1302	39	19			22			1000	80000
1302	38	19			22			1000	80000
1302	11	19		19	22		22	1000	100000
1302	25	380			456			1000	100000
1302	42	19			22			1000	100000
1302	27	95			114			1000	120000
1302	16	1000	19		1000	22		1000	120000
1302	45	19			22			1000	120000
1302	44	76			91			1000	120000
1303	56	5			6			1000	60000
1303	39	23			27			1000	80000
1303	38	23			27			1000	80000
1303	11	23		23	27		27	1000	100000
1303	25	460			552			1000	100000
1303	42	23			27			1000	100000
1303	27	115			138			1000	120000
1303	16	1000	23		1000	27		1000	120000
1303	45	23			27			1000	120000
1303	44	92			110			1000	120000
1304	56	6			8			1000	60000
1304	39	27			32			1000	80000
1304	38	27			32			1000	80000
1304	11	27		27	32		32	1000	100000
1304	25	540			648			1000	100000
1304	42	27			32			1000	100000
1304	27	135			162			1000	120000
1304	16	1000	27		1000	32		1000	120000
1304	45	27			32			1000	120000
1304	44	108			129			1000	120000
1305	56	8			9			1000	60000
1305	39	33			39			1000	80000
1305	38	33			39			1000	80000
1305	11	33		33	39		39	1000	100000
1305	25	660			792			1000	100000
1305	42	33			39			1000	100000
1305	27	165			198			1000	120000
1305	16	1000	33		1000	39		1000	120000
1305	45	33			39			1000	120000
1305	44	132			158			1000	120000
1306	56	9			11			1000	60000
1306	39	39			46			1000	80000
1306	38	39			46			1000	80000
1306	11	39		39	46		46	1000	100000
1306	25	780			936			1000	100000
1306	42	39			46			1000	100000
1306	27	195			234			1000	120000
1306	16	1000	39		1000	46		1000	120000
1306	45	39			46			1000	120000
1306	44	156			187			1000	120000
1307	56	11			14			1000	60000
1307	39	47			56			1000	80000
1307	38	47			56			1000	80000
1307	11	47		47	56		56	1000	100000
1307	25	940			1128			1000	100000
1307	42	47			56			1000	100000
1307	27	235			282			1000	120000
1307	16	1000	47		1000	56		1000	120000
1307	45	47			56			1000	120000
1307	44	188			225			1000	120000
1308	56	13			16			1000	60000
1308	39	55			66			1000	80000
1308	38	55			66			1000	80000
1308	11	55		55	66		66	1000	100000
1308	25	1100			1320			1000	100000
1308	42	55			66			1000	100000
1308	27	275			330			1000	120000
1308	16	1000	55		1000	66		1000	120000
1308	45	55			66			1000	120000
1308	44	220			264			1000	120000
1309	56	16			19			1000	60000
1309	39	65			78			1000	80000
1309	38	65			78			1000	80000
1309	11	65		65	78		78	1000	100000
1309	25	1300			1560			1000	100000
1309	42	65			78			1000	100000
1309	27	325			390			1000	120000
1309	16	1000	65		1000	78		1000	120000
1309	45	65			78			1000	120000
1309	44	260			312			1000	120000
1310	56	18			22			1000	60000
1310	39	75			90			1000	80000
1310	38	75			90			1000	80000
1310	11	75		75	90		90	1000	100000
1310	25	1500			1800			1000	100000
1310	42	75			90			1000	100000
1310	27	375			450			1000	120000
1310	16	1000	75		1000	90		1000	120000
1310	45	75			90			1000	120000
1310	44	300			360			1000	120000
1311	56	21			25			1000	60000
1311	39	86			103			1000	80000
1311	38	86			103			1000	80000
1311	11	86		86	103		103	1000	100000
1311	25	1720			2064			1000	100000
1311	42	86			103			1000	100000
1311	27	430			516			1000	120000
1311	16	1000	86		1000	103		1000	120000
1311	45	86			103			1000	120000
1311	44	344			412			1000	120000
1312	56	24			29			1000	60000
1312	39	99			118			1000	80000
1312	38	99			118			1000	80000
1312	11	99		99	118		118	1000	100000
1312	25	1980			2376			1000	100000
1312	42	99			118			1000	100000
1312	27	495			594			1000	120000
1312	16	1000	99		1000	118		1000	120000
1312	45	99			118			1000	120000
1312	44	396			475			1000	120000
1313	56	28			33			1000	60000
1313	39	113			135			1000	80000
1313	38	113			135			1000	80000
1313	11	113		113	135		135	1000	100000
1313	25	2260			2712			1000	100000
1313	42	113			135			1000	100000
1313	27	565			678			1000	120000
1313	16	1000	113		1000	135		1000	120000
1313	45	113			135			1000	120000
1313	44	452			542			1000	120000
1314	56	32			38			1000	60000
1314	39	128			153			1000	80000
1314	38	128			153			1000	80000
1314	11	128		128	153		153	1000	100000
1314	25	2560			3072			1000	100000
1314	42	128			153			1000	100000
1314	27	640			768			1000	120000
1314	16	1000	128		1000	153		1000	120000
1314	45	128			153			1000	120000
1314	44	512			614			1000	120000
1315	56	36			43			1000	60000
1315	39	145			174			1000	80000
1315	38	145			174			1000	80000
1315	11	145		145	174		174	1000	100000
1315	25	2900			3480			1000	100000
1315	42	145			174			1000	100000
1315	27	725			870			1000	120000
1315	16	1000	145		1000	174		1000	120000
1315	45	145			174			1000	120000
1315	44	580			696			1000	120000
1316	56	40			48			1000	60000
1316	39	163			195			1000	80000
1316	38	163			195			1000	80000
1316	11	163		163	195		195	1000	100000
1316	25	3260			3912			1000	100000
1316	42	163			195			1000	100000
1316	27	815			978			1000	120000
1316	16	1000	163		1000	195		1000	120000
1316	45	163			195			1000	120000
1316	44	652			782			1000	120000
1317	56	46			55			1000	60000
1317	39	185			222			1000	80000
1317	38	185			222			1000	80000
1317	11	185		185	222		222	1000	100000
1317	25	3700			4440			1000	100000
1317	42	185			222			1000	100000
1317	27	925			1110			1000	120000
1317	16	1000	185		1000	222		1000	120000
1317	45	185			222			1000	120000
1317	44	740			888			1000	120000
1318	56	52			62			1000	60000
1318	39	209			250			1000	80000
1318	38	209			250			1000	80000
1318	11	209		209	250		250	1000	100000
1318	25	4180			5016			1000	100000
1318	42	209			250			1000	100000
1318	27	1045			1254			1000	120000
1318	16	1000	209		1000	250		1000	120000
1318	45	209			250			1000	120000
1318	44	836			1003			1000	120000
1319	56	59			70			1000	60000
1319	39	236			283			1000	80000
1319	38	236			283			1000	80000
1319	11	236		236	283		283	1000	100000
1319	25	4720			5664			1000	100000
1319	42	236			283			1000	100000
1319	27	1180			1416			1000	120000
1319	16	1000	236		1000	283		1000	120000
1319	45	236			283			1000	120000
1319	44	944			1132			1000	120000
1320	56	66			80			1000	60000
1320	39	267			320			1000	80000
1320	38	267			320			1000	80000
1320	11	267		267	320		320	1000	100000
1320	25	5340			6408			1000	100000
1320	42	267			320			1000	100000
1320	27	1335			1602			1000	120000
1320	16	1000	267		1000	320		1000	120000
1320	45	267			320			1000	120000
1320	44	1068			1281			1000	120000
2101	53	3			3			1000	60000
2101	13	12			14			1000	80000
2101	12	12			14			1000	80000
2101	11	12		12	14		14	1000	100000
2101	25	256			288			1000	100000
2101	33	25			28			1000	100000
2101	28	64			72			1000	120000
2101	17	1000	12		1000	14		1000	120000
2101	26	256			288			1000	120000
2101	24	12			14			1000	120000
2102	53	3			4			1000	60000
2102	13	15			17			1000	80000
2102	12	15			17			1000	80000
2102	11	15		15	17		17	1000	100000
2102	25	304			342			1000	100000
2102	33	30			34			1000	100000
2102	28	76			85			1000	120000
2102	17	1000	15		1000	17		1000	120000
2102	26	304			342			1000	120000
2102	24	15			17			1000	120000
2103	53	4			5			1000	60000
2103	13	18			20			1000	80000
2103	12	18			20			1000	80000
2103	11	18		18	20		20	1000	100000
2103	25	368			414			1000	100000
2103	33	36			41			1000	100000
2103	28	92			103			1000	120000
2103	17	1000	18		1000	20		1000	120000
2103	26	368			414			1000	120000
2103	24	18			20			1000	120000
2104	53	5			6			1000	60000
2104	13	21			24			1000	80000
2104	12	21			24			1000	80000
2104	11	21		21	24		24	1000	100000
2104	25	432			486			1000	100000
2104	33	43			48			1000	100000
2104	28	108			121			1000	120000
2104	17	1000	21		1000	24		1000	120000
2104	26	432			486			1000	120000
2104	24	21			24			1000	120000
2105	53	6			7			1000	60000
2105	13	26			29			1000	80000
2105	12	26			29			1000	80000
2105	11	26		26	29		29	1000	100000
2105	25	528			594			1000	100000
2105	33	52			59			1000	100000
2105	28	132			148			1000	120000
2105	17	1000	26		1000	29		1000	120000
2105	26	528			594			1000	120000
2105	24	26			29			1000	120000
2106	53	7			8			1000	60000
2106	13	31			35			1000	80000
2106	12	31			35			1000	80000
2106	11	31		31	35		35	1000	100000
2106	25	624			702			1000	100000
2106	33	62			70			1000	100000
2106	28	156			175			1000	120000
2106	17	1000	31		1000	35		1000	120000
2106	26	624			702			1000	120000
2106	24	31			35			1000	120000
2107	53	9			10			1000	60000
2107	13	37			42			1000	80000
2107	12	37			42			1000	80000
2107	11	37		37	42		42	1000	100000
2107	25	752			846			1000	100000
2107	33	75			84			1000	100000
2107	28	188			211			1000	120000
2107	17	1000	37		1000	42		1000	120000
2107	26	752			846			1000	120000
2107	24	37			42			1000	120000
2108	53	11			12			1000	60000
2108	13	44			49			1000	80000
2108	12	44			49			1000	80000
2108	11	44		44	49		49	1000	100000
2108	25	880			990			1000	100000
2108	33	88			99			1000	100000
2108	28	220			247			1000	120000
2108	17	1000	44		1000	49		1000	120000
2108	26	880			990			1000	120000
2108	24	44			49			1000	120000
2109	53	13			14			1000	60000
2109	13	52			58			1000	80000
2109	12	52			58			1000	80000
2109	11	52		52	58		58	1000	100000
2109	25	1040			1170			1000	100000
2109	33	104			117			1000	100000
2109	28	260			292			1000	120000
2109	17	1000	52		1000	58		1000	120000
2109	26	1040			1170			1000	120000
2109	24	52			58			1000	120000
2110	53	15			16			1000	60000
2110	13	60			67			1000	80000
2110	12	60			67			1000	80000
2110	11	60		60	67		67	1000	100000
2110	25	1200			1350			1000	100000
2110	33	120			135			1000	100000
2110	28	300			337			1000	120000
2110	17	1000	60		1000	67		1000	120000
2110	26	1200			1350			1000	120000
2110	24	60			67			1000	120000
2111	53	17			19			1000	60000
2111	13	68			77			1000	80000
2111	12	68			77			1000	80000
2111	11	68		68	77		77	1000	100000
2111	25	1376			1548			1000	100000
2111	33	137			154			1000	100000
2111	28	344			387			1000	120000
2111	17	1000	68		1000	77		1000	120000
2111	26	1376			1548			1000	120000
2111	24	68			77			1000	120000
2112	53	19			22			1000	60000
2112	13	79			89			1000	80000
2112	12	79			89			1000	80000
2112	11	79		79	89		89	1000	100000
2112	25	1584			1782			1000	100000
2112	33	158			178			1000	100000
2112	28	396			445			1000	120000
2112	17	1000	79		1000	89		1000	120000
2112	26	1584			1782			1000	120000
2112	24	79			89			1000	120000
2113	53	22			25			1000	60000
2113	13	90			101			1000	80000
2113	12	90			101			1000	80000
2113	11	90		90	101		101	1000	100000
2113	25	1808			2034			1000	100000
2113	33	180			203			1000	100000
2113	28	452			508			1000	120000
2113	17	1000	90		1000	101		1000	120000
2113	26	1808			2034			1000	120000
2113	24	90			101			1000	120000
2114	53	25			28			1000	60000
2114	13	102			115			1000	80000
2114	12	102			115			1000	80000
2114	11	102		102	115		115	1000	100000
2114	25	2048			2304			1000	100000
2114	33	204			230			1000	100000
2114	28	512			576			1000	120000
2114	17	1000	102		1000	115		1000	120000
2114	26	2048			2304			1000	120000
2114	24	102			115			1000	120000
2115	53	29			32			1000	60000
2115	13	116			130			1000	80000
2115	12	116			130			1000	80000
2115	11	116		116	130		130	1000	100000
2115	25	2320			2610			1000	100000
2115	33	232			261			1000	100000
2115	28	580			652			1000	120000
2115	17	1000	116		1000	130		1000	120000
2115	26	2320			2610			1000	120000
2115	24	116			130			1000	120000
2116	53	32			36			1000	60000
2116	13	130			146			1000	80000
2116	12	130			146			1000	80000
2116	11	130		130	146		146	1000	100000
2116	25	2608			2934			1000	100000
2116	33	260			293			1000	100000
2116	28	652			733			1000	120000
2116	17	1000	130		1000	146		1000	120000
2116	26	2608			2934			1000	120000
2116	24	130			146			1000	120000
2117	53	37			41			1000	60000
2117	13	148			166			1000	80000
2117	12	148			166			1000	80000
2117	11	148		148	166		166	1000	100000
2117	25	2960			3330			1000	100000
2117	33	296			333			1000	100000
2117	28	740			832			1000	120000
2117	17	1000	148		1000	166		1000	120000
2117	26	2960			3330			1000	120000
2117	24	148			166			1000	120000
2118	53	41			47			1000	60000
2118	13	167			188			1000	80000
2118	12	167			188			1000	80000
2118	11	167		167	188		188	1000	100000
2118	25	3344			3762			1000	100000
2118	33	334			376			1000	100000
2118	28	836			940			1000	120000
2118	17	1000	167		1000	188		1000	120000
2118	26	3344			3762			1000	120000
2118	24	167			188			1000	120000
2119	53	47			53			1000	60000
2119	13	188			212			1000	80000
2119	12	188			212			1000	80000
2119	11	188		188	212		212	1000	100000
2119	25	3776			4248			1000	100000
2119	33	377			424			1000	100000
2119	28	944			1062			1000	120000
2119	17	1000	188		1000	212		1000	120000
2119	26	3776			4248			1000	120000
2119	24	188			212			1000	120000
2120	53	53			60			1000	60000
2120	13	213			240			1000	80000
2120	12	213			240			1000	80000
2120	11	213		213	240		240	1000	100000
2120	25	4272			4806			1000	100000
2120	33	427			480			1000	100000
2120	28	1068			1201			1000	120000
2120	17	1000	213		1000	240		1000	120000
2120	26	4272			4806			1000	120000
2120	24	213			240			1000	120000
2201	53	3			4			1000	60000
2201	13	14			16			1000	80000
2201	12	14			16			1000	80000
2201	11	14		14	16		16	1000	100000
2201	25	288			320			1000	100000
2201	33	28			32			1000	100000
2201	28	72			80			1000	120000
2201	17	1000	14		1000	16		1000	120000
2201	26	288			320			1000	120000
2201	24	14			16			1000	120000
2202	53	4			4			1000	60000
2202	13	17			19			1000	80000
2202	12	17			19			1000	80000
2202	11	17		17	19		19	1000	100000
2202	25	342			380			1000	100000
2202	33	34			38			1000	100000
2202	28	85			95			1000	120000
2202	17	1000	17		1000	19		1000	120000
2202	26	342			380			1000	120000
2202	24	17			19			1000	120000
2203	53	5			5			1000	60000
2203	13	20			23			1000	80000
2203	12	20			23			1000	80000
2203	11	20		20	23		23	1000	100000
2203	25	414			460			1000	100000
2203	33	41			46			1000	100000
2203	28	103			115			1000	120000
2203	17	1000	20		1000	23		1000	120000
2203	26	414			460			1000	120000
2203	24	20			23			1000	120000
2204	53	6			6			1000	60000
2204	13	24			27			1000	80000
2204	12	24			27			1000	80000
2204	11	24		24	27		27	1000	100000
2204	25	486			540			1000	100000
2204	33	48			54			1000	100000
2204	28	121			135			1000	120000
2204	17	1000	24		1000	27		1000	120000
2204	26	486			540			1000	120000
2204	24	24			27			1000	120000
2205	53	7			8			1000	60000
2205	13	29			33			1000	80000
2205	12	29			33			1000	80000
2205	11	29		29	33		33	1000	100000
2205	25	594			660			1000	100000
2205	33	59			66			1000	100000
2205	28	148			165			1000	120000
2205	17	1000	29		1000	33		1000	120000
2205	26	594			660			1000	120000
2205	24	29			33			1000	120000
2206	53	8			9			1000	60000
2206	13	35			39			1000	80000
2206	12	35			39			1000	80000
2206	11	35		35	39		39	1000	100000
2206	25	702			780			1000	100000
2206	33	70			78			1000	100000
2206	28	175			195			1000	120000
2206	17	1000	35		1000	39		1000	120000
2206	26	702			780			1000	120000
2206	24	35			39			1000	120000
2207	53	10			11			1000	60000
2207	13	42			47			1000	80000
2207	12	42			47			1000	80000
2207	11	42		42	47		47	1000	100000
2207	25	846			940			1000	100000
2207	33	84			94			1000	100000
2207	28	211			235			1000	120000
2207	17	1000	42		1000	47		1000	120000
2207	26	846			940			1000	120000
2207	24	42			47			1000	120000
2208	53	12			13			1000	60000
2208	13	49			55			1000	80000
2208	12	49			55			1000	80000
2208	11	49		49	55		55	1000	100000
2208	25	990			1100			1000	100000
2208	33	99			110			1000	100000
2208	28	247			275			1000	120000
2208	17	1000	49		1000	55		1000	120000
2208	26	990			1100			1000	120000
2208	24	49			55			1000	120000
2209	53	14			16			1000	60000
2209	13	58			65			1000	80000
2209	12	58			65			1000	80000
2209	11	58		58	65		65	1000	100000
2209	25	1170			1300			1000	100000
2209	33	117			130			1000	100000
2209	28	292			325			1000	120000
2209	17	1000	58		1000	65		1000	120000
2209	26	1170			1300			1000	120000
2209	24	58			65			1000	120000
2210	53	16			18			1000	60000
2210	13	67			75			1000	80000
2210	12	67			75			1000	80000
2210	11	67		67	75		75	1000	100000
2210	25	1350			1500			1000	100000
2210	33	135			150			1000	100000
2210	28	337			375			1000	120000
2210	17	1000	67		1000	75		1000	120000
2210	26	1350			1500			1000	120000
2210	24	67			75			1000	120000
2211	53	19			21			1000	60000
2211	13	77			86			1000	80000
2211	12	77			86			1000	80000
2211	11	77		77	86		86	1000	100000
2211	25	1548			1720			1000	100000
2211	33	154			172			1000	100000
2211	28	387			430			1000	120000
2211	17	1000	77		1000	86		1000	120000
2211	26	1548			1720			1000	120000
2211	24	77			86			1000	120000
2212	53	22			24			1000	60000
2212	13	89			99			1000	80000
2212	12	89			99			1000	80000
2212	11	89		89	99		99	1000	100000
2212	25	1782			1980			1000	100000
2212	33	178			198			1000	100000
2212	28	445			495			1000	120000
2212	17	1000	89		1000	99		1000	120000
2212	26	1782			1980			1000	120000
2212	24	89			99			1000	120000
2213	53	25			28			1000	60000
2213	13	101			113			1000	80000
2213	12	101			113			1000	80000
2213	11	101		101	113		113	1000	100000
2213	25	2034			2260			1000	100000
2213	33	203			226			1000	100000
2213	28	508			565			1000	120000
2213	17	1000	101		1000	113		1000	120000
2213	26	2034			2260			1000	120000
2213	24	101			113			1000	120000
2214	53	28			32			1000	60000
2214	13	115			128			1000	80000
2214	12	115			128			1000	80000
2214	11	115		115	128		128	1000	100000
2214	25	2304			2560			1000	100000
2214	33	230			256			1000	100000
2214	28	576			640			1000	120000
2214	17	1000	115		1000	128		1000	120000
2214	26	2304			2560			1000	120000
2214	24	115			128			1000	120000
2215	53	32			36			1000	60000
2215	13	130			145			1000	80000
2215	12	130			145			1000	80000
2215	11	130		130	145		145	1000	100000
2215	25	2610			2900			1000	100000
2215	33	261			290			1000	100000
2215	28	652			725			1000	120000
2215	17	1000	130		1000	145		1000	120000
2215	26	2610			2900			1000	120000
2215	24	130			145			1000	120000
2216	53	36			40			1000	60000
2216	13	146			163			1000	80000
2216	12	146			163			1000	80000
2216	11	146		146	163		163	1000	100000
2216	25	2934			3260			1000	100000
2216	33	293			326			1000	100000
2216	28	733			815			1000	120000
2216	17	1000	146		1000	163		1000	120000
2216	26	2934			3260			1000	120000
2216	24	146			163			1000	120000
2217	53	41			46			1000	60000
2217	13	166			185			1000	80000
2217	12	166			185			1000	80000
2217	11	166		166	185		185	1000	100000
2217	25	3330			3700			1000	100000
2217	33	333			370			1000	100000
2217	28	832			925			1000	120000
2217	17	1000	166		1000	185		1000	120000
2217	26	3330			3700			1000	120000
2217	24	166			185			1000	120000
2218	53	47			52			1000	60000
2218	13	188			209			1000	80000
2218	12	188			209			1000	80000
2218	11	188		188	209		209	1000	100000
2218	25	3762			4180			1000	100000
2218	33	376			418			1000	100000
2218	28	940			1045			1000	120000
2218	17	1000	188		1000	209		1000	120000
2218	26	3762			4180			1000	120000
2218	24	188			209			1000	120000
2219	53	53			59			1000	60000
2219	13	212			236			1000	80000
2219	12	212			236			1000	80000
2219	11	212		212	236		236	1000	100000
2219	25	4248			4720			1000	100000
2219	33	424			472			1000	100000
2219	28	1062			1180			1000	120000
2219	17	1000	212		1000	236		1000	120000
2219	26	4248			4720			1000	120000
2219	24	212			236			1000	120000
2220	53	60			66			1000	60000
2220	13	240			267			1000	80000
2220	12	240			267			1000	80000
2220	11	240		240	267		267	1000	100000
2220	25	4806			5340			1000	100000
2220	33	480			534			1000	100000
2220	28	1201			1335			1000	120000
2220	17	1000	240		1000	267		1000	120000
2220	26	4806			5340			1000	120000
2220	24	240			267			1000	120000
2301	53	4			4			1000	60000
2301	13	16			19			1000	80000
2301	12	16			19			1000	80000
2301	11	16		16	19		19	1000	100000
2301	25	320			384			1000	100000
2301	33	32			38			1000	100000
2301	28	80			96			1000	120000
2301	17	1000	16		1000	19		1000	120000
2301	26	320			384			1000	120000
2301	24	16			19			1000	120000
2302	53	4			5			1000	60000
2302	13	19			22			1000	80000
2302	12	19			22			1000	80000
2302	11	19		19	22		22	1000	100000
2302	25	380			456			1000	100000
2302	33	38			45			1000	100000
2302	28	95			114			1000	120000
2302	17	1000	19		1000	22		1000	120000
2302	26	380			456			1000	120000
2302	24	19			22			1000	120000
2303	53	5			6			1000	60000
2303	13	23			27			1000	80000
2303	12	23			27			1000	80000
2303	11	23		23	27		27	1000	100000
2303	25	460			552			1000	100000
2303	33	46			55			1000	100000
2303	28	115			138			1000	120000
2303	17	1000	23		1000	27		1000	120000
2303	26	460			552			1000	120000
2303	24	23			27			1000	120000
2304	53	6			8			1000	60000
2304	13	27			32			1000	80000
2304	12	27			32			1000	80000
2304	11	27		27	32		32	1000	100000
2304	25	540			648			1000	100000
2304	33	54			64			1000	100000
2304	28	135			162			1000	120000
2304	17	1000	27		1000	32		1000	120000
2304	26	540			648			1000	120000
2304	24	27			32			1000	120000
2305	53	8			9			1000	60000
2305	13	33			39			1000	80000
2305	12	33			39			1000	80000
2305	11	33		33	39		39	1000	100000
2305	25	660			792			1000	100000
2305	33	66			79			1000	100000
2305	28	165			198			1000	120000
2305	17	1000	33		1000	39		1000	120000
2305	26	660			792			1000	120000
2305	24	33			39			1000	120000
2306	53	9			11			1000	60000
2306	13	39			46			1000	80000
2306	12	39			46			1000	80000
2306	11	39		39	46		46	1000	100000
2306	25	780			936			1000	100000
2306	33	78			93			1000	100000
2306	28	195			234			1000	120000
2306	17	1000	39		1000	46		1000	120000
2306	26	780			936			1000	120000
2306	24	39			46			1000	120000
2307	53	11			14			1000	60000
2307	13	47			56			1000	80000
2307	12	47			56			1000	80000
2307	11	47		47	56		56	1000	100000
2307	25	940			1128			1000	100000
2307	33	94			112			1000	100000
2307	28	235			282			1000	120000
2307	17	1000	47		1000	56		1000	120000
2307	26	940			1128			1000	120000
2307	24	47			56			1000	120000
2308	53	13			16			1000	60000
2308	13	55			66			1000	80000
2308	12	55			66			1000	80000
2308	11	55		55	66		66	1000	100000
2308	25	1100			1320			1000	100000
2308	33	110			132			1000	100000
2308	28	275			330			1000	120000
2308	17	1000	55		1000	66		1000	120000
2308	26	1100			1320			1000	120000
2308	24	55			66			1000	120000
2309	53	16			19			1000	60000
2309	13	65			78			1000	80000
2309	12	65			78			1000	80000
2309	11	65		65	78		78	1000	100000
2309	25	1300			1560			1000	100000
2309	33	130			156			1000	100000
2309	28	325			390			1000	120000
2309	17	1000	65		1000	78		1000	120000
2309	26	1300			1560			1000	120000
2309	24	65			78			1000	120000
2310	53	18			22			1000	60000
2310	13	75			90			1000	80000
2310	12	75			90			1000	80000
2310	11	75		75	90		90	1000	100000
2310	25	1500			1800			1000	100000
2310	33	150			180			1000	100000
2310	28	375			450			1000	120000
2310	17	1000	75		1000	90		1000	120000
2310	26	1500			1800			1000	120000
2310	24	75			90			1000	120000
2311	53	21			25			1000	60000
2311	13	86			103			1000	80000
2311	12	86			103			1000	80000
2311	11	86		86	103		103	1000	100000
2311	25	1720			2064			1000	100000
2311	33	172			206			1000	100000
2311	28	430			516			1000	120000
2311	17	1000	86		1000	103		1000	120000
2311	26	1720			2064			1000	120000
2311	24	86			103			1000	120000
2312	53	24			29			1000	60000
2312	13	99			118			1000	80000
2312	12	99			118			1000	80000
2312	11	99		99	118		118	1000	100000
2312	25	1980			2376			1000	100000
2312	33	198			237			1000	100000
2312	28	495			594			1000	120000
2312	17	1000	99		1000	118		1000	120000
2312	26	1980			2376			1000	120000
2312	24	99			118			1000	120000
2313	53	28			33			1000	60000
2313	13	113			135			1000	80000
2313	12	113			135			1000	80000
2313	11	113		113	135		135	1000	100000
2313	25	2260			2712			1000	100000
2313	33	226			271			1000	100000
2313	28	565			678			1000	120000
2313	17	1000	113		1000	135		1000	120000
2313	26	2260			2712			1000	120000
2313	24	113			135			1000	120000
2314	53	32			38			1000	60000
2314	13	128			153			1000	80000
2314	12	128			153			1000	80000
2314	11	128		128	153		153	1000	100000
2314	25	2560			3072			1000	100000
2314	33	256			307			1000	100000
2314	28	640			768			1000	120000
2314	17	1000	128		1000	153		1000	120000
2314	26	2560			3072			1000	120000
2314	24	128			153			1000	120000
2315	53	36			43			1000	60000
2315	13	145			174			1000	80000
2315	12	145			174			1000	80000
2315	11	145		145	174		174	1000	100000
2315	25	2900			3480			1000	100000
2315	33	290			348			1000	100000
2315	28	725			870			1000	120000
2315	17	1000	145		1000	174		1000	120000
2315	26	2900			3480			1000	120000
2315	24	145			174			1000	120000
2316	53	40			48			1000	60000
2316	13	163			195			1000	80000
2316	12	163			195			1000	80000
2316	11	163		163	195		195	1000	100000
2316	25	3260			3912			1000	100000
2316	33	326			391			1000	100000
2316	28	815			978			1000	120000
2316	17	1000	163		1000	195		1000	120000
2316	26	3260			3912			1000	120000
2316	24	163			195			1000	120000
2317	53	46			55			1000	60000
2317	13	185			222			1000	80000
2317	12	185			222			1000	80000
2317	11	185		185	222		222	1000	100000
2317	25	3700			4440			1000	100000
2317	33	370			444			1000	100000
2317	28	925			1110			1000	120000
2317	17	1000	185		1000	222		1000	120000
2317	26	3700			4440			1000	120000
2317	24	185			222			1000	120000
2318	53	52			62			1000	60000
2318	13	209			250			1000	80000
2318	12	209			250			1000	80000
2318	11	209		209	250		250	1000	100000
2318	25	4180			5016			1000	100000
2318	33	418			501			1000	100000
2318	28	1045			1254			1000	120000
2318	17	1000	209		1000	250		1000	120000
2318	26	4180			5016			1000	120000
2318	24	209			250			1000	120000
2319	53	59			70			1000	60000
2319	13	236			283			1000	80000
2319	12	236			283			1000	80000
2319	11	236		236	283		283	1000	100000
2319	25	4720			5664			1000	100000
2319	33	472			566			1000	100000
2319	28	1180			1416			1000	120000
2319	17	1000	236		1000	283		1000	120000
2319	26	4720			5664			1000	120000
2319	24	236			283			1000	120000
2320	53	66			80			1000	60000
2320	13	267			320			1000	80000
2320	12	267			320			1000	80000
2320	11	267		267	320		320	1000	100000
2320	25	5340			6408			1000	100000
2320	33	534			640			1000	100000
2320	28	1335			1602			1000	120000
2320	17	1000	267		1000	320		1000	120000
2320	26	5340			6408			1000	120000
2320	24	267			320			1000	120000
3101	55	3			3			1000	60000
3101	21	12			14			1000	80000
3101	46	1000	12		1000	14		1000	80000
3101	11	12		12	14		14	1000	100000
3101	25	256			288			1000	100000
3101	40	12			14			1000	100000
3101	29	64			72			1000	120000
3101	18	1000	12		1000	14		1000	120000
3101	37	1			1			1000	120000
3101	22	51			57			1000	120000
3102	55	3			4			1000	60000
3102	21	15			17			1000	80000
3102	46	1000	15		1000	17		1000	80000
3102	11	15		15	17		17	1000	100000
3102	25	304			342			1000	100000
3102	40	15			17			1000	100000
3102	29	76			85			1000	120000
3102	18	1000	15		1000	17		1000	120000
3102	37	1			1			1000	120000
3102	22	60			68			1000	120000
3103	55	4			5			1000	60000
3103	21	18			20			1000	80000
3103	46	1000	18		1000	20		1000	80000
3103	11	18		18	20		20	1000	100000
3103	25	368			414			1000	100000
3103	40	18			20			1000	100000
3103	29	92			103			1000	120000
3103	18	1000	18		1000	20		1000	120000
3103	37	1			1			1000	120000
3103	22	73			82			1000	120000
3104	55	5			6			1000	60000
3104	21	21			24			1000	80000
3104	46	1000	21		1000	24		1000	80000
3104	11	21		21	24		24	1000	100000
3104	25	432			486			1000	100000
3104	40	21			24			1000	100000
3104	29	108			121			1000	120000
3104	18	1000	21		1000	24		1000	120000
3104	37	1			1			1000	120000
3104	22	86			97			1000	120000
3105	55	6			7			1000	60000
3105	21	26			29			1000	80000
3105	46	1000	26		1000	29		1000	80000
3105	11	26		26	29		29	1000	100000
3105	25	528			594			1000	100000
3105	40	26			29			1000	100000
3105	29	132			148			1000	120000
3105	18	1000	26		1000	29		1000	120000
3105	37	2			2			1000	120000
3105	22	105			118			1000	120000
3106	55	7			8			1000	60000
3106	21	31			35			1000	80000
3106	46	1000	31		1000	35		1000	80000
3106	11	31		31	35		35	1000	100000
3106	25	624			702			1000	100000
3106	40	31			35			1000	100000
3106	29	156			175			1000	120000
3106	18	1000	31		1000	35		1000	120000
3106	37	2			2			1000	120000
3106	22	124			140			1000	120000
3107	55	9			10			1000	60000
3107	21	37			42			1000	80000
3107	46	1000	37		1000	42		1000	80000
3107	11	37		37	42		42	1000	100000
3107	25	752			846			1000	100000
3107	40	37			42			1000	100000
3107	29	188			211			1000	120000
3107	18	1000	37		1000	42		1000	120000
3107	37	3			3			1000	120000
3107	22	150			169			1000	120000
3108	55	11			12			1000	60000
3108	21	44			49			1000	80000
3108	46	1000	44		1000	49		1000	80000
3108	11	44		44	49		49	1000	100000
3108	25	880			990			1000	100000
3108	40	44			49			1000	100000
3108	29	220			247			1000	120000
3108	18	1000	44		1000	49		1000	120000
3108	37	3			3			1000	120000
3108	22	176			198			1000	120000
3109	55	13			14			1000	60000
3109	21	52			58			1000	80000
3109	46	1000	52		1000	58		1000	80000
3109	11	52		52	58		58	1000	100000
3109	25	1040			1170			1000	100000
3109	40	52			58			1000	100000
3109	29	260			292			1000	120000
3109	18	1000	52		1000	58		1000	120000
3109	37	4			4			1000	120000
3109	22	208			234			1000	120000
3110	55	15			16			1000	60000
3110	21	60			67			1000	80000
3110	46	1000	60		1000	67		1000	80000
3110	11	60		60	67		67	1000	100000
3110	25	1200			1350			1000	100000
3110	40	60			67			1000	100000
3110	29	300			337			1000	120000
3110	18	1000	60		1000	67		1000	120000
3110	37	4			5			1000	120000
3110	22	240			270			1000	120000
3111	55	17			19			1000	60000
3111	21	68			77			1000	80000
3111	46	1000	68		1000	77		1000	80000
3111	11	68		68	77		77	1000	100000
3111	25	1376			1548			1000	100000
3111	40	68			77			1000	100000
3111	29	344			387			1000	120000
3111	18	1000	68		1000	77		1000	120000
3111	37	5			6			1000	120000
3111	22	275			309			1000	120000
3112	55	19			22			1000	60000
3112	21	79			89			1000	80000
3112	46	1000	79		1000	89		1000	80000
3112	11	79		79	89		89	1000	100000
3112	25	1584			1782			1000	100000
3112	40	79			89			1000	100000
3112	29	396			445			1000	120000
3112	18	1000	79		1000	89		1000	120000
3112	37	6			7			1000	120000
3112	22	316			356			1000	120000
3113	55	22			25			1000	60000
3113	21	90			101			1000	80000
3113	46	1000	90		1000	101		1000	80000
3113	11	90		90	101		101	1000	100000
3113	25	1808			2034			1000	100000
3113	40	90			101			1000	100000
3113	29	452			508			1000	120000
3113	18	1000	90		1000	101		1000	120000
3113	37	7			8			1000	120000
3113	22	361			406			1000	120000
3114	55	25			28			1000	60000
3114	21	102			115			1000	80000
3114	46	1000	102		1000	115		1000	80000
3114	11	102		102	115		115	1000	100000
3114	25	2048			2304			1000	100000
3114	40	102			115			1000	100000
3114	29	512			576			1000	120000
3114	18	1000	102		1000	115		1000	120000
3114	37	8			9			1000	120000
3114	22	409			460			1000	120000
3115	55	29			32			1000	60000
3115	21	116			130			1000	80000
3115	46	1000	116		1000	130		1000	80000
3115	11	116		116	130		130	1000	100000
3115	25	2320			2610			1000	100000
3115	40	116			130			1000	100000
3115	29	580			652			1000	120000
3115	18	1000	116		1000	130		1000	120000
3115	37	9			10			1000	120000
3115	22	464			522			1000	120000
3116	55	32			36			1000	60000
3116	21	130			146			1000	80000
3116	46	1000	130		1000	146		1000	80000
3116	11	130		130	146		146	1000	100000
3116	25	2608			2934			1000	100000
3116	40	130			146			1000	100000
3116	29	652			733			1000	120000
3116	18	1000	130		1000	146		1000	120000
3116	37	10			11			1000	120000
3116	22	521			586			1000	120000
3117	55	37			41			1000	60000
3117	21	148			166			1000	80000
3117	46	1000	148		1000	166		1000	80000
3117	11	148		148	166		166	1000	100000
3117	25	2960			3330			1000	100000
3117	40	148			166			1000	100000
3117	29	740			832			1000	120000
3117	18	1000	148		1000	166		1000	120000
3117	37	11			13			1000	120000
3117	22	592			666			1000	120000
3118	55	41			47			1000	60000
3118	21	167			188			1000	80000
3118	46	1000	167		1000	188		1000	80000
3118	11	167		167	188		188	1000	100000
3118	25	3344			3762			1000	100000
3118	40	167			188			1000	100000
3118	29	836			940			1000	120000
3118	18	1000	167		1000	188		1000	120000
3118	37	13			15			1000	120000
3118	22	668			752			1000	120000
3119	55	47			53			1000	60000
3119	21	188			212			1000	80000
3119	46	1000	188		1000	212		1000	80000
3119	11	188		188	212		212	1000	100000
3119	25	3776			4248			1000	100000
3119	40	188			212			1000	100000
3119	29	944			1062			1000	120000
3119	18	1000	188		1000	212		1000	120000
3119	37	15			16			1000	120000
3119	22	755			849			1000	120000
3120	55	53			60			1000	60000
3120	21	213			240			1000	80000
3120	46	1000	213		1000	240		1000	80000
3120	11	213		213	240		240	1000	100000
3120	25	4272			4806			1000	100000
3120	40	213			240			1000	100000
3120	29	1068			1201			1000	120000
3120	18	1000	213		1000	240		1000	120000
3120	37	17			19			1000	120000
3120	22	854			961			1000	120000
3201	55	3			4			1000	60000
3201	21	14			16			1000	80000
3201	46	1000	14		1000	16		1000	80000
3201	11	14		14	16		16	1000	100000
3201	25	288			320			1000	100000
3201	40	14			16			1000	100000
3201	29	72			80			1000	120000
3201	18	1000	14		1000	16		1000	120000
3201	37	1			1			1000	120000
3201	22	57			64			1000	120000
3202	55	4			4			1000	60000
3202	21	17			19			1000	80000
3202	46	1000	17		1000	19		1000	80000
3202	11	17		17	19		19	1000	100000
3202	25	342			380			1000	100000
3202	40	17			19			1000	100000
3202	29	85			95			1000	120000
3202	18	1000	17		1000	19		1000	120000
3202	37	1			1			1000	120000
3202	22	68			76			1000	120000
3203	55	5			5			1000	60000
3203	21	20			23			1000	80000
3203	46	1000	20		1000	23		1000	80000
3203	11	20		20	23		23	1000	100000
3203	25	414			460			1000	100000
3203	40	20			23			1000	100000
3203	29	103			115			1000	120000
3203	18	1000	20		1000	23		1000	120000
3203	37	1			1			1000	120000
3203	22	82			92			1000	120000
3204	55	6			6			1000	60000
3204	21	24			27			1000	80000
3204	46	1000	24		1000	27		1000	80000
3204	11	24		24	27		27	1000	100000
3204	25	486			540			1000	100000
3204	40	24			27			1000	100000
3204	29	121			135			1000	120000
3204	18	1000	24		1000	27		1000	120000
3204	37	1			2			1000	120000
3204	22	97			108			1000	120000
3205	55	7			8			1000	60000
3205	21	29			33			1000	80000
3205	46	1000	29		1000	33		1000	80000
3205	11	29		29	33		33	1000	100000
3205	25	594			660			1000	100000
3205	40	29			33			1000	100000
3205	29	148			165			1000	120000
3205	18	1000	29		1000	33		1000	120000
3205	37	2			2			1000	120000
3205	22	118			132			1000	120000
3206	55	8			9			1000	60000
3206	21	35			39			1000	80000
3206	46	1000	35		1000	39		1000	80000
3206	11	35		35	39		39	1000	100000
3206	25	702			780			1000	100000
3206	40	35			39			1000	100000
3206	29	175			195			1000	120000
3206	18	1000	35		1000	39		1000	120000
3206	37	2			3			1000	120000
3206	22	140			156			1000	120000
3207	55	10			11			1000	60000
3207	21	42			47			1000	80000
3207	46	1000	42		1000	47		1000	80000
3207	11	42		42	47		47	1000	100000
3207	25	846			940			1000	100000
3207	40	42			47			1000	100000
3207	29	211			235			1000	120000
3207	18	1000	42		1000	47		1000	120000
3207	37	3			3			1000	120000
3207	22	169			188			1000	120000
3208	55	12			13			1000	60000
3208	21	49			55			1000	80000
3208	46	1000	49		1000	55		1000	80000
3208	11	49		49	55		55	1000	100000
3208	25	990			1100			1000	100000
3208	40	49			55			1000	100000
3208	29	247			275			1000	120000
3208	18	1000	49		1000	55		1000	120000
3208	37	3			4			1000	120000
3208	22	198			220			1000	120000
3209	55	14			16			1000	60000
3209	21	58			65			1000	80000
3209	46	1000	58		1000	65		1000	80000
3209	11	58		58	65		65	1000	100000
3209	25	1170			1300			1000	100000
3209	40	58			65			1000	100000
3209	29	292			325			1000	120000
3209	18	1000	58		1000	65		1000	120000
3209	37	4			5			1000	120000
3209	22	234			260			1000	120000
3210	55	16			18			1000	60000
3210	21	67			75			1000	80000
3210	46	1000	67		1000	75		1000	80000
3210	11	67		67	75		75	1000	100000
3210	25	1350			1500			1000	100000
3210	40	67			75			1000	100000
3210	29	337			375			1000	120000
3210	18	1000	67		1000	75		1000	120000
3210	37	5			6			1000	120000
3210	22	270			300			1000	120000
3211	55	19			21			1000	60000
3211	21	77			86			1000	80000
3211	46	1000	77		1000	86		1000	80000
3211	11	77		77	86		86	1000	100000
3211	25	1548			1720			1000	100000
3211	40	77			86			1000	100000
3211	29	387			430			1000	120000
3211	18	1000	77		1000	86		1000	120000
3211	37	6			6			1000	120000
3211	22	309			344			1000	120000
3212	55	22			24			1000	60000
3212	21	89			99			1000	80000
3212	46	1000	89		1000	99		1000	80000
3212	11	89		89	99		99	1000	100000
3212	25	1782			1980			1000	100000
3212	40	89			99			1000	100000
3212	29	445			495			1000	120000
3212	18	1000	89		1000	99		1000	120000
3212	37	7			7			1000	120000
3212	22	356			396			1000	120000
3213	55	25			28			1000	60000
3213	21	101			113			1000	80000
3213	46	1000	101		1000	113		1000	80000
3213	11	101		101	113		113	1000	100000
3213	25	2034			2260			1000	100000
3213	40	101			113			1000	100000
3213	29	508			565			1000	120000
3213	18	1000	101		1000	113		1000	120000
3213	37	8			9			1000	120000
3213	22	406			452			1000	120000
3214	55	28			32			1000	60000
3214	21	115			128			1000	80000
3214	46	1000	115		1000	128		1000	80000
3214	11	115		115	128		128	1000	100000
3214	25	2304			2560			1000	100000
3214	40	115			128			1000	100000
3214	29	576			640			1000	120000
3214	18	1000	115		1000	128		1000	120000
3214	37	9			10			1000	120000
3214	22	460			512			1000	120000
3215	55	32			36			1000	60000
3215	21	130			145			1000	80000
3215	46	1000	130		1000	145		1000	80000
3215	11	130		130	145		145	1000	100000
3215	25	2610			2900			1000	100000
3215	40	130			145			1000	100000
3215	29	652			725			1000	120000
3215	18	1000	130		1000	145		1000	120000
3215	37	10			11			1000	120000
3215	22	522			580			1000	120000
3216	55	36			40			1000	60000
3216	21	146			163			1000	80000
3216	46	1000	146		1000	163		1000	80000
3216	11	146		146	163		163	1000	100000
3216	25	2934			3260			1000	100000
3216	40	146			163			1000	100000
3216	29	733			815			1000	120000
3216	18	1000	146		1000	163		1000	120000
3216	37	11			13			1000	120000
3216	22	586			652			1000	120000
3217	55	41			46			1000	60000
3217	21	166			185			1000	80000
3217	46	1000	166		1000	185		1000	80000
3217	11	166		166	185		185	1000	100000
3217	25	3330			3700			1000	100000
3217	40	166			185			1000	100000
3217	29	832			925			1000	120000
3217	18	1000	166		1000	185		1000	120000
3217	37	13			14			1000	120000
3217	22	666			740			1000	120000
3218	55	47			52			1000	60000
3218	21	188			209			1000	80000
3218	46	1000	188		1000	209		1000	80000
3218	11	188		188	209		209	1000	100000
3218	25	3762			4180			1000	100000
3218	40	188			209			1000	100000
3218	29	940			1045			1000	120000
3218	18	1000	188		1000	209		1000	120000
3218	37	15			16			1000	120000
3218	22	752			836			1000	120000
3219	55	53			59			1000	60000
3219	21	212			236			1000	80000
3219	46	1000	212		1000	236		1000	80000
3219	11	212		212	236		236	1000	100000
3219	25	4248			4720			1000	100000
3219	40	212			236			1000	100000
3219	29	1062			1180			1000	120000
3219	18	1000	212		1000	236		1000	120000
3219	37	16			18			1000	120000
3219	22	849			944			1000	120000
3220	55	60			66			1000	60000
3220	21	240			267			1000	80000
3220	46	1000	240		1000	267		1000	80000
3220	11	240		240	267		267	1000	100000
3220	25	4806			5340			1000	100000
3220	40	240			267			1000	100000
3220	29	1201			1335			1000	120000
3220	18	1000	240		1000	267		1000	120000
3220	37	19			21			1000	120000
3220	22	961			1068			1000	120000
3301	55	4			4			1000	60000
3301	21	16			19			1000	80000
3301	46	1000	16		1000	19		1000	80000
3301	11	16		16	19		19	1000	100000
3301	25	320			384			1000	100000
3301	40	16			19			1000	100000
3301	29	80			96			1000	120000
3301	18	1000	16		1000	19		1000	120000
3301	37	1			1			1000	120000
3301	22	64			76			1000	120000
3302	55	4			5			1000	60000
3302	21	19			22			1000	80000
3302	46	1000	19		1000	22		1000	80000
3302	11	19		19	22		22	1000	100000
3302	25	380			456			1000	100000
3302	40	19			22			1000	100000
3302	29	95			114			1000	120000
3302	18	1000	19		1000	22		1000	120000
3302	37	1			1			1000	120000
3302	22	76			91			1000	120000
3303	55	5			6			1000	60000
3303	21	23			27			1000	80000
3303	46	1000	23		1000	27		1000	80000
3303	11	23		23	27		27	1000	100000
3303	25	460			552			1000	100000
3303	40	23			27			1000	100000
3303	29	115			138			1000	120000
3303	18	1000	23		1000	27		1000	120000
3303	37	1			2			1000	120000
3303	22	92			110			1000	120000
3304	55	6			8			1000	60000
3304	21	27			32			1000	80000
3304	46	1000	27		1000	32		1000	80000
3304	11	27		27	32		32	1000	100000
3304	25	540			648			1000	100000
3304	40	27			32			1000	100000
3304	29	135			162			1000	120000
3304	18	1000	27		1000	32		1000	120000
3304	37	2			2			1000	120000
3304	22	108			129			1000	120000
3305	55	8			9			1000	60000
3305	21	33			39			1000	80000
3305	46	1000	33		1000	39		1000	80000
3305	11	33		33	39		39	1000	100000
3305	25	660			792			1000	100000
3305	40	33			39			1000	100000
3305	29	165			198			1000	120000
3305	18	1000	33		1000	39		1000	120000
3305	37	2			3			1000	120000
3305	22	132			158			1000	120000
3306	55	9			11			1000	60000
3306	21	39			46			1000	80000
3306	46	1000	39		1000	46		1000	80000
3306	11	39		39	46		46	1000	100000
3306	25	780			936			1000	100000
3306	40	39			46			1000	100000
3306	29	195			234			1000	120000
3306	18	1000	39		1000	46		1000	120000
3306	37	3			3			1000	120000
3306	22	156			187			1000	120000
3307	55	11			14			1000	60000
3307	21	47			56			1000	80000
3307	46	1000	47		1000	56		1000	80000
3307	11	47		47	56		56	1000	100000
3307	25	940			1128			1000	100000
3307	40	47			56			1000	100000
3307	29	235			282			1000	120000
3307	18	1000	47		1000	56		1000	120000
3307	37	3			4			1000	120000
3307	22	188			225			1000	120000
3308	55	13			16			1000	60000
3308	21	55			66			1000	80000
3308	46	1000	55		1000	66		1000	80000
3308	11	55		55	66		66	1000	100000
3308	25	1100			1320			1000	100000
3308	40	55			66			1000	100000
3308	29	275			330			1000	120000
3308	18	1000	55		1000	66		1000	120000
3308	37	4			5			1000	120000
3308	22	220			264			1000	120000
3309	55	16			19			1000	60000
3309	21	65			78			1000	80000
3309	46	1000	65		1000	78		1000	80000
3309	11	65		65	78		78	1000	100000
3309	25	1300			1560			1000	100000
3309	40	65			78			1000	100000
3309	29	325			390			1000	120000
3309	18	1000	65		1000	78		1000	120000
3309	37	5			6			1000	120000
3309	22	260			312			1000	120000
3310	55	18			22			1000	60000
3310	21	75			90			1000	80000
3310	46	1000	75		1000	90		1000	80000
3310	11	75		75	90		90	1000	100000
3310	25	1500			1800			1000	100000
3310	40	75			90			1000	100000
3310	29	375			450			1000	120000
3310	18	1000	75		1000	90		1000	120000
3310	37	6			7			1000	120000
3310	22	300			360			1000	120000
3311	55	21			25			1000	60000
3311	21	86			103			1000	80000
3311	46	1000	86		1000	103		1000	80000
3311	11	86		86	103		103	1000	100000
3311	25	1720			2064			1000	100000
3311	40	86			103			1000	100000
3311	29	430			516			1000	120000
3311	18	1000	86		1000	103		1000	120000
3311	37	6			8			1000	120000
3311	22	344			412			1000	120000
3312	55	24			29			1000	60000
3312	21	99			118			1000	80000
3312	46	1000	99		1000	118		1000	80000
3312	11	99		99	118		118	1000	100000
3312	25	1980			2376			1000	100000
3312	40	99			118			1000	100000
3312	29	495			594			1000	120000
3312	18	1000	99		1000	118		1000	120000
3312	37	7			9			1000	120000
3312	22	396			475			1000	120000
3313	55	28			33			1000	60000
3313	21	113			135			1000	80000
3313	46	1000	113		1000	135		1000	80000
3313	11	113		113	135		135	1000	100000
3313	25	2260			2712			1000	100000
3313	40	113			135			1000	100000
3313	29	565			678			1000	120000
3313	18	1000	113		1000	135		1000	120000
3313	37	9			10			1000	120000
3313	22	452			542			1000	120000
3314	55	32			38			1000	60000
3314	21	128			153			1000	80000
3314	46	1000	128		1000	153		1000	80000
3314	11	128		128	153		153	1000	100000
3314	25	2560			3072			1000	100000
3314	40	128			153			1000	100000
3314	29	640			768			1000	120000
3314	18	1000	128		1000	153		1000	120000
3314	37	10			12			1000	120000
3314	22	512			614			1000	120000
3315	55	36			43			1000	60000
3315	21	145			174			1000	80000
3315	46	1000	145		1000	174		1000	80000
3315	11	145		145	174		174	1000	100000
3315	25	2900			3480			1000	100000
3315	40	145			174			1000	100000
3315	29	725			870			1000	120000
3315	18	1000	145		1000	174		1000	120000
3315	37	11			13			1000	120000
3315	22	580			696			1000	120000
3316	55	40			48			1000	60000
3316	21	163			195			1000	80000
3316	46	1000	163		1000	195		1000	80000
3316	11	163		163	195		195	1000	100000
3316	25	3260			3912			1000	100000
3316	40	163			195			1000	100000
3316	29	815			978			1000	120000
3316	18	1000	163		1000	195		1000	120000
3316	37	13			15			1000	120000
3316	22	652			782			1000	120000
3317	55	46			55			1000	60000
3317	21	185			222			1000	80000
3317	46	1000	185		1000	222		1000	80000
3317	11	185		185	222		222	1000	100000
3317	25	3700			4440			1000	100000
3317	40	185			222			1000	100000
3317	29	925			1110			1000	120000
3317	18	1000	185		1000	222		1000	120000
3317	37	14			17			1000	120000
3317	22	740			888			1000	120000
3318	55	52			62			1000	60000
3318	21	209			250			1000	80000
3318	46	1000	209		1000	250		1000	80000
3318	11	209		209	250		250	1000	100000
3318	25	4180			5016			1000	100000
3318	40	209			250			1000	100000
3318	29	1045			1254			1000	120000
3318	18	1000	209		1000	250		1000	120000
3318	37	16			20			1000	120000
3318	22	836			1003			1000	120000
3319	55	59			70			1000	60000
3319	21	236			283			1000	80000
3319	46	1000	236		1000	283		1000	80000
3319	11	236		236	283		283	1000	100000
3319	25	4720			5664			1000	100000
3319	40	236			283			1000	100000
3319	29	1180			1416			1000	120000
3319	18	1000	236		1000	283		1000	120000
3319	37	18			22			1000	120000
3319	22	944			1132			1000	120000
3320	55	66			80			1000	60000
3320	21	267			320			1000	80000
3320	46	1000	267		1000	320		1000	80000
3320	11	267		267	320		320	1000	100000
3320	25	5340			6408			1000	100000
3320	40	267			320			1000	100000
3320	29	1335			1602			1000	120000
3320	18	1000	267		1000	320		1000	120000
3320	37	21			25			1000	120000
3320	22	1068			1281			1000	120000
4101	57	3			3			1000	60000
4101	39	12			14			1000	80000
4101	38	12			14			1000	80000
4101	11	12		12	14		14	1000	100000
4101	25	256			288			1000	100000
4101	41	12			14			1000	100000
4101	30	64			72			1000	120000
4101	19	1000	12		1000	14		1000	120000
4101	32	25			28			1000	120000
4101	23	51			57			1000	120000
4102	57	3			4			1000	60000
4102	39	15			17			1000	80000
4102	38	15			17			1000	80000
4102	11	15		15	17		17	1000	100000
4102	25	304			342			1000	100000
4102	41	15			17			1000	100000
4102	30	76			85			1000	120000
4102	19	1000	15		1000	17		1000	120000
4102	32	30			34			1000	120000
4102	23	60			68			1000	120000
4103	57	4			5			1000	60000
4103	39	18			20			1000	80000
4103	38	18			20			1000	80000
4103	11	18		18	20		20	1000	100000
4103	25	368			414			1000	100000
4103	41	18			20			1000	100000
4103	30	92			103			1000	120000
4103	19	1000	18		1000	20		1000	120000
4103	32	36			41			1000	120000
4103	23	73			82			1000	120000
4104	57	5			6			1000	60000
4104	39	21			24			1000	80000
4104	38	21			24			1000	80000
4104	11	21		21	24		24	1000	100000
4104	25	432			486			1000	100000
4104	41	21			24			1000	100000
4104	30	108			121			1000	120000
4104	19	1000	21		1000	24		1000	120000
4104	32	43			48			1000	120000
4104	23	86			97			1000	120000
4105	57	6			7			1000	60000
4105	39	26			29			1000	80000
4105	38	26			29			1000	80000
4105	11	26		26	29		29	1000	100000
4105	25	528			594			1000	100000
4105	41	26			29			1000	100000
4105	30	132			148			1000	120000
4105	19	1000	26		1000	29		1000	120000
4105	32	52			59			1000	120000
4105	23	105			118			1000	120000
4106	57	7			8			1000	60000
4106	39	31			35			1000	80000
4106	38	31			35			1000	80000
4106	11	31		31	35		35	1000	100000
4106	25	624			702			1000	100000
4106	41	31			35			1000	100000
4106	30	156			175			1000	120000
4106	19	1000	31		1000	35		1000	120000
4106	32	62			70			1000	120000
4106	23	124			140			1000	120000
4107	57	9			10			1000	60000
4107	39	37			42			1000	80000
4107	38	37			42			1000	80000
4107	11	37		37	42		42	1000	100000
4107	25	752			846			1000	100000
4107	41	37			42			1000	100000
4107	30	188			211			1000	120000
4107	19	1000	37		1000	42		1000	120000
4107	32	75			84			1000	120000
4107	23	150			169			1000	120000
4108	57	11			12			1000	60000
4108	39	44			49			1000	80000
4108	38	44			49			1000	80000
4108	11	44		44	49		49	1000	100000
4108	25	880			990			1000	100000
4108	41	44			49			1000	100000
4108	30	220			247			1000	120000
4108	19	1000	44		1000	49		1000	120000
4108	32	88			99			1000	120000
4108	23	176			198			1000	120000
4109	57	13			14			1000	60000
4109	39	52			58			1000	80000
4109	38	52			58			1000	80000
4109	11	52		52	58		58	1000	100000
4109	25	1040			1170			1000	100000
4109	41	52			58			1000	100000
4109	30	260			292			1000	120000
4109	19	1000	52		1000	58		1000	120000
4109	32	104			117			1000	120000
4109	23	208			234			1000	120000
4110	57	15			16			1000	60000
4110	39	60			67			1000	80000
4110	38	60			67			1000	80000
4110	11	60		60	67		67	1000	100000
4110	25	1200			1350			1000	100000
4110	41	60			67			1000	100000
4110	30	300			337			1000	120000
4110	19	1000	60		1000	67		1000	120000
4110	32	120			135			1000	120000
4110	23	240			270			1000	120000
4111	57	17			19			1000	60000
4111	39	68			77			1000	80000
4111	38	68			77			1000	80000
4111	11	68		68	77		77	1000	100000
4111	25	1376			1548			1000	100000
4111	41	68			77			1000	100000
4111	30	344			387			1000	120000
4111	19	1000	68		1000	77		1000	120000
4111	32	137			154			1000	120000
4111	23	275			309			1000	120000
4112	57	19			22			1000	60000
4112	39	79			89			1000	80000
4112	38	79			89			1000	80000
4112	11	79		79	89		89	1000	100000
4112	25	1584			1782			1000	100000
4112	41	79			89			1000	100000
4112	30	396			445			1000	120000
4112	19	1000	79		1000	89		1000	120000
4112	32	158			178			1000	120000
4112	23	316			356			1000	120000
4113	57	22			25			1000	60000
4113	39	90			101			1000	80000
4113	38	90			101			1000	80000
4113	11	90		90	101		101	1000	100000
4113	25	1808			2034			1000	100000
4113	41	90			101			1000	100000
4113	30	452			508			1000	120000
4113	19	1000	90		1000	101		1000	120000
4113	32	180			203			1000	120000
4113	23	361			406			1000	120000
4114	57	25			28			1000	60000
4114	39	102			115			1000	80000
4114	38	102			115			1000	80000
4114	11	102		102	115		115	1000	100000
4114	25	2048			2304			1000	100000
4114	41	102			115			1000	100000
4114	30	512			576			1000	120000
4114	19	1000	102		1000	115		1000	120000
4114	32	204			230			1000	120000
4114	23	409			460			1000	120000
4115	57	29			32			1000	60000
4115	39	116			130			1000	80000
4115	38	116			130			1000	80000
4115	11	116		116	130		130	1000	100000
4115	25	2320			2610			1000	100000
4115	41	116			130			1000	100000
4115	30	580			652			1000	120000
4115	19	1000	116		1000	130		1000	120000
4115	32	232			261			1000	120000
4115	23	464			522			1000	120000
4116	57	32			36			1000	60000
4116	39	130			146			1000	80000
4116	38	130			146			1000	80000
4116	11	130		130	146		146	1000	100000
4116	25	2608			2934			1000	100000
4116	41	130			146			1000	100000
4116	30	652			733			1000	120000
4116	19	1000	130		1000	146		1000	120000
4116	32	260			293			1000	120000
4116	23	521			586			1000	120000
4117	57	37			41			1000	60000
4117	39	148			166			1000	80000
4117	38	148			166			1000	80000
4117	11	148		148	166		166	1000	100000
4117	25	2960			3330			1000	100000
4117	41	148			166			1000	100000
4117	30	740			832			1000	120000
4117	19	1000	148		1000	166		1000	120000
4117	32	296			333			1000	120000
4117	23	592			666			1000	120000
4118	57	41			47			1000	60000
4118	39	167			188			1000	80000
4118	38	167			188			1000	80000
4118	11	167		167	188		188	1000	100000
4118	25	3344			3762			1000	100000
4118	41	167			188			1000	100000
4118	30	836			940			1000	120000
4118	19	1000	167		1000	188		1000	120000
4118	32	334			376			1000	120000
4118	23	668			752			1000	120000
4119	57	47			53			1000	60000
4119	39	188			212			1000	80000
4119	38	188			212			1000	80000
4119	11	188		188	212		212	1000	100000
4119	25	3776			4248			1000	100000
4119	41	188			212			1000	100000
4119	30	944			1062			1000	120000
4119	19	1000	188		1000	212		1000	120000
4119	32	377			424			1000	120000
4119	23	755			849			1000	120000
4120	57	53			60			1000	60000
4120	39	213			240			1000	80000
4120	38	213			240			1000	80000
4120	11	213		213	240		240	1000	100000
4120	25	4272			4806			1000	100000
4120	41	213			240			1000	100000
4120	30	1068			1201			1000	120000
4120	19	1000	213		1000	240		1000	120000
4120	32	427			480			1000	120000
4120	23	854			961			1000	120000
4201	57	3			4			1000	60000
4201	39	14			16			1000	80000
4201	38	14			16			1000	80000
4201	11	14		14	16		16	1000	100000
4201	25	288			320			1000	100000
4201	41	14			16			1000	100000
4201	30	72			80			1000	120000
4201	19	1000	14		1000	16		1000	120000
4201	32	28			32			1000	120000
4201	23	57			64			1000	120000
4202	57	4			4			1000	60000
4202	39	17			19			1000	80000
4202	38	17			19			1000	80000
4202	11	17		17	19		19	1000	100000
4202	25	342			380			1000	100000
4202	41	17			19			1000	100000
4202	30	85			95			1000	120000
4202	19	1000	17		1000	19		1000	120000
4202	32	34			38			1000	120000
4202	23	68			76			1000	120000
4203	57	5			5			1000	60000
4203	39	20			23			1000	80000
4203	38	20			23			1000	80000
4203	11	20		20	23		23	1000	100000
4203	25	414			460			1000	100000
4203	41	20			23			1000	100000
4203	30	103			115			1000	120000
4203	19	1000	20		1000	23		1000	120000
4203	32	41			46			1000	120000
4203	23	82			92			1000	120000
4204	57	6			6			1000	60000
4204	39	24			27			1000	80000
4204	38	24			27			1000	80000
4204	11	24		24	27		27	1000	100000
4204	25	486			540			1000	100000
4204	41	24			27			1000	100000
4204	30	121			135			1000	120000
4204	19	1000	24		1000	27		1000	120000
4204	32	48			54			1000	120000
4204	23	97			108			1000	120000
4205	57	7			8			1000	60000
4205	39	29			33			1000	80000
4205	38	29			33			1000	80000
4205	11	29		29	33		33	1000	100000
4205	25	594			660			1000	100000
4205	41	29			33			1000	100000
4205	30	148			165			1000	120000
4205	19	1000	29		1000	33		1000	120000
4205	32	59			66			1000	120000
4205	23	118			132			1000	120000
4206	57	8			9			1000	60000
4206	39	35			39			1000	80000
4206	38	35			39			1000	80000
4206	11	35		35	39		39	1000	100000
4206	25	702			780			1000	100000
4206	41	35			39			1000	100000
4206	30	175			195			1000	120000
4206	19	1000	35		1000	39		1000	120000
4206	32	70			78			1000	120000
4206	23	140			156			1000	120000
4207	57	10			11			1000	60000
4207	39	42			47			1000	80000
4207	38	42			47			1000	80000
4207	11	42		42	47		47	1000	100000
4207	25	846			940			1000	100000
4207	41	42			47			1000	100000
4207	30	211			235			1000	120000
4207	19	1000	42		1000	47		1000	120000
4207	32	84			94			1000	120000
4207	23	169			188			1000	120000
4208	57	12			13			1000	60000
4208	39	49			55			1000	80000
4208	38	49			55			1000	80000
4208	11	49		49	55		55	1000	100000
4208	25	990			1100			1000	100000
4208	41	49			55			1000	100000
4208	30	247			275			1000	120000
4208	19	1000	49		1000	55		1000	120000
4208	32	99			110			1000	120000
4208	23	198			220			1000	120000
4209	57	14			16			1000	60000
4209	39	58			65			1000	80000
4209	38	58			65			1000	80000
4209	11	58		58	65		65	1000	100000
4209	25	1170			1300			1000	100000
4209	41	58			65			1000	100000
4209	30	292			325			1000	120000
4209	19	1000	58		1000	65		1000	120000
4209	32	117			130			1000	120000
4209	23	234			260			1000	120000
4210	57	16			18			1000	60000
4210	39	67			75			1000	80000
4210	38	67			75			1000	80000
4210	11	67		67	75		75	1000	100000
4210	25	1350			1500			1000	100000
4210	41	67			75			1000	100000
4210	30	337			375			1000	120000
4210	19	1000	67		1000	75		1000	120000
4210	32	135			150			1000	120000
4210	23	270			300			1000	120000
4211	57	19			21			1000	60000
4211	39	77			86			1000	80000
4211	38	77			86			1000	80000
4211	11	77		77	86		86	1000	100000
4211	25	1548			1720			1000	100000
4211	41	77			86			1000	100000
4211	30	387			430			1000	120000
4211	19	1000	77		1000	86		1000	120000
4211	32	154			172			1000	120000
4211	23	309			344			1000	120000
4212	57	22			24			1000	60000
4212	39	89			99			1000	80000
4212	38	89			99			1000	80000
4212	11	89		89	99		99	1000	100000
4212	25	1782			1980			1000	100000
4212	41	89			99			1000	100000
4212	30	445			495			1000	120000
4212	19	1000	89		1000	99		1000	120000
4212	32	178			198			1000	120000
4212	23	356			396			1000	120000
4213	57	25			28			1000	60000
4213	39	101			113			1000	80000
4213	38	101			113			1000	80000
4213	11	101		101	113		113	1000	100000
4213	25	2034			2260			1000	100000
4213	41	101			113			1000	100000
4213	30	508			565			1000	120000
4213	19	1000	101		1000	113		1000	120000
4213	32	203			226			1000	120000
4213	23	406			452			1000	120000
4214	57	28			32			1000	60000
4214	39	115			128			1000	80000
4214	38	115			128			1000	80000
4214	11	115		115	128		128	1000	100000
4214	25	2304			2560			1000	100000
4214	41	115			128			1000	100000
4214	30	576			640			1000	120000
4214	19	1000	115		1000	128		1000	120000
4214	32	230			256			1000	120000
4214	23	460			512			1000	120000
4215	57	32			36			1000	60000
4215	39	130			145			1000	80000
4215	38	130			145			1000	80000
4215	11	130		130	145		145	1000	100000
4215	25	2610			2900			1000	100000
4215	41	130			145			1000	100000
4215	30	652			725			1000	120000
4215	19	1000	130		1000	145		1000	120000
4215	32	261			290			1000	120000
4215	23	522			580			1000	120000
4216	57	36			40			1000	60000
4216	39	146			163			1000	80000
4216	38	146			163			1000	80000
4216	11	146		146	163		163	1000	100000
4216	25	2934			3260			1000	100000
4216	41	146			163			1000	100000
4216	30	733			815			1000	120000
4216	19	1000	146		1000	163		1000	120000
4216	32	293			326			1000	120000
4216	23	586			652			1000	120000
4217	57	41			46			1000	60000
4217	39	166			185			1000	80000
4217	38	166			185			1000	80000
4217	11	166		166	185		185	1000	100000
4217	25	3330			3700			1000	100000
4217	41	166			185			1000	100000
4217	30	832			925			1000	120000
4217	19	1000	166		1000	185		1000	120000
4217	32	333			370			1000	120000
4217	23	666			740			1000	120000
4218	57	47			52			1000	60000
4218	39	188			209			1000	80000
4218	38	188			209			1000	80000
4218	11	188		188	209		209	1000	100000
4218	25	3762			4180			1000	100000
4218	41	188			209			1000	100000
4218	30	940			1045			1000	120000
4218	19	1000	188		1000	209		1000	120000
4218	32	376			418			1000	120000
4218	23	752			836			1000	120000
4219	57	53			59			1000	60000
4219	39	212			236			1000	80000
4219	38	212			236			1000	80000
4219	11	212		212	236		236	1000	100000
4219	25	4248			4720			1000	100000
4219	41	212			236			1000	100000
4219	30	1062			1180			1000	120000
4219	19	1000	212		1000	236		1000	120000
4219	32	424			472			1000	120000
4219	23	849			944			1000	120000
4220	57	60			66			1000	60000
4220	39	240			267			1000	80000
4220	38	240			267			1000	80000
4220	11	240		240	267		267	1000	100000
4220	25	4806			5340			1000	100000
4220	41	240			267			1000	100000
4220	30	1201			1335			1000	120000
4220	19	1000	240		1000	267		1000	120000
4220	32	480			534			1000	120000
4220	23	961			1068			1000	120000
4301	57	4			4			1000	60000
4301	39	16			19			1000	80000
4301	38	16			19			1000	80000
4301	11	16		16	19		19	1000	100000
4301	25	320			384			1000	100000
4301	41	16			19			1000	100000
4301	30	80			96			1000	120000
4301	19	1000	16		1000	19		1000	120000
4301	32	32			38			1000	120000
4301	23	64			76			1000	120000
4302	57	4			5			1000	60000
4302	39	19			22			1000	80000
4302	38	19			22			1000	80000
4302	11	19		19	22		22	1000	100000
4302	25	380			456			1000	100000
4302	41	19			22			1000	100000
4302	30	95			114			1000	120000
4302	19	1000	19		1000	22		1000	120000
4302	32	38			45			1000	120000
4302	23	76			91			1000	120000
4303	57	5			6			1000	60000
4303	39	23			27			1000	80000
4303	38	23			27			1000	80000
4303	11	23		23	27		27	1000	100000
4303	25	460			552			1000	100000
4303	41	23			27			1000	100000
4303	30	115			138			1000	120000
4303	19	1000	23		1000	27		1000	120000
4303	32	46			55			1000	120000
4303	23	92			110			1000	120000
4304	57	6			8			1000	60000
4304	39	27			32			1000	80000
4304	38	27			32			1000	80000
4304	11	27		27	32		32	1000	100000
4304	25	540			648			1000	100000
4304	41	27			32			1000	100000
4304	30	135			162			1000	120000
4304	19	1000	27		1000	32		1000	120000
4304	32	54			64			1000	120000
4304	23	108			129			1000	120000
4305	57	8			9			1000	60000
4305	39	33			39			1000	80000
4305	38	33			39			1000	80000
4305	11	33		33	39		39	1000	100000
4305	25	660			792			1000	100000
4305	41	33			39			1000	100000
4305	30	165			198			1000	120000
4305	19	1000	33		1000	39		1000	120000
4305	32	66			79			1000	120000
4305	23	132			158			1000	120000
4306	57	9			11			1000	60000
4306	39	39			46			1000	80000
4306	38	39			46			1000	80000
4306	11	39		39	46		46	1000	100000
4306	25	780			936			1000	100000
4306	41	39			46			1000	100000
4306	30	195			234			1000	120000
4306	19	1000	39		1000	46		1000	120000
4306	32	78			93			1000	120000
4306	23	156			187			1000	120000
4307	57	11			14			1000	60000
4307	39	47			56			1000	80000
4307	38	47			56			1000	80000
4307	11	47		47	56		56	1000	100000
4307	25	940			1128			1000	100000
4307	41	47			56			1000	100000
4307	30	235			282			1000	120000
4307	19	1000	47		1000	56		1000	120000
4307	32	94			112			1000	120000
4307	23	188			225			1000	120000
4308	57	13			16			1000	60000
4308	39	55			66			1000	80000
4308	38	55			66			1000	80000
4308	11	55		55	66		66	1000	100000
4308	25	1100			1320			1000	100000
4308	41	55			66			1000	100000
4308	30	275			330			1000	120000
4308	19	1000	55		1000	66		1000	120000
4308	32	110			132			1000	120000
4308	23	220			264			1000	120000
4309	57	16			19			1000	60000
4309	39	65			78			1000	80000
4309	38	65			78			1000	80000
4309	11	65		65	78		78	1000	100000
4309	25	1300			1560			1000	100000
4309	41	65			78			1000	100000
4309	30	325			390			1000	120000
4309	19	1000	65		1000	78		1000	120000
4309	32	130			156			1000	120000
4309	23	260			312			1000	120000
4310	57	18			22			1000	60000
4310	39	75			90			1000	80000
4310	38	75			90			1000	80000
4310	11	75		75	90		90	1000	100000
4310	25	1500			1800			1000	100000
4310	41	75			90			1000	100000
4310	30	375			450			1000	120000
4310	19	1000	75		1000	90		1000	120000
4310	32	150			180			1000	120000
4310	23	300			360			1000	120000
4311	57	21			25			1000	60000
4311	39	86			103			1000	80000
4311	38	86			103			1000	80000
4311	11	86		86	103		103	1000	100000
4311	25	1720			2064			1000	100000
4311	41	86			103			1000	100000
4311	30	430			516			1000	120000
4311	19	1000	86		1000	103		1000	120000
4311	32	172			206			1000	120000
4311	23	344			412			1000	120000
4312	57	24			29			1000	60000
4312	39	99			118			1000	80000
4312	38	99			118			1000	80000
4312	11	99		99	118		118	1000	100000
4312	25	1980			2376			1000	100000
4312	41	99			118			1000	100000
4312	30	495			594			1000	120000
4312	19	1000	99		1000	118		1000	120000
4312	32	198			237			1000	120000
4312	23	396			475			1000	120000
4313	57	28			33			1000	60000
4313	39	113			135			1000	80000
4313	38	113			135			1000	80000
4313	11	113		113	135		135	1000	100000
4313	25	2260			2712			1000	100000
4313	41	113			135			1000	100000
4313	30	565			678			1000	120000
4313	19	1000	113		1000	135		1000	120000
4313	32	226			271			1000	120000
4313	23	452			542			1000	120000
4314	57	32			38			1000	60000
4314	39	128			153			1000	80000
4314	38	128			153			1000	80000
4314	11	128		128	153		153	1000	100000
4314	25	2560			3072			1000	100000
4314	41	128			153			1000	100000
4314	30	640			768			1000	120000
4314	19	1000	128		1000	153		1000	120000
4314	32	256			307			1000	120000
4314	23	512			614			1000	120000
4315	57	36			43			1000	60000
4315	39	145			174			1000	80000
4315	38	145			174			1000	80000
4315	11	145		145	174		174	1000	100000
4315	25	2900			3480			1000	100000
4315	41	145			174			1000	100000
4315	30	725			870			1000	120000
4315	19	1000	145		1000	174		1000	120000
4315	32	290			348			1000	120000
4315	23	580			696			1000	120000
4316	57	40			48			1000	60000
4316	39	163			195			1000	80000
4316	38	163			195			1000	80000
4316	11	163		163	195		195	1000	100000
4316	25	3260			3912			1000	100000
4316	41	163			195			1000	100000
4316	30	815			978			1000	120000
4316	19	1000	163		1000	195		1000	120000
4316	32	326			391			1000	120000
4316	23	652			782			1000	120000
4317	57	46			55			1000	60000
4317	39	185			222			1000	80000
4317	38	185			222			1000	80000
4317	11	185		185	222		222	1000	100000
4317	25	3700			4440			1000	100000
4317	41	185			222			1000	100000
4317	30	925			1110			1000	120000
4317	19	1000	185		1000	222		1000	120000
4317	32	370			444			1000	120000
4317	23	740			888			1000	120000
4318	57	52			62			1000	60000
4318	39	209			250			1000	80000
4318	38	209			250			1000	80000
4318	11	209		209	250		250	1000	100000
4318	25	4180			5016			1000	100000
4318	41	209			250			1000	100000
4318	30	1045			1254			1000	120000
4318	19	1000	209		1000	250		1000	120000
4318	32	418			501			1000	120000
4318	23	836			1003			1000	120000
4319	57	59			70			1000	60000
4319	39	236			283			1000	80000
4319	38	236			283			1000	80000
4319	11	236		236	283		283	1000	100000
4319	25	4720			5664			1000	100000
4319	41	236			283			1000	100000
4319	30	1180			1416			1000	120000
4319	19	1000	236		1000	283		1000	120000
4319	32	472			566			1000	120000
4319	23	944			1132			1000	120000
4320	57	66			80			1000	60000
4320	39	267			320			1000	80000
4320	38	267			320			1000	80000
4320	11	267		267	320		320	1000	100000
4320	25	5340			6408			1000	100000
4320	41	267			320			1000	100000
4320	30	1335			1602			1000	120000
4320	19	1000	267		1000	320		1000	120000
4320	32	534			640			1000	120000
4320	23	1068			1281			1000	120000
5101	54	3			3			1000	60000
5101	13	12			14			1000	80000
5101	12	12			14			1000	80000
5101	11	12		12	14		14	1000	100000
5101	25	256			288			1000	100000
5101	52	25			28			1000	100000
5101	31	64			72			1000	120000
5101	20	1000	12		1000	14		1000	120000
5101	58	25			28			1000	120000
5101	43	51			57			1000	120000
5102	54	3			4			1000	60000
5102	13	15			17			1000	80000
5102	12	15			17			1000	80000
5102	11	15		15	17		17	1000	100000
5102	25	304			342			1000	100000
5102	52	30			34			1000	100000
5102	31	76			85			1000	120000
5102	20	1000	15		1000	17		1000	120000
5102	58	30			34			1000	120000
5102	43	60			68			1000	120000
5103	54	4			5			1000	60000
5103	13	18			20			1000	80000
5103	12	18			20			1000	80000
5103	11	18		18	20		20	1000	100000
5103	25	368			414			1000	100000
5103	52	36			41			1000	100000
5103	31	92			103			1000	120000
5103	20	1000	18		1000	20		1000	120000
5103	58	36			41			1000	120000
5103	43	73			82			1000	120000
5104	54	5			6			1000	60000
5104	13	21			24			1000	80000
5104	12	21			24			1000	80000
5104	11	21		21	24		24	1000	100000
5104	25	432			486			1000	100000
5104	52	43			48			1000	100000
5104	31	108			121			1000	120000
5104	20	1000	21		1000	24		1000	120000
5104	58	43			48			1000	120000
5104	43	86			97			1000	120000
5105	54	6			7			1000	60000
5105	13	26			29			1000	80000
5105	12	26			29			1000	80000
5105	11	26		26	29		29	1000	100000
5105	25	528			594			1000	100000
5105	52	52			59			1000	100000
5105	31	132			148			1000	120000
5105	20	1000	26		1000	29		1000	120000
5105	58	52			59			1000	120000
5105	43	105			118			1000	120000
5106	54	7			8			1000	60000
5106	13	31			35			1000	80000
5106	12	31			35			1000	80000
5106	11	31		31	35		35	1000	100000
5106	25	624			702			1000	100000
5106	52	62			70			1000	100000
5106	31	156			175			1000	120000
5106	20	1000	31		1000	35		1000	120000
5106	58	62			70			1000	120000
5106	43	124			140			1000	120000
5107	54	9			10			1000	60000
5107	13	37			42			1000	80000
5107	12	37			42			1000	80000
5107	11	37		37	42		42	1000	100000
5107	25	752			846			1000	100000
5107	52	75			84			1000	100000
5107	31	188			211			1000	120000
5107	20	1000	37		1000	42		1000	120000
5107	58	75			84			1000	120000
5107	43	150			169			1000	120000
5108	54	11			12			1000	60000
5108	13	44			49			1000	80000
5108	12	44			49			1000	80000
5108	11	44		44	49		49	1000	100000
5108	25	880			990			1000	100000
5108	52	88			99			1000	100000
5108	31	220			247			1000	120000
5108	20	1000	44		1000	49		1000	120000
5108	58	88			99			1000	120000
5108	43	176			198			1000	120000
5109	54	13			14			1000	60000
5109	13	52			58			1000	80000
5109	12	52			58			1000	80000
5109	11	52		52	58		58	1000	100000
5109	25	1040			1170			1000	100000
5109	52	104			117			1000	100000
5109	31	260			292			1000	120000
5109	20	1000	52		1000	58		1000	120000
5109	58	104			117			1000	120000
5109	43	208			234			1000	120000
5110	54	15			16			1000	60000
5110	13	60			67			1000	80000
5110	12	60			67			1000	80000
5110	11	60		60	67		67	1000	100000
5110	25	1200			1350			1000	100000
5110	52	120			135			1000	100000
5110	31	300			337			1000	120000
5110	20	1000	60		1000	67		1000	120000
5110	58	120			135			1000	120000
5110	43	240			270			1000	120000
5111	54	17			19			1000	60000
5111	13	68			77			1000	80000
5111	12	68			77			1000	80000
5111	11	68		68	77		77	1000	100000
5111	25	1376			1548			1000	100000
5111	52	137			154			1000	100000
5111	31	344			387			1000	120000
5111	20	1000	68		1000	77		1000	120000
5111	58	137			154			1000	120000
5111	43	275			309			1000	120000
5112	54	19			22			1000	60000
5112	13	79			89			1000	80000
5112	12	79			89			1000	80000
5112	11	79		79	89		89	1000	100000
5112	25	1584			1782			1000	100000
5112	52	158			178			1000	100000
5112	31	396			445			1000	120000
5112	20	1000	79		1000	89		1000	120000
5112	58	158			178			1000	120000
5112	43	316			356			1000	120000
5113	54	22			25			1000	60000
5113	13	90			101			1000	80000
5113	12	90			101			1000	80000
5113	11	90		90	101		101	1000	100000
5113	25	1808			2034			1000	100000
5113	52	180			203			1000	100000
5113	31	452			508			1000	120000
5113	20	1000	90		1000	101		1000	120000
5113	58	180			203			1000	120000
5113	43	361			406			1000	120000
5114	54	25			28			1000	60000
5114	13	102			115			1000	80000
5114	12	102			115			1000	80000
5114	11	102		102	115		115	1000	100000
5114	25	2048			2304			1000	100000
5114	52	204			230			1000	100000
5114	31	512			576			1000	120000
5114	20	1000	102		1000	115		1000	120000
5114	58	204			230			1000	120000
5114	43	409			460			1000	120000
5115	54	29			32			1000	60000
5115	13	116			130			1000	80000
5115	12	116			130			1000	80000
5115	11	116		116	130		130	1000	100000
5115	25	2320			2610			1000	100000
5115	52	232			261			1000	100000
5115	31	580			652			1000	120000
5115	20	1000	116		1000	130		1000	120000
5115	58	232			261			1000	120000
5115	43	464			522			1000	120000
5116	54	32			36			1000	60000
5116	13	130			146			1000	80000
5116	12	130			146			1000	80000
5116	11	130		130	146		146	1000	100000
5116	25	2608			2934			1000	100000
5116	52	260			293			1000	100000
5116	31	652			733			1000	120000
5116	20	1000	130		1000	146		1000	120000
5116	58	260			293			1000	120000
5116	43	521			586			1000	120000
5117	54	37			41			1000	60000
5117	13	148			166			1000	80000
5117	12	148			166			1000	80000
5117	11	148		148	166		166	1000	100000
5117	25	2960			3330			1000	100000
5117	52	296			333			1000	100000
5117	31	740			832			1000	120000
5117	20	1000	148		1000	166		1000	120000
5117	58	296			333			1000	120000
5117	43	592			666			1000	120000
5118	54	41			47			1000	60000
5118	13	167			188			1000	80000
5118	12	167			188			1000	80000
5118	11	167		167	188		188	1000	100000
5118	25	3344			3762			1000	100000
5118	52	334			376			1000	100000
5118	31	836			940			1000	120000
5118	20	1000	167		1000	188		1000	120000
5118	58	334			376			1000	120000
5118	43	668			752			1000	120000
5119	54	47			53			1000	60000
5119	13	188			212			1000	80000
5119	12	188			212			1000	80000
5119	11	188		188	212		212	1000	100000
5119	25	3776			4248			1000	100000
5119	52	377			424			1000	100000
5119	31	944			1062			1000	120000
5119	20	1000	188		1000	212		1000	120000
5119	58	377			424			1000	120000
5119	43	755			849			1000	120000
5120	54	53			60			1000	60000
5120	13	213			240			1000	80000
5120	12	213			240			1000	80000
5120	11	213		213	240		240	1000	100000
5120	25	4272			4806			1000	100000
5120	52	427			480			1000	100000
5120	31	1068			1201			1000	120000
5120	20	1000	213		1000	240		1000	120000
5120	58	427			480			1000	120000
5120	43	854			961			1000	120000
5201	54	3			4			1000	60000
5201	13	14			16			1000	80000
5201	12	14			16			1000	80000
5201	11	14		14	16		16	1000	100000
5201	25	288			320			1000	100000
5201	52	28			32			1000	100000
5201	31	72			80			1000	120000
5201	20	1000	14		1000	16		1000	120000
5201	58	28			32			1000	120000
5201	43	57			64			1000	120000
5202	54	4			4			1000	60000
5202	13	17			19			1000	80000
5202	12	17			19			1000	80000
5202	11	17		17	19		19	1000	100000
5202	25	342			380			1000	100000
5202	52	34			38			1000	100000
5202	31	85			95			1000	120000
5202	20	1000	17		1000	19		1000	120000
5202	58	34			38			1000	120000
5202	43	68			76			1000	120000
5203	54	5			5			1000	60000
5203	13	20			23			1000	80000
5203	12	20			23			1000	80000
5203	11	20		20	23		23	1000	100000
5203	25	414			460			1000	100000
5203	52	41			46			1000	100000
5203	31	103			115			1000	120000
5203	20	1000	20		1000	23		1000	120000
5203	58	41			46			1000	120000
5203	43	82			92			1000	120000
5204	54	6			6			1000	60000
5204	13	24			27			1000	80000
5204	12	24			27			1000	80000
5204	11	24		24	27		27	1000	100000
5204	25	486			540			1000	100000
5204	52	48			54			1000	100000
5204	31	121			135			1000	120000
5204	20	1000	24		1000	27		1000	120000
5204	58	48			54			1000	120000
5204	43	97			108			1000	120000
5205	54	7			8			1000	60000
5205	13	29			33			1000	80000
5205	12	29			33			1000	80000
5205	11	29		29	33		33	1000	100000
5205	25	594			660			1000	100000
5205	52	59			66			1000	100000
5205	31	148			165			1000	120000
5205	20	1000	29		1000	33		1000	120000
5205	58	59			66			1000	120000
5205	43	118			132			1000	120000
5206	54	8			9			1000	60000
5206	13	35			39			1000	80000
5206	12	35			39			1000	80000
5206	11	35		35	39		39	1000	100000
5206	25	702			780			1000	100000
5206	52	70			78			1000	100000
5206	31	175			195			1000	120000
5206	20	1000	35		1000	39		1000	120000
5206	58	70			78			1000	120000
5206	43	140			156			1000	120000
5207	54	10			11			1000	60000
5207	13	42			47			1000	80000
5207	12	42			47			1000	80000
5207	11	42		42	47		47	1000	100000
5207	25	846			940			1000	100000
5207	52	84			94			1000	100000
5207	31	211			235			1000	120000
5207	20	1000	42		1000	47		1000	120000
5207	58	84			94			1000	120000
5207	43	169			188			1000	120000
5208	54	12			13			1000	60000
5208	13	49			55			1000	80000
5208	12	49			55			1000	80000
5208	11	49		49	55		55	1000	100000
5208	25	990			1100			1000	100000
5208	52	99			110			1000	100000
5208	31	247			275			1000	120000
5208	20	1000	49		1000	55		1000	120000
5208	58	99			110			1000	120000
5208	43	198			220			1000	120000
5209	54	14			16			1000	60000
5209	13	58			65			1000	80000
5209	12	58			65			1000	80000
5209	11	58		58	65		65	1000	100000
5209	25	1170			1300			1000	100000
5209	52	117			130			1000	100000
5209	31	292			325			1000	120000
5209	20	1000	58		1000	65		1000	120000
5209	58	117			130			1000	120000
5209	43	234			260			1000	120000
5210	54	16			18			1000	60000
5210	13	67			75			1000	80000
5210	12	67			75			1000	80000
5210	11	67		67	75		75	1000	100000
5210	25	1350			1500			1000	100000
5210	52	135			150			1000	100000
5210	31	337			375			1000	120000
5210	20	1000	67		1000	75		1000	120000
5210	58	135			150			1000	120000
5210	43	270			300			1000	120000
5211	54	19			21			1000	60000
5211	13	77			86			1000	80000
5211	12	77			86			1000	80000
5211	11	77		77	86		86	1000	100000
5211	25	1548			1720			1000	100000
5211	52	154			172			1000	100000
5211	31	387			430			1000	120000
5211	20	1000	77		1000	86		1000	120000
5211	58	154			172			1000	120000
5211	43	309			344			1000	120000
5212	54	22			24			1000	60000
5212	13	89			99			1000	80000
5212	12	89			99			1000	80000
5212	11	89		89	99		99	1000	100000
5212	25	1782			1980			1000	100000
5212	52	178			198			1000	100000
5212	31	445			495			1000	120000
5212	20	1000	89		1000	99		1000	120000
5212	58	178			198			1000	120000
5212	43	356			396			1000	120000
5213	54	25			28			1000	60000
5213	13	101			113			1000	80000
5213	12	101			113			1000	80000
5213	11	101		101	113		113	1000	100000
5213	25	2034			2260			1000	100000
5213	52	203			226			1000	100000
5213	31	508			565			1000	120000
5213	20	1000	101		1000	113		1000	120000
5213	58	203			226			1000	120000
5213	43	406			452			1000	120000
5214	54	28			32			1000	60000
5214	13	115			128			1000	80000
5214	12	115			128			1000	80000
5214	11	115		115	128		128	1000	100000
5214	25	2304			2560			1000	100000
5214	52	230			256			1000	100000
5214	31	576			640			1000	120000
5214	20	1000	115		1000	128		1000	120000
5214	58	230			256			1000	120000
5214	43	460			512			1000	120000
5215	54	32			36			1000	60000
5215	13	130			145			1000	80000
5215	12	130			145			1000	80000
5215	11	130		130	145		145	1000	100000
5215	25	2610			2900			1000	100000
5215	52	261			290			1000	100000
5215	31	652			725			1000	120000
5215	20	1000	130		1000	145		1000	120000
5215	58	261			290			1000	120000
5215	43	522			580			1000	120000
5216	54	36			40			1000	60000
5216	13	146			163			1000	80000
5216	12	146			163			1000	80000
5216	11	146		146	163		163	1000	100000
5216	25	2934			3260			1000	100000
5216	52	293			326			1000	100000
5216	31	733			815			1000	120000
5216	20	1000	146		1000	163		1000	120000
5216	58	293			326			1000	120000
5216	43	586			652			1000	120000
5217	54	41			46			1000	60000
5217	13	166			185			1000	80000
5217	12	166			185			1000	80000
5217	11	166		166	185		185	1000	100000
5217	25	3330			3700			1000	100000
5217	52	333			370			1000	100000
5217	31	832			925			1000	120000
5217	20	1000	166		1000	185		1000	120000
5217	58	333			370			1000	120000
5217	43	666			740			1000	120000
5218	54	47			52			1000	60000
5218	13	188			209			1000	80000
5218	12	188			209			1000	80000
5218	11	188		188	209		209	1000	100000
5218	25	3762			4180			1000	100000
5218	52	376			418			1000	100000
5218	31	940			1045			1000	120000
5218	20	1000	188		1000	209		1000	120000
5218	58	376			418			1000	120000
5218	43	752			836			1000	120000
5219	54	53			59			1000	60000
5219	13	212			236			1000	80000
5219	12	212			236			1000	80000
5219	11	212		212	236		236	1000	100000
5219	25	4248			4720			1000	100000
5219	52	424			472			1000	100000
5219	31	1062			1180			1000	120000
5219	20	1000	212		1000	236		1000	120000
5219	58	424			472			1000	120000
5219	43	849			944			1000	120000
5220	54	60			66			1000	60000
5220	13	240			267			1000	80000
5220	12	240			267			1000	80000
5220	11	240		240	267		267	1000	100000
5220	25	4806			5340			1000	100000
5220	52	480			534			1000	100000
5220	31	1201			1335			1000	120000
5220	20	1000	240		1000	267		1000	120000
5220	58	480			534			1000	120000
5220	43	961			1068			1000	120000
5301	54	4			4			1000	60000
5301	13	16			19			1000	80000
5301	12	16			19			1000	80000
5301	11	16		16	19		19	1000	100000
5301	25	320			384			1000	100000
5301	52	32			38			1000	100000
5301	31	80			96			1000	120000
5301	20	1000	16		1000	19		1000	120000
5301	58	32			38			1000	120000
5301	43	64			76			1000	120000
5302	54	4			5			1000	60000
5302	13	19			22			1000	80000
5302	12	19			22			1000	80000
5302	11	19		19	22		22	1000	100000
5302	25	380			456			1000	100000
5302	52	38			45			1000	100000
5302	31	95			114			1000	120000
5302	20	1000	19		1000	22		1000	120000
5302	58	38			45			1000	120000
5302	43	76			91			1000	120000
5303	54	5			6			1000	60000
5303	13	23			27			1000	80000
5303	12	23			27			1000	80000
5303	11	23		23	27		27	1000	100000
5303	25	460			552			1000	100000
5303	52	46			55			1000	100000
5303	31	115			138			1000	120000
5303	20	1000	23		1000	27		1000	120000
5303	58	46			55			1000	120000
5303	43	92			110			1000	120000
5304	54	6			8			1000	60000
5304	13	27			32			1000	80000
5304	12	27			32			1000	80000
5304	11	27		27	32		32	1000	100000
5304	25	540			648			1000	100000
5304	52	54			64			1000	100000
5304	31	135			162			1000	120000
5304	20	1000	27		1000	32		1000	120000
5304	58	54			64			1000	120000
5304	43	108			129			1000	120000
5305	54	8			9			1000	60000
5305	13	33			39			1000	80000
5305	12	33			39			1000	80000
5305	11	33		33	39		39	1000	100000
5305	25	660			792			1000	100000
5305	52	66			79			1000	100000
5305	31	165			198			1000	120000
5305	20	1000	33		1000	39		1000	120000
5305	58	66			79			1000	120000
5305	43	132			158			1000	120000
5306	54	9			11			1000	60000
5306	13	39			46			1000	80000
5306	12	39			46			1000	80000
5306	11	39		39	46		46	1000	100000
5306	25	780			936			1000	100000
5306	52	78			93			1000	100000
5306	31	195			234			1000	120000
5306	20	1000	39		1000	46		1000	120000
5306	58	78			93			1000	120000
5306	43	156			187			1000	120000
5307	54	11			14			1000	60000
5307	13	47			56			1000	80000
5307	12	47			56			1000	80000
5307	11	47		47	56		56	1000	100000
5307	25	940			1128			1000	100000
5307	52	94			112			1000	100000
5307	31	235			282			1000	120000
5307	20	1000	47		1000	56		1000	120000
5307	58	94			112			1000	120000
5307	43	188			225			1000	120000
5308	54	13			16			1000	60000
5308	13	55			66			1000	80000
5308	12	55			66			1000	80000
5308	11	55		55	66		66	1000	100000
5308	25	1100			1320			1000	100000
5308	52	110			132			1000	100000
5308	31	275			330			1000	120000
5308	20	1000	55		1000	66		1000	120000
5308	58	110			132			1000	120000
5308	43	220			264			1000	120000
5309	54	16			19			1000	60000
5309	13	65			78			1000	80000
5309	12	65			78			1000	80000
5309	11	65		65	78		78	1000	100000
5309	25	1300			1560			1000	100000
5309	52	130			156			1000	100000
5309	31	325			390			1000	120000
5309	20	1000	65		1000	78		1000	120000
5309	58	130			156			1000	120000
5309	43	260			312			1000	120000
5310	54	18			22			1000	60000
5310	13	75			90			1000	80000
5310	12	75			90			1000	80000
5310	11	75		75	90		90	1000	100000
5310	25	1500			1800			1000	100000
5310	52	150			180			1000	100000
5310	31	375			450			1000	120000
5310	20	1000	75		1000	90		1000	120000
5310	58	150			180			1000	120000
5310	43	300			360			1000	120000
5311	54	21			25			1000	60000
5311	13	86			103			1000	80000
5311	12	86			103			1000	80000
5311	11	86		86	103		103	1000	100000
5311	25	1720			2064			1000	100000
5311	52	172			206			1000	100000
5311	31	430			516			1000	120000
5311	20	1000	86		1000	103		1000	120000
5311	58	172			206			1000	120000
5311	43	344			412			1000	120000
5312	54	24			29			1000	60000
5312	13	99			118			1000	80000
5312	12	99			118			1000	80000
5312	11	99		99	118		118	1000	100000
5312	25	1980			2376			1000	100000
5312	52	198			237			1000	100000
5312	31	495			594			1000	120000
5312	20	1000	99		1000	118		1000	120000
5312	58	198			237			1000	120000
5312	43	396			475			1000	120000
5313	54	28			33			1000	60000
5313	13	113			135			1000	80000
5313	12	113			135			1000	80000
5313	11	113		113	135		135	1000	100000
5313	25	2260			2712			1000	100000
5313	52	226			271			1000	100000
5313	31	565			678			1000	120000
5313	20	1000	113		1000	135		1000	120000
5313	58	226			271			1000	120000
5313	43	452			542			1000	120000
5314	54	32			38			1000	60000
5314	13	128			153			1000	80000
5314	12	128			153			1000	80000
5314	11	128		128	153		153	1000	100000
5314	25	2560			3072			1000	100000
5314	52	256			307			1000	100000
5314	31	640			768			1000	120000
5314	20	1000	128		1000	153		1000	120000
5314	58	256			307			1000	120000
5314	43	512			614			1000	120000
5315	54	36			43			1000	60000
5315	13	145			174			1000	80000
5315	12	145			174			1000	80000
5315	11	145		145	174		174	1000	100000
5315	25	2900			3480			1000	100000
5315	52	290			348			1000	100000
5315	31	725			870			1000	120000
5315	20	1000	145		1000	174		1000	120000
5315	58	290			348			1000	120000
5315	43	580			696			1000	120000
5316	54	40			48			1000	60000
5316	13	163			195			1000	80000
5316	12	163			195			1000	80000
5316	11	163		163	195		195	1000	100000
5316	25	3260			3912			1000	100000
5316	52	326			391			1000	100000
5316	31	815			978			1000	120000
5316	20	1000	163		1000	195		1000	120000
5316	58	326			391			1000	120000
5316	43	652			782			1000	120000
5317	54	46			55			1000	60000
5317	13	185			222			1000	80000
5317	12	185			222			1000	80000
5317	11	185		185	222		222	1000	100000
5317	25	3700			4440			1000	100000
5317	52	370			444			1000	100000
5317	31	925			1110			1000	120000
5317	20	1000	185		1000	222		1000	120000
5317	58	370			444			1000	120000
5317	43	740			888			1000	120000
5318	54	52			62			1000	60000
5318	13	209			250			1000	80000
5318	12	209			250			1000	80000
5318	11	209		209	250		250	1000	100000
5318	25	4180			5016			1000	100000
5318	52	418			501			1000	100000
5318	31	1045			1254			1000	120000
5318	20	1000	209		1000	250		1000	120000
5318	58	418			501			1000	120000
5318	43	836			1003			1000	120000
5319	54	59			70			1000	60000
5319	13	236			283			1000	80000
5319	12	236			283			1000	80000
5319	11	236		236	283		283	1000	100000
5319	25	4720			5664			1000	100000
5319	52	472			566			1000	100000
5319	31	1180			1416			1000	120000
5319	20	1000	236		1000	283		1000	120000
5319	58	472			566			1000	120000
5319	43	944			1132			1000	120000
5320	54	66			80			1000	60000
5320	13	267			320			1000	80000
5320	12	267			320			1000	80000
5320	11	267		267	320		320	1000	100000
5320	25	5340			6408			1000	100000
5320	52	534			640			1000	100000
5320	31	1335			1602			1000	120000
5320	20	1000	267		1000	320		1000	120000
5320	58	534			640			1000	120000
5320	43	1068			1281			1000	120000
