nTemplateId	nBaseAttrNum	nBaseAttrGroupId	nExtAttrNum	nExtAttrGroupId	nOrder	nSeries	nFightPower
251101	1	1101	2	1101	1	1	1600
251102	1	1102	2	1102	2	1	1920
251103	1	1103	2	1103	3	1	2304
251104	1	1104	2	1104	4	1	2765
251105	1	1105	2	1105	5	1	3319
251106	1	1106	2	1106	6	1	3983
251107	1	1107	2	1107	7	1	4740
251108	1	1108	2	1108	8	1	5594
251109	1	1109	2	1109	9	1	6545
251110	1	1110	2	1110	10	1	7593
251111	1	1111	2	1111	11	1	8732
251112	1	1112	2	1112	12	1	9999
251113	1	1113	2	1113	13	1	11399
251114	1	1114	2	1114	14	1	12938
251115	1	1115	2	1115	15	1	14620
251116	1	1116	2	1116	16	1	16521
251117	1	1117	2	1117	17	1	18669
251118	1	1118	2	1118	18	1	21096
251119	1	1119	2	1119	19	1	23840
251120	1	1120	2	1120	20	1	26940
251201	1	1201	3	1201	1	1	1800
251202	1	1202	3	1202	2	1	2160
251203	1	1203	3	1203	3	1	2592
251204	1	1204	3	1204	4	1	3111
251205	1	1205	3	1205	5	1	3734
251206	1	1206	3	1206	6	1	4481
251207	1	1207	3	1207	7	1	5333
251208	1	1208	3	1208	8	1	6293
251209	1	1209	3	1209	9	1	7363
251210	1	1210	3	1210	10	1	8542
251211	1	1211	3	1211	11	1	9824
251212	1	1212	3	1212	12	1	11249
251213	1	1213	3	1213	13	1	12824
251214	1	1214	3	1214	14	1	14555
251215	1	1215	3	1215	15	1	16448
251216	1	1216	3	1216	16	1	18586
251217	1	1217	3	1217	17	1	21003
251218	1	1218	3	1218	18	1	23733
251219	1	1219	3	1219	19	1	26820
251220	1	1220	3	1220	20	1	30307
251301	2	1301	4	1301	1	1	2000
251302	2	1302	4	1302	2	1	2400
251303	2	1303	4	1303	3	1	2880
251304	2	1304	4	1304	4	1	3457
251305	2	1305	4	1305	5	1	4149
251306	2	1306	4	1306	6	1	4979
251307	2	1307	4	1307	7	1	5926
251308	2	1308	4	1308	8	1	6993
251309	2	1309	4	1309	9	1	8182
251310	2	1310	4	1310	10	1	9492
251311	2	1311	4	1311	11	1	10916
251312	2	1312	4	1312	12	1	12499
251313	2	1313	4	1313	13	1	14249
251314	2	1314	4	1314	14	1	16173
251315	2	1315	4	1315	15	1	18276
251316	2	1316	4	1316	16	1	20652
251317	2	1317	4	1317	17	1	23337
251318	2	1318	4	1318	18	1	26371
251319	2	1319	4	1319	19	1	29800
251320	2	1320	4	1320	20	1	33675
252101	1	2101	2	2101	1	2	1600
252102	1	2102	2	2102	2	2	1920
252103	1	2103	2	2103	3	2	2304
252104	1	2104	2	2104	4	2	2765
252105	1	2105	2	2105	5	2	3319
252106	1	2106	2	2106	6	2	3983
252107	1	2107	2	2107	7	2	4740
252108	1	2108	2	2108	8	2	5594
252109	1	2109	2	2109	9	2	6545
252110	1	2110	2	2110	10	2	7593
252111	1	2111	2	2111	11	2	8732
252112	1	2112	2	2112	12	2	9999
252113	1	2113	2	2113	13	2	11399
252114	1	2114	2	2114	14	2	12938
252115	1	2115	2	2115	15	2	14620
252116	1	2116	2	2116	16	2	16521
252117	1	2117	2	2117	17	2	18669
252118	1	2118	2	2118	18	2	21096
252119	1	2119	2	2119	19	2	23840
252120	1	2120	2	2120	20	2	26940
252201	1	2201	3	2201	1	2	1800
252202	1	2202	3	2202	2	2	2160
252203	1	2203	3	2203	3	2	2592
252204	1	2204	3	2204	4	2	3111
252205	1	2205	3	2205	5	2	3734
252206	1	2206	3	2206	6	2	4481
252207	1	2207	3	2207	7	2	5333
252208	1	2208	3	2208	8	2	6293
252209	1	2209	3	2209	9	2	7363
252210	1	2210	3	2210	10	2	8542
252211	1	2211	3	2211	11	2	9824
252212	1	2212	3	2212	12	2	11249
252213	1	2213	3	2213	13	2	12824
252214	1	2214	3	2214	14	2	14555
252215	1	2215	3	2215	15	2	16448
252216	1	2216	3	2216	16	2	18586
252217	1	2217	3	2217	17	2	21003
252218	1	2218	3	2218	18	2	23733
252219	1	2219	3	2219	19	2	26820
252220	1	2220	3	2220	20	2	30307
252301	2	2301	4	2301	1	2	2000
252302	2	2302	4	2302	2	2	2400
252303	2	2303	4	2303	3	2	2880
252304	2	2304	4	2304	4	2	3457
252305	2	2305	4	2305	5	2	4149
252306	2	2306	4	2306	6	2	4979
252307	2	2307	4	2307	7	2	5926
252308	2	2308	4	2308	8	2	6993
252309	2	2309	4	2309	9	2	8182
252310	2	2310	4	2310	10	2	9492
252311	2	2311	4	2311	11	2	10916
252312	2	2312	4	2312	12	2	12499
252313	2	2313	4	2313	13	2	14249
252314	2	2314	4	2314	14	2	16173
252315	2	2315	4	2315	15	2	18276
252316	2	2316	4	2316	16	2	20652
252317	2	2317	4	2317	17	2	23337
252318	2	2318	4	2318	18	2	26371
252319	2	2319	4	2319	19	2	29800
252320	2	2320	4	2320	20	2	33675
253101	1	3101	2	3101	1	3	1600
253102	1	3102	2	3102	2	3	1920
253103	1	3103	2	3103	3	3	2304
253104	1	3104	2	3104	4	3	2765
253105	1	3105	2	3105	5	3	3319
253106	1	3106	2	3106	6	3	3983
253107	1	3107	2	3107	7	3	4740
253108	1	3108	2	3108	8	3	5594
253109	1	3109	2	3109	9	3	6545
253110	1	3110	2	3110	10	3	7593
253111	1	3111	2	3111	11	3	8732
253112	1	3112	2	3112	12	3	9999
253113	1	3113	2	3113	13	3	11399
253114	1	3114	2	3114	14	3	12938
253115	1	3115	2	3115	15	3	14620
253116	1	3116	2	3116	16	3	16521
253117	1	3117	2	3117	17	3	18669
253118	1	3118	2	3118	18	3	21096
253119	1	3119	2	3119	19	3	23840
253120	1	3120	2	3120	20	3	26940
253201	1	3201	3	3201	1	3	1800
253202	1	3202	3	3202	2	3	2160
253203	1	3203	3	3203	3	3	2592
253204	1	3204	3	3204	4	3	3111
253205	1	3205	3	3205	5	3	3734
253206	1	3206	3	3206	6	3	4481
253207	1	3207	3	3207	7	3	5333
253208	1	3208	3	3208	8	3	6293
253209	1	3209	3	3209	9	3	7363
253210	1	3210	3	3210	10	3	8542
253211	1	3211	3	3211	11	3	9824
253212	1	3212	3	3212	12	3	11249
253213	1	3213	3	3213	13	3	12824
253214	1	3214	3	3214	14	3	14555
253215	1	3215	3	3215	15	3	16448
253216	1	3216	3	3216	16	3	18586
253217	1	3217	3	3217	17	3	21003
253218	1	3218	3	3218	18	3	23733
253219	1	3219	3	3219	19	3	26820
253220	1	3220	3	3220	20	3	30307
253301	2	3301	4	3301	1	3	2000
253302	2	3302	4	3302	2	3	2400
253303	2	3303	4	3303	3	3	2880
253304	2	3304	4	3304	4	3	3457
253305	2	3305	4	3305	5	3	4149
253306	2	3306	4	3306	6	3	4979
253307	2	3307	4	3307	7	3	5926
253308	2	3308	4	3308	8	3	6993
253309	2	3309	4	3309	9	3	8182
253310	2	3310	4	3310	10	3	9492
253311	2	3311	4	3311	11	3	10916
253312	2	3312	4	3312	12	3	12499
253313	2	3313	4	3313	13	3	14249
253314	2	3314	4	3314	14	3	16173
253315	2	3315	4	3315	15	3	18276
253316	2	3316	4	3316	16	3	20652
253317	2	3317	4	3317	17	3	23337
253318	2	3318	4	3318	18	3	26371
253319	2	3319	4	3319	19	3	29800
253320	2	3320	4	3320	20	3	33675
254101	1	4101	2	4101	1	4	1600
254102	1	4102	2	4102	2	4	1920
254103	1	4103	2	4103	3	4	2304
254104	1	4104	2	4104	4	4	2765
254105	1	4105	2	4105	5	4	3319
254106	1	4106	2	4106	6	4	3983
254107	1	4107	2	4107	7	4	4740
254108	1	4108	2	4108	8	4	5594
254109	1	4109	2	4109	9	4	6545
254110	1	4110	2	4110	10	4	7593
254111	1	4111	2	4111	11	4	8732
254112	1	4112	2	4112	12	4	9999
254113	1	4113	2	4113	13	4	11399
254114	1	4114	2	4114	14	4	12938
254115	1	4115	2	4115	15	4	14620
254116	1	4116	2	4116	16	4	16521
254117	1	4117	2	4117	17	4	18669
254118	1	4118	2	4118	18	4	21096
254119	1	4119	2	4119	19	4	23840
254120	1	4120	2	4120	20	4	26940
254201	1	4201	3	4201	1	4	1800
254202	1	4202	3	4202	2	4	2160
254203	1	4203	3	4203	3	4	2592
254204	1	4204	3	4204	4	4	3111
254205	1	4205	3	4205	5	4	3734
254206	1	4206	3	4206	6	4	4481
254207	1	4207	3	4207	7	4	5333
254208	1	4208	3	4208	8	4	6293
254209	1	4209	3	4209	9	4	7363
254210	1	4210	3	4210	10	4	8542
254211	1	4211	3	4211	11	4	9824
254212	1	4212	3	4212	12	4	11249
254213	1	4213	3	4213	13	4	12824
254214	1	4214	3	4214	14	4	14555
254215	1	4215	3	4215	15	4	16448
254216	1	4216	3	4216	16	4	18586
254217	1	4217	3	4217	17	4	21003
254218	1	4218	3	4218	18	4	23733
254219	1	4219	3	4219	19	4	26820
254220	1	4220	3	4220	20	4	30307
254301	2	4301	4	4301	1	4	2000
254302	2	4302	4	4302	2	4	2400
254303	2	4303	4	4303	3	4	2880
254304	2	4304	4	4304	4	4	3457
254305	2	4305	4	4305	5	4	4149
254306	2	4306	4	4306	6	4	4979
254307	2	4307	4	4307	7	4	5926
254308	2	4308	4	4308	8	4	6993
254309	2	4309	4	4309	9	4	8182
254310	2	4310	4	4310	10	4	9492
254311	2	4311	4	4311	11	4	10916
254312	2	4312	4	4312	12	4	12499
254313	2	4313	4	4313	13	4	14249
254314	2	4314	4	4314	14	4	16173
254315	2	4315	4	4315	15	4	18276
254316	2	4316	4	4316	16	4	20652
254317	2	4317	4	4317	17	4	23337
254318	2	4318	4	4318	18	4	26371
254319	2	4319	4	4319	19	4	29800
254320	2	4320	4	4320	20	4	33675
255101	1	5101	2	5101	1	5	1600
255102	1	5102	2	5102	2	5	1920
255103	1	5103	2	5103	3	5	2304
255104	1	5104	2	5104	4	5	2765
255105	1	5105	2	5105	5	5	3319
255106	1	5106	2	5106	6	5	3983
255107	1	5107	2	5107	7	5	4740
255108	1	5108	2	5108	8	5	5594
255109	1	5109	2	5109	9	5	6545
255110	1	5110	2	5110	10	5	7593
255111	1	5111	2	5111	11	5	8732
255112	1	5112	2	5112	12	5	9999
255113	1	5113	2	5113	13	5	11399
255114	1	5114	2	5114	14	5	12938
255115	1	5115	2	5115	15	5	14620
255116	1	5116	2	5116	16	5	16521
255117	1	5117	2	5117	17	5	18669
255118	1	5118	2	5118	18	5	21096
255119	1	5119	2	5119	19	5	23840
255120	1	5120	2	5120	20	5	26940
255201	1	5201	3	5201	1	5	1800
255202	1	5202	3	5202	2	5	2160
255203	1	5203	3	5203	3	5	2592
255204	1	5204	3	5204	4	5	3111
255205	1	5205	3	5205	5	5	3734
255206	1	5206	3	5206	6	5	4481
255207	1	5207	3	5207	7	5	5333
255208	1	5208	3	5208	8	5	6293
255209	1	5209	3	5209	9	5	7363
255210	1	5210	3	5210	10	5	8542
255211	1	5211	3	5211	11	5	9824
255212	1	5212	3	5212	12	5	11249
255213	1	5213	3	5213	13	5	12824
255214	1	5214	3	5214	14	5	14555
255215	1	5215	3	5215	15	5	16448
255216	1	5216	3	5216	16	5	18586
255217	1	5217	3	5217	17	5	21003
255218	1	5218	3	5218	18	5	23733
255219	1	5219	3	5219	19	5	26820
255220	1	5220	3	5220	20	5	30307
255301	2	5301	4	5301	1	5	2000
255302	2	5302	4	5302	2	5	2400
255303	2	5303	4	5303	3	5	2880
255304	2	5304	4	5304	4	5	3457
255305	2	5305	4	5305	5	5	4149
255306	2	5306	4	5306	6	5	4979
255307	2	5307	4	5307	7	5	5926
255308	2	5308	4	5308	8	5	6993
255309	2	5309	4	5309	9	5	8182
255310	2	5310	4	5310	10	5	9492
255311	2	5311	4	5311	11	5	10916
255312	2	5312	4	5312	12	5	12499
255313	2	5313	4	5313	13	5	14249
255314	2	5314	4	5314	14	5	16173
255315	2	5315	4	5315	15	5	18276
255316	2	5316	4	5316	16	5	20652
255317	2	5317	4	5317	17	5	23337
255318	2	5318	4	5318	18	5	26371
255319	2	5319	4	5319	19	5	29800
255320	2	5320	4	5320	20	5	33675
