NpcName	ShowName	NpcTemplateId	NpcLevel	TitleID	XPos	YPos	ZPos	CanAutoPath	StandDir	NpcSeriesAuto	Removewhendeath	IsMapMonster	NpcPath	bPathRecycle	nShareType		
<i18n=21034>	<i18n=21034>	6124	1		45628	78550	0	0	191	-1	0	0			
<i18n=21034>	<i18n=21034>	6124	1		46707	78567	0	0	191	-1	0	0			
<i18n=21034>	<i18n=21034>	6124	1		45637	77012	0	0	191	-1	0	0			
<i18n=15415>	<i18n=15415>	6125	1		46757	76878	0	0	191	-1	0	0			
<i18n=21034>	<i18n=21034>	6124	1		45653	75490	0	0	191	-1	0	0			
<i18n=21034>	<i18n=21034>	6124	1		46749	75290	0	0	191	-1	0	0			
<i18n=21034>	<i18n=21034>	6124	1		19848	51590	0	0	191	-1	0	0			
<i18n=21034>	<i18n=21034>	6124	1		20749	51637	0	0	191	-1	0	0			
<i18n=21034>	<i18n=21034>	6124	1		19896	50089	0	0	191	-1	0	0			
<i18n=15415>	<i18n=15415>	6125	1		20804	50026	0	0	191	-1	0	0			
<i18n=21034>	<i18n=21034>	6124	1		19896	48730	0	0	191	-1	0	0			
<i18n=21034>	<i18n=21034>	6124	1		20757	48683	0	0	191	-1	0	0			
<i18n=21034>	<i18n=21034>	6124	1		40794	31168	0	0	191	-1	0	0			
<i18n=21034>	<i18n=21034>	6124	1		41778	31226	0	0	191	-1	0	0			
<i18n=21034>	<i18n=21034>	6124	1		40772	29404	0	0	191	-1	0	0			
<i18n=15415>	<i18n=15415>	6125	1		41808	29462	0	0	191	-1	0	0			
<i18n=21034>	<i18n=21034>	6124	1		40816	27975	0	0	191	-1	0	0			
<i18n=21034>	<i18n=21034>	6124	1		41815	27873	0	0	191	-1	0	0			
<i18n=21034>	<i18n=21034>	6124	1		54331	39683	0	0	191	-1	0	0			
<i18n=21034>	<i18n=21034>	6124	1		55011	39739	0	0	191	-1	0	0			
<i18n=21034>	<i18n=21034>	6124	1		63873	29059	0	0	191	-1	0	0			
<i18n=21034>	<i18n=21034>	6124	1		54314	38611	0	0	191	-1	0	0			
<i18n=15415>	<i18n=15415>	6125	1		55005	38578	0	0	191	-1	0	0			
<i18n=21034>	<i18n=21034>	6124	1		63917	27854	0	0	191	-1	0	0			
<i18n=21034>	<i18n=21034>	6124	1		54264	37340	0	0	191	-1	0	0			
<i18n=21034>	<i18n=21034>	6124	1		54928	37340	0	0	191	-1	0	0			
<i18n=21034>	<i18n=21034>	6124	1		64764	27477	0	0	191	-1	0	0			
<i18n=21034>	<i18n=21034>	6124	1		64665	56587	0	0	191	-1	0	0			
<i18n=21034>	<i18n=21034>	6124	1		65683	56567	0	0	191	-1	0	0			
<i18n=21034>	<i18n=21034>	6124	1		64763	55065	0	0	191	-1	0	0			
<i18n=15415>	<i18n=15415>	6125	1		65633	54966	0	0	191	-1	0	0			
<i18n=21034>	<i18n=21034>	6124	1		64754	53582	0	0	191	-1	0	0			
<i18n=21034>	<i18n=21034>	6124	1		65623	53543	0	0	191	-1	0	0			
<i18n=21034>	<i18n=21034>	6124	1		83711	34701	0	0	191	-1	0	0			
<i18n=21034>	<i18n=21034>	6124	1		84756	34791	0	0	191	-1	0	0			
<i18n=15415>	<i18n=15415>	6125	1		83739	32885	0	0	191	-1	0	0			
<i18n=21034>	<i18n=21034>	6124	1		84846	32885	0	0	191	-1	0	0			
<i18n=21034>	<i18n=21034>	6124	1		83739	31468	0	0	191	-1	0	0			
<i18n=21034>	<i18n=21034>	6124	1		84783	31396	0	0	191	-1	0	0			
<i18n=21034>	<i18n=21034>	6124	1		27731	48324	0	0	191	-1	0	0			
<i18n=21034>	<i18n=21034>	6124	1		26751	49791	0	0	191	-1	0	0			
<i18n=21034>	<i18n=21034>	6124	1		26801	48177	0	0	191	-1	0	0			
<i18n=21034>	<i18n=21034>	6124	1		27682	49753	0	0	191	-1	0	0			
<i18n=21034>	<i18n=21034>	6124	1		13233	50680	0	0	191	-1	0	0			
<i18n=21034>	<i18n=21034>	6124	1		13274	48765	0	0	191	-1	0	0			
<i18n=21034>	<i18n=21034>	6124	1		14230	48692	0	0	191	-1	0	0			
<i18n=21034>	<i18n=21034>	6124	1		14283	50670	0	0	191	-1	0	0			
<i18n=21034>	<i18n=21034>	6124	1		40184	77977	0	0	191	-1	0	0			
<i18n=21034>	<i18n=21034>	6124	1		40155	76181	0	0	191	-1	0	0			
<i18n=21034>	<i18n=21034>	6124	1		41246	76146	0	0	191	-1	0	0			
<i18n=21034>	<i18n=21034>	6124	1		41258	78011	0	0	191	-1	0	0			
<i18n=21034>	<i18n=21034>	6124	1		53645	76743	0	0	191	-1	0	0			
<i18n=21034>	<i18n=21034>	6124	1		53686	75077	0	0	191	-1	0	0			
<i18n=21034>	<i18n=21034>	6124	1		54749	75067	0	0	191	-1	0	0			
<i18n=21034>	<i18n=21034>	6124	1		54814	76718	0	0	191	-1	0	0			
<i18n=21034>	<i18n=21034>	6124	1		33498	60886	0	0	191	-1	0	0			
<i18n=21034>	<i18n=21034>	6124	1		33870	59474	0	0	191	-1	0	0			
<i18n=21034>	<i18n=21034>	6124	1		34506	59886	0	0	191	-1	0	0			
<i18n=21034>	<i18n=21034>	6124	1		35006	59386	0	0	191	-1	0	0			
<i18n=21034>	<i18n=21034>	6124	1		33998	60386	0	0	191	-1	0	0			
<i18n=15415>	<i18n=15415>	6125	1		34721	60474	0	0	191	-1	0	0			
<i18n=21034>	<i18n=21034>	6124	1		76591	40280	0	0	191	-1	0	0			
<i18n=21034>	<i18n=21034>	6124	1		76586	38721	0	0	191	-1	0	0			
<i18n=21034>	<i18n=21034>	6124	1		77670	38719	0	0	191	-1	0	0			
<i18n=21034>	<i18n=21034>	6124	1		77666	40271	0	0	191	-1	0	0			
<i18n=21034>	<i18n=21034>	6124	1		64846	28941	0	0	191	-1	0	0			
<i18n=21034>	<i18n=21034>	6124	1		64385	26840	0	0	191	-1	0	0			
<i18n=21034>	<i18n=21034>	6124	1		54276	16700	0	0	191	-1	0	0			
<i18n=21034>	<i18n=21034>	6124	1		53706	18440	0	0	191	-1	0	0			
<i18n=21034>	<i18n=21034>	6124	1		53736	17178	0	0	191	-1	0	0			
<i18n=21034>	<i18n=21034>	6124	1		54706	17440	0	0	191	-1	0	0			
<i18n=21034>	<i18n=21034>	6124	1		54756	18514	0	0	191	-1	0	0			
<i18n=15415>	<i18n=15415>	6125	1		54230	17774	0	0	191	-1	0	0			
<i18n=21034>	<i18n=21034>	6124	1		32375	37390	0	0	191	-1	0	0			
<i18n=21034>	<i18n=21034>	6124	1		32875	36890	0	0	191	-1	0	0			
<i18n=21034>	<i18n=21034>	6124	1		33375	36390	0	0	191	-1	0	0			
<i18n=21034>	<i18n=21034>	6124	1		33875	35890	0	0	191	-1	0	0			
<i18n=21034>	<i18n=21034>	6124	1		57903	62022	0	0	191	-1	0	0			
<i18n=21034>	<i18n=21034>	6124	1		57915	63247	0	0	191	-1	0	0			
<i18n=21034>	<i18n=21034>	6124	1		58667	63228	0	0	191	-1	0	0			
<i18n=21034>	<i18n=21034>	6124	1		58662	61905	0	0	191	-1	0	0		
