nBuffId	nObjId	nDeathTime	nSkillId	nSkillLevel	nParam1	nParam2	nShowBuffId	nDistance
1	1	10	1510	1	-1	-1
2	2	10	1509	1	-1	-1
3	17	10	1507	5	-1	-1
4	28	10	688	1	-1	-1
5	28	10	1435	1	-1	-1
6	32	10	1611	1	-1	-1
7	33	300	1643	1	-1	-1
8	28	300	1642	1	-1	-1
9	12201	10	10448	1	-1	-1
10	12201	10	10449	1	-1	-1
11	12201	10	10450	1	-1	-1
12	12201	10	10451	1	-1	-1
13	13357	600	30104	1				1500
14	13358	600	30103	1				1500
15	13359	600	30102	1				1500
16	13360	600	30100	1				1500
17	13361	600	30101	1				1500
18	13362	600						1000
19	13481	180						1500
20	13482	180						1500
21	13483	180						1500
22	13484	180						1500
23	13485	180						1500
24	13486	180						1500
25	13487	180						1500
26	13488	180						1500
