NpcName	NpcTemplateId	NpcLevel	TitleID	XPos	YPos	ZPos	CanAutoPath	StandDir	NpcSeriesAuto	Removewhendeath	IsMapMonster	NpcPath	bPathRecycle	nShareType	ShowName	LevelSettingKey
<i18n=9270>	7045	20		115432	124459	0	0	160	-1	0	0			1	
<i18n=6538>	7043	20		56078	73040	0	0	0	-1	0	0			1	
<i18n=6984>	7039	20		59143	71309	0	0	160	-1	0	0			1	
<i18n=13877>	7029	20		53334	69497	0	0	0	-1	0	0			1	
<i18n=3707>	7042	20		60919	67963	0	0	100	-1	0	0			1	
<i18n=14438>	7049	20		53760	39247	0	0	160	-1	0	0			1	
<i18n=15168>	7051	20		73471	72611	0	0	220	-1	0	0			1	
<i18n=898>	7052	20		49281	46255	0	0	0	-1	0	0			1	
<i18n=15454>	7053	20		56157	48752	0	0	0	-1	0	0			1	
<i18n=11633>	7054	20		100845	128157	0	0	191	-1	0	0			1	
<i18n=13116>	7060	20		82832	119765	0	0	0	-1	0	0			1	
<i18n=5555>	7059	20		74340	146375	0	0	0	-1	0	0			1	
<i18n=1506>	7063	20		46143	112160	0	0	0	-1	0	0			1	
<i18n=44>	7061	20		71439	106401	0	0	0	-1	0	0			1	
<i18n=4753>	10008	1		30144	29648	0	0	191	-1	0	0			1	
<i18n=11633>	7104	1		111982	122861	0	0	191	-1	0	0			1	
<i18n=5392>	7058	1		111610	117241	0	0	160	-1	0	0			1	
<i18n=8012>	11032	1		49029	100513	0	0	191	-1	0	0			1	
<i18n=8012>	11032	1		50225	97583	0	0	191	-1	0	0			1	
<i18n=8012>	11032	1		51475	101102	0	0	191	-1	0	0			1	
<i18n=4788>	11037	1		51877	97801	0	0	191	-1	0	0			1	
<i18n=4788>	11037	1		51726	102704	0	0	191	-1	0	0			1	
<i18n=4788>	11037	1		48238	98922	0	0	191	-1	0	0			1	
<i18n=3421>	9004	20		78992	151615	0	0	191	-1	0	0			1		maplevel190	
<i18n=3421>	9004	20		82722	149183	0	0	191	-1	0	0			1		maplevel190	
<i18n=3421>	9004	20		82791	146776	0	0	191	-1	0	0			1		maplevel190	
<i18n=3421>	9004	20		81975	145146	0	0	191	-1	0	0			1		maplevel190	
<i18n=3421>	9004	20		80579	144782	0	0	191	-1	0	0			1		maplevel190	
<i18n=3421>	9004	20		77913	146696	0	0	191	-1	0	0			1		maplevel190	
<i18n=3421>	9004	20		77797	148527	0	0	191	-1	0	0			1		maplevel190	
<i18n=3421>	9004	20		78155	150066	0	0	191	-1	0	0			1		maplevel190	
<i18n=3421>	9004	20		79409	150156	0	0	191	-1	0	0			1		maplevel190	
<i18n=3421>	9004	20		81275	150308	0	0	191	-1	0	0			1		maplevel190	
<i18n=3421>	9004	20		81421	147002	0	0	191	-1	0	0			1		maplevel190	
<i18n=3421>	9004	20		80568	152098	0	0	191	-1	0	0			1		maplevel190	
<i18n=3421>	9004	20		79452	147114	0	0	191	-1	0	0			1		maplevel190	
<i18n=3421>	9004	20		79005	145325	0	0	191	-1	0	0			1		maplevel190	
<i18n=3421>	9004	20		67038	164326	0	0	191	-1	0	0			1		maplevel190	
<i18n=3421>	9004	20		68511	164491	0	0	191	-1	0	0			1		maplevel190	
<i18n=3421>	9004	20		69883	163833	0	0	191	-1	0	0			1		maplevel190	
<i18n=3421>	9004	20		70750	160229	0	0	191	-1	0	0			1		maplevel190	
<i18n=3421>	9004	20		69609	158189	0	0	191	-1	0	0			1		maplevel190	
<i18n=3421>	9004	20		68511	157570	0	0	191	-1	0	0			1		maplevel190	
<i18n=3421>	9004	20		66770	157930	0	0	191	-1	0	0			1		maplevel190	
<i18n=3421>	9004	20		65579	158989	0	0	191	-1	0	0			1		maplevel190	
<i18n=3421>	9004	20		65408	161036	0	0	191	-1	0	0			1		maplevel190	
<i18n=3421>	9004	20		66072	163079	0	0	191	-1	0	0			1		maplevel190	
<i18n=3421>	9004	20		67888	160799	0	0	191	-1	0	0			1		maplevel190	
<i18n=3421>	9004	20		69235	162388	0	0	191	-1	0	0			1		maplevel190	
<i18n=3421>	9004	20		69456	159175	0	0	191	-1	0	0			1		maplevel190	
<i18n=3421>	9004	20		66781	159187	0	0	191	-1	0	0			1		maplevel190	
<i18n=3421>	9004	20		66872	162094	0	0	191	-1	0	0			1		maplevel190	
<i18n=3421>	9004	20		84678	140102	0	0	191	-1	0	0			1		maplevel190	
<i18n=3421>	9004	20		87157	141705	0	0	191	-1	0	0			1		maplevel190	
<i18n=3421>	9004	20		88451	141402	0	0	191	-1	0	0			1		maplevel190	
<i18n=3421>	9004	20		89356	139478	0	0	191	-1	0	0			1		maplevel190	
<i18n=3421>	9004	20		88806	135528	0	0	191	-1	0	0			1		maplevel190	
<i18n=3421>	9004	20		87544	134720	0	0	191	-1	0	0			1		maplevel190	
<i18n=3421>	9004	20		85672	134758	0	0	191	-1	0	0			1		maplevel190	
<i18n=3421>	9004	20		84445	136232	0	0	191	-1	0	0			1		maplevel190	
<i18n=3421>	9004	20		84209	138357	0	0	191	-1	0	0			1		maplevel190	
<i18n=3421>	9004	20		85663	139697	0	0	191	-1	0	0			1		maplevel190	
<i18n=3421>	9004	20		88162	139848	0	0	191	-1	0	0			1		maplevel190	
<i18n=3421>	9004	20		87002	138055	0	0	191	-1	0	0			1		maplevel190	
<i18n=3421>	9004	20		85725	141517	0	0	191	-1	0	0			1		maplevel190	
<i18n=3421>	9004	20		88086	136358	0	0	191	-1	0	0			1		maplevel190	
<i18n=3421>	9004	20		85853	136224	0	0	191	-1	0	0			1		maplevel190	
<i18n=3421>	9004	20		104883	114500	0	0	191	-1	0	0			1		maplevel190	
<i18n=3421>	9004	20		106239	114793	0	0	191	-1	0	0			1		maplevel190	
<i18n=3421>	9004	20		107859	114569	0	0	191	-1	0	0			1		maplevel190	
<i18n=3421>	9004	20		109021	113488	0	0	191	-1	0	0			1		maplevel190	
<i18n=3421>	9004	20		109433	111484	0	0	191	-1	0	0			1		maplevel190	
<i18n=3421>	9004	20		108386	107580	0	0	191	-1	0	0			1		maplevel190	
<i18n=3421>	9004	20		106766	107504	0	0	191	-1	0	0			1		maplevel190	
<i18n=3421>	9004	20		104965	108163	0	0	191	-1	0	0			1		maplevel190	
<i18n=3421>	9004	20		104352	110438	0	0	191	-1	0	0			1		maplevel190	
<i18n=3421>	9004	20		109419	109362	0	0	191	-1	0	0			1		maplevel190	
<i18n=3421>	9004	20		105499	112414	0	0	191	-1	0	0			1		maplevel190	
<i18n=3421>	9004	20		107000	111197	0	0	191	-1	0	0			1		maplevel190	
<i18n=3421>	9004	20		108310	109392	0	0	191	-1	0	0			1		maplevel190	
<i18n=3421>	9004	20		105574	109642	0	0	191	-1	0	0			1		maplevel190	
<i18n=3421>	9004	20		108232	112570	0	0	191	-1	0	0			1		maplevel190	
<i18n=3421>	9004	20		66461	129599	0	0	191	-1	0	0			1		maplevel190	
<i18n=3421>	9004	20		67715	130793	0	0	191	-1	0	0			1		maplevel190	
<i18n=3421>	9004	20		69253	130339	0	0	191	-1	0	0			1		maplevel190	
<i18n=3421>	9004	20		70561	129355	0	0	191	-1	0	0			1		maplevel190	
<i18n=3421>	9004	20		70333	124206	0	0	191	-1	0	0			1		maplevel190	
<i18n=3421>	9004	20		69205	123731	0	0	191	-1	0	0			1		maplevel190	
<i18n=3421>	9004	20		66937	124032	0	0	191	-1	0	0			1		maplevel190	
<i18n=3421>	9004	20		66012	125689	0	0	191	-1	0	0			1		maplevel190	
<i18n=3421>	9004	20		66021	127534	0	0	191	-1	0	0			1		maplevel190	
<i18n=3421>	9004	20		68653	126837	0	0	191	-1	0	0			1		maplevel190	
<i18n=3421>	9004	20		67260	128787	0	0	191	-1	0	0			1		maplevel190	
<i18n=3421>	9004	20		69734	128426	0	0	191	-1	0	0			1		maplevel190	
<i18n=3421>	9004	20		69874	125433	0	0	191	-1	0	0			1		maplevel190	
<i18n=3421>	9004	20		67312	125465	0	0	191	-1	0	0			1		maplevel190	
<i18n=3421>	9004	20		70776	126213	0	0	191	-1	0	0			1		maplevel190	
<i18n=3421>	9004	20		85610	117321	0	0	191	-1	0	0			1		maplevel190	
<i18n=3421>	9004	20		86718	119153	0	0	191	-1	0	0			1		maplevel190	
<i18n=3421>	9004	20		87851	119930	0	0	191	-1	0	0			1		maplevel190	
<i18n=3421>	9004	20		89101	119523	0	0	191	-1	0	0			1		maplevel190	
<i18n=3421>	9004	20		90448	119027	0	0	191	-1	0	0			1		maplevel190	
<i18n=3421>	9004	20		90414	113269	0	0	191	-1	0	0			1		maplevel190	
<i18n=3421>	9004	20		88766	112674	0	0	191	-1	0	0			1		maplevel190	
<i18n=3421>	9004	20		86902	112892	0	0	191	-1	0	0			1		maplevel190	
<i18n=3421>	9004	20		85676	115164	0	0	191	-1	0	0			1		maplevel190	
<i18n=3421>	9004	20		86991	117554	0	0	191	-1	0	0			1		maplevel190	
<i18n=3421>	9004	20		90796	115530	0	0	191	-1	0	0			1		maplevel190	
<i18n=3421>	9004	20		89613	117783	0	0	191	-1	0	0			1		maplevel190	
<i18n=3421>	9004	20		89730	114205	0	0	191	-1	0	0			1		maplevel190	
<i18n=3421>	9004	20		87163	114664	0	0	191	-1	0	0			1		maplevel190	
<i18n=3421>	9004	20		88462	116066	0	0	191	-1	0	0			1		maplevel190	
<i18n=2803>	9005	20		60182	29788	0	0	191	-1	0	0			1		maplevel190	
<i18n=2803>	9005	20		58861	33088	0	0	191	-1	0	0			1		maplevel190	
<i18n=2803>	9005	20		60543	37444	0	0	191	-1	0	0			1		maplevel190	
<i18n=2803>	9005	20		63399	35930	0	0	191	-1	0	0			1		maplevel190	
<i18n=2803>	9005	20		64022	33742	0	0	191	-1	0	0			1		maplevel190	
<i18n=2803>	9005	20		64114	31900	0	0	191	-1	0	0			1		maplevel190	
<i18n=2803>	9005	20		63212	30216	0	0	191	-1	0	0			1		maplevel190	
<i18n=2803>	9005	20		61739	29546	0	0	191	-1	0	0			1		maplevel190	
<i18n=2803>	9005	20		59255	36528	0	0	191	-1	0	0			1		maplevel190	
<i18n=2803>	9005	20		60209	35398	0	0	191	-1	0	0			1		maplevel190	
<i18n=2803>	9005	20		62372	35314	0	0	191	-1	0	0			1		maplevel190	
<i18n=2803>	9005	20		62551	31911	0	0	191	-1	0	0			1		maplevel190	
<i18n=2803>	9005	20		60363	32146	0	0	191	-1	0	0			1		maplevel190	
<i18n=2803>	9005	20		58610	35071	0	0	191	-1	0	0			1		maplevel190	
<i18n=2803>	9005	20		72171	33937	0	0	191	-1	0	0			1		maplevel190	
<i18n=2803>	9005	20		70748	31008	0	0	191	-1	0	0			1		maplevel190	
<i18n=2803>	9005	20		73540	34447	0	0	191	-1	0	0			1		maplevel190	
<i18n=2803>	9005	20		74966	33614	0	0	191	-1	0	0			1		maplevel190	
<i18n=2803>	9005	20		75812	31278	0	0	191	-1	0	0			1		maplevel190	
<i18n=2803>	9005	20		75767	29225	0	0	191	-1	0	0			1		maplevel190	
<i18n=2803>	9005	20		75245	26996	0	0	191	-1	0	0			1		maplevel190	
<i18n=2803>	9005	20		74327	25992	0	0	191	-1	0	0			1		maplevel190	
<i18n=2803>	9005	20		71482	26637	0	0	191	-1	0	0			1		maplevel190	
<i18n=2803>	9005	20		71094	33056	0	0	191	-1	0	0			1		maplevel190	
<i18n=2803>	9005	20		72221	31613	0	0	191	-1	0	0			1		maplevel190	
<i18n=2803>	9005	20		74243	31813	0	0	191	-1	0	0			1		maplevel190	
<i18n=2803>	9005	20		74283	28429	0	0	191	-1	0	0			1		maplevel190	
<i18n=2803>	9005	20		72404	28222	0	0	191	-1	0	0			1		maplevel190	
<i18n=2803>	9005	20		72761	25864	0	0	191	-1	0	0			1		maplevel190	
<i18n=2803>	9005	20		87900	52816	0	0	191	-1	0	0			1		maplevel190	
<i18n=2803>	9005	20		89003	53924	0	0	191	-1	0	0			1		maplevel190	
<i18n=2803>	9005	20		90377	54162	0	0	191	-1	0	0			1		maplevel190	
<i18n=2803>	9005	20		91734	53011	0	0	191	-1	0	0			1		maplevel190	
<i18n=2803>	9005	20		92173	48888	0	0	191	-1	0	0			1		maplevel190	
<i18n=2803>	9005	20		90461	46770	0	0	191	-1	0	0			1		maplevel190	
<i18n=2803>	9005	20		89292	46682	0	0	191	-1	0	0			1		maplevel190	
<i18n=2803>	9005	20		87877	47047	0	0	191	-1	0	0			1		maplevel190	
<i18n=2803>	9005	20		87178	51040	0	0	191	-1	0	0			1		maplevel190	
<i18n=2803>	9005	20		88797	51641	0	0	191	-1	0	0			1		maplevel190	
<i18n=2803>	9005	20		90669	51545	0	0	191	-1	0	0			1		maplevel190	
<i18n=2803>	9005	20		92193	51000	0	0	191	-1	0	0			1		maplevel190	
<i18n=2803>	9005	20		91838	47265	0	0	191	-1	0	0			1		maplevel190	
<i18n=2803>	9005	20		88804	48613	0	0	191	-1	0	0			1		maplevel190	
<i18n=2803>	9005	20		90757	48558	0	0	191	-1	0	0			1		maplevel190	
<i18n=2803>	9005	20		89146	67306	0	0	191	-1	0	0			1		maplevel190	
<i18n=2803>	9005	20		89726	69444	0	0	191	-1	0	0			1		maplevel190	
<i18n=2803>	9005	20		91269	69717	0	0	191	-1	0	0			1		maplevel190	
<i18n=2803>	9005	20		92686	69355	0	0	191	-1	0	0			1		maplevel190	
<i18n=2803>	9005	20		94197	66055	0	0	191	-1	0	0			1		maplevel190	
<i18n=2803>	9005	20		94079	62976	0	0	191	-1	0	0			1		maplevel190	
<i18n=2803>	9005	20		92488	62193	0	0	191	-1	0	0			1		maplevel190	
<i18n=2803>	9005	20		91112	62080	0	0	191	-1	0	0			1		maplevel190	
<i18n=2803>	9005	20		89760	62901	0	0	191	-1	0	0			1		maplevel190	
<i18n=2803>	9005	20		93749	67801	0	0	191	-1	0	0			1		maplevel190	
<i18n=2803>	9005	20		90530	64196	0	0	191	-1	0	0			1		maplevel190	
<i18n=2803>	9005	20		94471	64442	0	0	191	-1	0	0			1		maplevel190	
<i18n=2803>	9005	20		92743	64605	0	0	191	-1	0	0			1		maplevel190	
<i18n=2803>	9005	20		90547	67471	0	0	191	-1	0	0			1		maplevel190	
<i18n=2803>	9005	20		92679	67274	0	0	191	-1	0	0			1		maplevel190	
<i18n=2803>	9005	20		43761	38593	0	0	191	-1	0	0			1		maplevel190	
<i18n=2803>	9005	20		44907	39878	0	0	191	-1	0	0			1		maplevel190	
<i18n=2803>	9005	20		45844	40770	0	0	191	-1	0	0			1		maplevel190	
<i18n=2803>	9005	20		47475	40124	0	0	191	-1	0	0			1		maplevel190	
<i18n=2803>	9005	20		48676	39247	0	0	191	-1	0	0			1		maplevel190	
<i18n=2803>	9005	20		48963	37019	0	0	191	-1	0	0			1		maplevel190	
<i18n=2803>	9005	20		48807	35090	0	0	191	-1	0	0			1		maplevel190	
<i18n=2803>	9005	20		48078	33540	0	0	191	-1	0	0			1		maplevel190	
<i18n=2803>	9005	20		45170	32902	0	0	191	-1	0	0			1		maplevel190	
<i18n=2803>	9005	20		46877	33037	0	0	191	-1	0	0			1		maplevel190	
<i18n=2803>	9005	20		45136	38342	0	0	191	-1	0	0			1		maplevel190	
<i18n=2803>	9005	20		43515	36324	0	0	191	-1	0	0			1		maplevel190	
<i18n=2803>	9005	20		47795	38216	0	0	191	-1	0	0			1		maplevel190	
<i18n=2803>	9005	20		47672	34978	0	0	191	-1	0	0			1		maplevel190	
<i18n=2803>	9005	20		45353	34850	0	0	191	-1	0	0			1		maplevel190	
<i18n=2803>	9005	20		46395	36767	0	0	191	-1	0	0			1		maplevel190	
<i18n=2803>	9005	20		86841	90849	0	0	191	-1	0	0			1		maplevel190	
<i18n=2803>	9005	20		87664	92613	0	0	191	-1	0	0			1		maplevel190	
<i18n=2803>	9005	20		89098	92672	0	0	191	-1	0	0			1		maplevel190	
<i18n=2803>	9005	20		91479	87893	0	0	191	-1	0	0			1		maplevel190	
<i18n=2803>	9005	20		91003	86359	0	0	191	-1	0	0			1		maplevel190	
<i18n=2803>	9005	20		89534	85259	0	0	191	-1	0	0			1		maplevel190	
<i18n=2803>	9005	20		87975	85694	0	0	191	-1	0	0			1		maplevel190	
<i18n=2803>	9005	20		87044	87164	0	0	191	-1	0	0			1		maplevel190	
<i18n=2803>	9005	20		86580	89149	0	0	191	-1	0	0			1		maplevel190	
<i18n=2803>	9005	20		87943	90957	0	0	191	-1	0	0			1		maplevel190	
<i18n=2803>	9005	20		90153	91031	0	0	191	-1	0	0			1		maplevel190	
<i18n=2803>	9005	20		91497	90569	0	0	191	-1	0	0			1		maplevel190	
<i18n=2803>	9005	20		90365	87495	0	0	191	-1	0	0			1		maplevel190	
<i18n=2803>	9005	20		88085	87577	0	0	191	-1	0	0			1		maplevel190	
<i18n=2803>	9005	20		88972	88854	0	0	191	-1	0	0			1		maplevel190	
<i18n=6500>	9007	20		14574	102580	0	0	191	-1	0	0			1		maplevel190	
<i18n=6500>	9007	20		15929	105521	0	0	191	-1	0	0			1		maplevel190	
<i18n=6500>	9007	20		17491	105898	0	0	191	-1	0	0			1		maplevel190	
<i18n=6500>	9007	20		19418	102880	0	0	191	-1	0	0			1		maplevel190	
<i18n=6500>	9007	20		19421	101096	0	0	191	-1	0	0			1		maplevel190	
<i18n=6500>	9007	20		19059	99633	0	0	191	-1	0	0			1		maplevel190	
<i18n=6500>	9007	20		17918	98688	0	0	191	-1	0	0			1		maplevel190	
<i18n=6500>	9007	20		15688	98734	0	0	191	-1	0	0			1		maplevel190	
<i18n=6500>	9007	20		16783	98431	0	0	191	-1	0	0			1		maplevel190	
<i18n=6500>	9007	20		16082	103874	0	0	191	-1	0	0			1		maplevel190	
<i18n=6500>	9007	20		18274	103660	0	0	191	-1	0	0			1		maplevel190	
<i18n=6500>	9007	20		18050	100699	0	0	191	-1	0	0			1		maplevel190	
<i18n=6500>	9007	20		14769	100715	0	0	191	-1	0	0			1		maplevel190	
<i18n=6500>	9007	20		15941	100462	0	0	191	-1	0	0			1		maplevel190	
<i18n=6500>	9007	20		20559	83936	0	0	191	-1	0	0			1		maplevel190	
<i18n=6500>	9007	20		21384	85284	0	0	191	-1	0	0			1		maplevel190	
<i18n=6500>	9007	20		22335	85950	0	0	191	-1	0	0			1		maplevel190	
<i18n=6500>	9007	20		23642	85876	0	0	191	-1	0	0			1		maplevel190	
<i18n=6500>	9007	20		24711	85073	0	0	191	-1	0	0			1		maplevel190	
<i18n=6500>	9007	20		24830	79292	0	0	191	-1	0	0			1		maplevel190	
<i18n=6500>	9007	20		23074	79056	0	0	191	-1	0	0			1		maplevel190	
<i18n=6500>	9007	20		21505	79328	0	0	191	-1	0	0			1		maplevel190	
<i18n=6500>	9007	20		20389	80618	0	0	191	-1	0	0			1		maplevel190	
<i18n=6500>	9007	20		20099	82353	0	0	191	-1	0	0			1		maplevel190	
<i18n=6500>	9007	20		21588	83879	0	0	191	-1	0	0			1		maplevel190	
<i18n=6500>	9007	20		24227	83677	0	0	191	-1	0	0			1		maplevel190	
<i18n=6500>	9007	20		25435	83522	0	0	191	-1	0	0			1		maplevel190	
<i18n=6500>	9007	20		24284	80242	0	0	191	-1	0	0			1		maplevel190	
<i18n=6500>	9007	20		21576	80520	0	0	191	-1	0	0			1		maplevel190	
<i18n=6500>	9007	20		22884	82255	0	0	191	-1	0	0			1		maplevel190	
<i18n=6500>	9007	20		20817	133682	0	0	191	-1	0	0			1		maplevel190	
<i18n=6500>	9007	20		21765	135567	0	0	191	-1	0	0			1		maplevel190	
<i18n=6500>	9007	20		24633	135162	0	0	191	-1	0	0			1		maplevel190	
<i18n=6500>	9007	20		25563	133952	0	0	191	-1	0	0			1		maplevel190	
<i18n=6500>	9007	20		23398	132069	0	0	191	-1	0	0			1		maplevel190	
<i18n=6500>	9007	20		25434	128188	0	0	191	-1	0	0			1		maplevel190	
<i18n=6500>	9007	20		24401	128624	0	0	191	-1	0	0			1		maplevel190	
<i18n=6500>	9007	20		21400	129094	0	0	191	-1	0	0			1		maplevel190	
<i18n=6500>	9007	20		20803	131348	0	0	191	-1	0	0			1		maplevel190	
<i18n=6500>	9007	20		22059	133654	0	0	191	-1	0	0			1		maplevel190	
<i18n=6500>	9007	20		24366	133700	0	0	191	-1	0	0			1		maplevel190	
<i18n=6500>	9007	20		26048	132090	0	0	191	-1	0	0			1		maplevel190	
<i18n=6500>	9007	20		25879	129921	0	0	191	-1	0	0			1		maplevel190	
<i18n=6500>	9007	20		22180	130248	0	0	191	-1	0	0			1		maplevel190	
<i18n=6500>	9007	20		24587	129855	0	0	191	-1	0	0			1		maplevel190	
<i18n=6500>	9007	20		34038	130338	0	0	191	-1	0	0			1		maplevel190	
<i18n=6500>	9007	20		35509	131577	0	0	191	-1	0	0			1		maplevel190	
<i18n=6500>	9007	20		36926	132138	0	0	191	-1	0	0			1		maplevel190	
<i18n=6500>	9007	20		38599	131671	0	0	191	-1	0	0			1		maplevel190	
<i18n=6500>	9007	20		39637	129969	0	0	191	-1	0	0			1		maplevel190	
<i18n=6500>	9007	20		39116	125644	0	0	191	-1	0	0			1		maplevel190	
<i18n=6500>	9007	20		37265	124566	0	0	191	-1	0	0			1		maplevel190	
<i18n=6500>	9007	20		35631	124635	0	0	191	-1	0	0			1		maplevel190	
<i18n=6500>	9007	20		33843	128185	0	0	191	-1	0	0			1		maplevel190	
<i18n=6500>	9007	20		34391	125698	0	0	191	-1	0	0			1		maplevel190	
<i18n=6500>	9007	20		35435	129923	0	0	191	-1	0	0			1		maplevel190	
<i18n=6500>	9007	20		38021	130066	0	0	191	-1	0	0			1		maplevel190	
<i18n=6500>	9007	20		38238	126423	0	0	191	-1	0	0			1		maplevel190	
<i18n=6500>	9007	20		35390	126744	0	0	191	-1	0	0			1		maplevel190	
<i18n=6500>	9007	20		36704	128409	0	0	191	-1	0	0			1		maplevel190	
<i18n=6500>	9007	20		30218	145345	0	0	191	-1	0	0			1		maplevel190	
<i18n=6500>	9007	20		31291	149453	0	0	191	-1	0	0			1		maplevel190	
<i18n=6500>	9007	20		33156	149552	0	0	191	-1	0	0			1		maplevel190	
<i18n=6500>	9007	20		34741	149090	0	0	191	-1	0	0			1		maplevel190	
<i18n=6500>	9007	20		35835	147003	0	0	191	-1	0	0			1		maplevel190	
<i18n=6500>	9007	20		35673	142623	0	0	191	-1	0	0			1		maplevel190	
<i18n=6500>	9007	20		34310	141673	0	0	191	-1	0	0			1		maplevel190	
<i18n=6500>	9007	20		32118	141706	0	0	191	-1	0	0			1		maplevel190	
<i18n=6500>	9007	20		30621	142988	0	0	191	-1	0	0			1		maplevel190	
<i18n=6500>	9007	20		31801	143446	0	0	191	-1	0	0			1		maplevel190	
<i18n=6500>	9007	20		31853	147535	0	0	191	-1	0	0			1		maplevel190	
<i18n=6500>	9007	20		33202	145398	0	0	191	-1	0	0			1		maplevel190	
<i18n=6500>	9007	20		35936	144692	0	0	191	-1	0	0			1		maplevel190	
<i18n=6500>	9007	20		34479	143878	0	0	191	-1	0	0			1		maplevel190	
<i18n=6500>	9007	20		34016	147449	0	0	191	-1	0	0			1		maplevel190	
<i18n=6500>	9007	20		34221	107711	0	0	191	-1	0	0			1		maplevel190	
<i18n=6500>	9007	20		35186	108898	0	0	191	-1	0	0			1		maplevel190	
<i18n=6500>	9007	20		38228	108253	0	0	191	-1	0	0			1		maplevel190	
<i18n=6500>	9007	20		39153	103956	0	0	191	-1	0	0			1		maplevel190	
<i18n=6500>	9007	20		38418	101891	0	0	191	-1	0	0			1		maplevel190	
<i18n=6500>	9007	20		36860	101527	0	0	191	-1	0	0			1		maplevel190	
<i18n=6500>	9007	20		35271	101991	0	0	191	-1	0	0			1		maplevel190	
<i18n=6500>	9007	20		34261	103377	0	0	191	-1	0	0			1		maplevel190	
<i18n=6500>	9007	20		33701	105759	0	0	191	-1	0	0			1		maplevel190	
<i18n=6500>	9007	20		36828	109118	0	0	191	-1	0	0			1		maplevel190	
<i18n=6500>	9007	20		35339	106969	0	0	191	-1	0	0			1		maplevel190	
<i18n=6500>	9007	20		39018	106159	0	0	191	-1	0	0			1		maplevel190	
<i18n=6500>	9007	20		37632	107106	0	0	191	-1	0	0			1		maplevel190	
<i18n=6500>	9007	20		37681	103194	0	0	191	-1	0	0			1		maplevel190	
<i18n=6500>	9007	20		35427	103450	0	0	191	-1	0	0			1		maplevel190	
<i18n=8419>	9006	20		39997	60317	0	0	191	-1	0	0			1		maplevel190	
<i18n=8419>	9006	20		34749	66206	0	0	191	-1	0	0			1		maplevel190	
<i18n=8419>	9006	20		37951	68008	0	0	191	-1	0	0			1		maplevel190	
<i18n=8419>	9006	20		40382	62489	0	0	191	-1	0	0			1		maplevel190	
<i18n=8419>	9006	20		36962	58855	0	0	191	-1	0	0			1		maplevel190	
<i18n=8419>	9006	20		38957	59081	0	0	191	-1	0	0			1		maplevel190	
<i18n=8419>	9006	20		35214	59774	0	0	191	-1	0	0			1		maplevel190	
<i18n=8419>	9006	20		38934	61020	0	0	191	-1	0	0			1		maplevel190	
<i18n=8419>	9006	20		35599	65414	0	0	191	-1	0	0			1		maplevel190	
<i18n=8419>	9006	20		34339	64565	0	0	191	-1	0	0			1		maplevel190	
<i18n=8419>	9006	20		35818	67315	0	0	191	-1	0	0			1		maplevel190	
<i18n=8419>	9006	20		39235	66791	0	0	191	-1	0	0			1		maplevel190	
<i18n=8419>	9006	20		40270	65042	0	0	191	-1	0	0			1		maplevel190	
<i18n=8419>	9006	20		35817	61048	0	0	191	-1	0	0			1		maplevel190	
<i18n=8419>	9006	20		34555	61743	0	0	191	-1	0	0			1		maplevel190	
<i18n=8419>	9006	20		38838	65417	0	0	191	-1	0	0			1		maplevel190	
<i18n=8419>	9006	20		66745	96898	0	0	191	-1	0	0			1		maplevel190	
<i18n=8419>	9006	20		66599	99465	0	0	191	-1	0	0			1		maplevel190	
<i18n=8419>	9006	20		70132	101796	0	0	191	-1	0	0			1		maplevel190	
<i18n=8419>	9006	20		71607	101136	0	0	191	-1	0	0			1		maplevel190	
<i18n=8419>	9006	20		72069	96542	0	0	191	-1	0	0			1		maplevel190	
<i18n=8419>	9006	20		71919	94869	0	0	191	-1	0	0			1		maplevel190	
<i18n=8419>	9006	20		70386	94018	0	0	191	-1	0	0			1		maplevel190	
<i18n=8419>	9006	20		68907	94001	0	0	191	-1	0	0			1		maplevel190	
<i18n=8419>	9006	20		67297	94631	0	0	191	-1	0	0			1		maplevel190	
<i18n=8419>	9006	20		67129	101864	0	0	191	-1	0	0			1		maplevel190	
<i18n=8419>	9006	20		70306	99969	0	0	191	-1	0	0			1		maplevel190	
<i18n=8419>	9006	20		71989	98670	0	0	191	-1	0	0			1		maplevel190	
<i18n=8419>	9006	20		70470	95955	0	0	191	-1	0	0			1		maplevel190	
<i18n=8419>	9006	20		68372	95559	0	0	191	-1	0	0			1		maplevel190	
<i18n=8419>	9006	20		68111	100202	0	0	191	-1	0	0			1		maplevel190	
<i18n=8419>	9006	20		70371	87116	0	0	191	-1	0	0			1		maplevel190	
<i18n=8419>	9006	20		72598	90450	0	0	191	-1	0	0			1		maplevel190	
<i18n=8419>	9006	20		74317	90900	0	0	191	-1	0	0			1		maplevel190	
<i18n=8419>	9006	20		75999	89735	0	0	191	-1	0	0			1		maplevel190	
<i18n=8419>	9006	20		76095	85493	0	0	191	-1	0	0			1		maplevel190	
<i18n=8419>	9006	20		74842	84213	0	0	191	-1	0	0			1		maplevel190	
<i18n=8419>	9006	20		73141	83783	0	0	191	-1	0	0			1		maplevel190	
<i18n=8419>	9006	20		71455	83249	0	0	191	-1	0	0			1		maplevel190	
<i18n=8419>	9006	20		70370	85279	0	0	191	-1	0	0			1		maplevel190	
<i18n=8419>	9006	20		71571	88177	0	0	191	-1	0	0			1		maplevel190	
<i18n=8419>	9006	20		71090	89727	0	0	191	-1	0	0			1		maplevel190	
<i18n=8419>	9006	20		73232	87043	0	0	191	-1	0	0			1		maplevel190	
<i18n=8419>	9006	20		75037	85693	0	0	191	-1	0	0			1		maplevel190	
<i18n=8419>	9006	20		72032	85004	0	0	191	-1	0	0			1		maplevel190	
<i18n=8419>	9006	20		74529	89146	0	0	191	-1	0	0			1		maplevel190	
<i18n=8419>	9006	20		72480	61143	0	0	191	-1	0	0			1		maplevel190	
<i18n=8419>	9006	20		73731	62535	0	0	191	-1	0	0			1		maplevel190	
<i18n=8419>	9006	20		75615	62194	0	0	191	-1	0	0			1		maplevel190	
<i18n=8419>	9006	20		77106	60200	0	0	191	-1	0	0			1		maplevel190	
<i18n=8419>	9006	20		77262	58010	0	0	191	-1	0	0			1		maplevel190	
<i18n=8419>	9006	20		76217	54269	0	0	191	-1	0	0			1		maplevel190	
<i18n=8419>	9006	20		74689	53873	0	0	191	-1	0	0			1		maplevel190	
<i18n=8419>	9006	20		72993	54545	0	0	191	-1	0	0			1		maplevel190	
<i18n=8419>	9006	20		71903	56453	0	0	191	-1	0	0			1		maplevel190	
<i18n=8419>	9006	20		73374	56601	0	0	191	-1	0	0			1		maplevel190	
<i18n=8419>	9006	20		73340	60351	0	0	191	-1	0	0			1		maplevel190	
<i18n=8419>	9006	20		75998	59915	0	0	191	-1	0	0			1		maplevel190	
<i18n=8419>	9006	20		76079	55732	0	0	191	-1	0	0			1		maplevel190	
<i18n=8419>	9006	20		77084	56106	0	0	191	-1	0	0			1		maplevel190	
<i18n=8419>	9006	20		74588	58078	0	0	191	-1	0	0			1		maplevel190	
<i18n=8419>	9006	20		52249	116754	0	0	191	-1	0	0			1		maplevel190	
<i18n=8419>	9006	20		53486	117618	0	0	191	-1	0	0			1		maplevel190	
<i18n=8419>	9006	20		56561	116633	0	0	191	-1	0	0			1		maplevel190	
<i18n=8419>	9006	20		56795	115181	0	0	191	-1	0	0			1		maplevel190	
<i18n=8419>	9006	20		55231	111120	0	0	191	-1	0	0			1		maplevel190	
<i18n=8419>	9006	20		54048	110806	0	0	191	-1	0	0			1		maplevel190	
<i18n=8419>	9006	20		52827	111234	0	0	191	-1	0	0			1		maplevel190	
<i18n=8419>	9006	20		51920	112917	0	0	191	-1	0	0			1		maplevel190	
<i18n=8419>	9006	20		52106	114907	0	0	191	-1	0	0			1		maplevel190	
<i18n=8419>	9006	20		55486	115647	0	0	191	-1	0	0			1		maplevel190	
<i18n=8419>	9006	20		53517	115803	0	0	191	-1	0	0			1		maplevel190	
<i18n=8419>	9006	20		56390	111778	0	0	191	-1	0	0			1		maplevel190	
<i18n=8419>	9006	20		53577	112634	0	0	191	-1	0	0			1		maplevel190	
<i18n=8419>	9006	20		55713	112869	0	0	191	-1	0	0			1		maplevel190	
<i18n=8419>	9006	20		56891	113644	0	0	191	-1	0	0			1		maplevel190	
<i18n=8419>	9006	20		45930	144958	0	0	191	-1	0	0			1		maplevel190	
<i18n=8419>	9006	20		46733	146949	0	0	191	-1	0	0			1		maplevel190	
<i18n=8419>	9006	20		50114	146915	0	0	191	-1	0	0			1		maplevel190	
<i18n=8419>	9006	20		50812	145599	0	0	191	-1	0	0			1		maplevel190	
<i18n=8419>	9006	20		51012	143577	0	0	191	-1	0	0			1		maplevel190	
<i18n=8419>	9006	20		50255	141858	0	0	191	-1	0	0			1		maplevel190	
<i18n=8419>	9006	20		48625	140514	0	0	191	-1	0	0			1		maplevel190	
<i18n=8419>	9006	20		47024	141100	0	0	191	-1	0	0			1		maplevel190	
<i18n=8419>	9006	20		46034	142733	0	0	191	-1	0	0			1		maplevel190	
<i18n=8419>	9006	20		49406	145882	0	0	191	-1	0	0			1		maplevel190	
<i18n=8419>	9006	20		48365	144042	0	0	191	-1	0	0			1		maplevel190	
<i18n=8419>	9006	20		49592	142333	0	0	191	-1	0	0			1		maplevel190	
<i18n=8419>	9006	20		49257	147746	0	0	191	-1	0	0			1		maplevel190	
<i18n=8419>	9006	20		47342	142594	0	0	191	-1	0	0			1		maplevel190	
<i18n=8419>	9006	20		47296	145632	0	0	191	-1	0	0			1		maplevel190	
<i18n=6500>	9007	20		15050	104218	0	0	191	-1	0	0			1		maplevel190	
<i18n=6500>	9007	20		30301	147857	0	0	191	-1	0	0			1		maplevel190	
<i18n=6500>	9007	20		23430	135617	0	0	191	-1	0	0			1		maplevel190	
<i18n=6500>	9007	20		39572	127623	0	0	191	-1	0	0			1		maplevel190	
<i18n=6500>	9007	20		18728	104760	0	0	191	-1	0	0			1		maplevel190	
<i18n=6500>	9007	20		25494	81403	0	0	191	-1	0	0			1		maplevel190	
<i18n=6500>	9007	20		36563	105161	0	0	191	-1	0	0			1		maplevel190	
<i18n=8419>	9006	20		47857	147772	0	0	191	-1	0	0			1		maplevel190	
<i18n=8419>	9006	20		55279	117712	0	0	191	-1	0	0			1		maplevel190	
<i18n=8419>	9006	20		37392	63192	0	0	191	-1	0	0			1		maplevel190	
<i18n=8419>	9006	20		68683	103130	0	0	191	-1	0	0			1		maplevel190	
<i18n=8419>	9006	20		76289	87870	0	0	191	-1	0	0			1		maplevel190	
<i18n=8419>	9006	20		71887	58920	0	0	191	-1	0	0			1		maplevel190	
<i18n=3421>	9004	20		70496	162511	0	0	191	-1	0	0			1		maplevel190	
<i18n=3421>	9004	20		82064	151570	0	0	191	-1	0	0			1		maplevel190	
<i18n=3421>	9004	20		89328	137662	0	0	191	-1	0	0			1		maplevel190	
<i18n=3421>	9004	20		70966	127547	0	0	191	-1	0	0			1		maplevel190	
<i18n=3421>	9004	20		90882	117212	0	0	191	-1	0	0			1		maplevel190	
<i18n=3421>	9004	20		104307	112327	0	0	191	-1	0	0			1		maplevel190	
<i18n=2803>	9005	20		90590	92234	0	0	191	-1	0	0			1		maplevel190	
<i18n=2803>	9005	20		89159	65234	0	0	191	-1	0	0			1		maplevel190	
<i18n=2803>	9005	20		87150	48857	0	0	191	-1	0	0			1		maplevel190	
<i18n=2803>	9005	20		70646	29057	0	0	191	-1	0	0			1		maplevel190	
<i18n=2803>	9005	20		59034	30780	0	0	191	-1	0	0			1		maplevel190	
<i18n=2803>	9005	20		44163	34079	0	0	191	-1	0	0			1		maplevel190	
<i18n=2803>	9005	20		62125	37771	0	0	191	-1	0	0			1		maplevel190	
