nId	nOpenDayStart	nOpenDayEnd	nDay	szAward	nDoubleVip	szDoubleTips
1	1	90	1	Coin|2000		
2	1	90	2	YuanBao|30	2	<i18n=21928>
3	1	90	3	Item|401|15		
4	1	90	4	Item|201|5		
5	1	90	5	Item|209|2	3	<i18n=21927>
6	1	90	6	Item|30037|2		
7	1	90	7	Item|901|50		
8	1	90	8	Coin|2000	3	<i18n=21927>
9	1	90	9	YuanBao|30		
10	1	90	10	Item|401|15		
11	1	90	11	Item|201|5	5	<i18n=21926>
12	1	90	12	Item|209|2		
13	1	90	13	Item|30037|2		
14	1	90	14	Item|3001|15		
15	1	90	15	Coin|2000	5	<i18n=21926>
16	1	90	16	YuanBao|30		
17	1	90	17	Item|401|15		
18	1	90	18	Item|201|5		
19	1	90	19	Item|209|2	6	<i18n=21923>
20	1	90	20	Item|30037|2		
21	1	90	21	Item|901|50		
22	1	90	22	Coin|2000	8	<i18n=21922>
23	1	90	23	YuanBao|30		
24	1	90	24	Item|401|15		
25	1	90	25	Item|201|5	9	<i18n=21925>
26	1	90	26	Item|209|2		
27	1	90	27	Item|30037|2		
28	1	90	28	Item|3002|5		
29	1	90	29	Item|901|100	10	<i18n=21924>
30	1	90	30	Item|31001|5		
31	1	90	31	Item|3006|10		
32	91	291	1	Coin|2000
33	91	291	2	YuanBao|30	2	<i18n=21928>
34	91	291	3	Item|401|15
35	91	291	4	Item|201|5
36	91	291	5	Item|209|2	3	<i18n=21927>
37	91	291	6	Item|30037|2
38	91	291	7	Item|901|50
39	91	291	8	Coin|2000	3	<i18n=21927>
40	91	291	9	YuanBao|30
41	91	291	10	Item|401|15
42	91	291	11	Item|201|5	5	<i18n=21926>
43	91	291	12	Item|209|2
44	91	291	13	Item|30037|2
45	91	291	14	Item|3001|15
46	91	291	15	Coin|2000	5	<i18n=21926>
47	91	291	16	YuanBao|30
48	91	291	17	Item|401|15
49	91	291	18	Item|201|5
50	91	291	19	Item|209|2	6	<i18n=21923>
51	91	291	20	Item|30037|2
52	91	291	21	Item|901|50
53	91	291	22	Coin|2000	8	<i18n=21922>
54	91	291	23	YuanBao|30
55	91	291	24	Item|401|15
56	91	291	25	Item|201|5	9	<i18n=21925>
57	91	291	26	Item|209|2
58	91	291	27	Item|30037|2
59	91	291	28	Item|3002|5
60	91	291	29	Item|901|100	10	<i18n=21924>
61	91	291	30	Item|31001|5
62	91	291	31	Item|3006|10
63	292		1	Coin|4000		
64	292		2	YuanBao|30	2	<i18n=21928>
65	292		3	Item|401|30		
66	292		4	Item|203|2		
67	292		5	Item|209|3	3	<i18n=21927>
68	292		6	Item|33010|2		
69	292		7	Item|901|128		
70	292		8	Item|33011|4	3	<i18n=21927>
71	292		9	YuanBao|50		
72	292		10	Item|402|1		
73	292		11	Item|35299|1	5	<i18n=21926>
74	292		12	Item|671601|2		
75	292		13	Item|30037|3		
76	292		14	Item|31001|5		
77	292		15	Coin|4000	5	<i18n=21926>
78	292		16	YuanBao|30		
79	292		17	Item|401|30		
80	292		18	Item|203|2		
81	292		19	Item|209|3	6	<i18n=21923>
82	292		20	Item|33010|2		
83	292		21	Item|901|128		
84	292		22	Item|33011|4	8	<i18n=21922>
85	292		23	YuanBao|50		
86	292		24	Item|402|1		
87	292		25	Item|35299|1	9	<i18n=21925>
88	292		26	Item|671601|2		
89	292		27	Item|30037|3		
90	292		28	Item|31001|5		
91	292		29	Item|901|188	10	<i18n=21924>
92	292		30	Item|324|3		
93	292		31	Item|3006|10		
