Index	NpcName	TitleID	NpcTemplateId	WalkNearLength	CanAutoPath	NpcLevel	XPos	YPos	ZPos	StandDir	NpcSeriesAuto	Quantity	NpcType	NpcCamp	nShareType	ShowName	Removewhendeath	IsMapMonster	NpcPath	bPathRecycle	LevelSettingKey	
	<i18n=4811>		1002			10	15011	131497	0	0	-1	-1	0	0	1						maplevel160						
	<i18n=4811>		1002			10	16504	146784	0	0	-1	-1	0	0	1						maplevel160						
	<i18n=4811>		1002			10	18199	146777	0	0	-1	-1	0	0	1						maplevel160						
	<i18n=4811>		1002			10	21283	142207	0	0	-1	-1	0	0	1						maplevel160						
	<i18n=4811>		1002			10	20608	149067	0	0	-1	-1	0	0	1						maplevel160						
	<i18n=4811>		1002			10	21539	147992	0	0	-1	-1	0	0	1						maplevel160						
	<i18n=4811>		1002			10	12828	134926	0	0	-1	-1	0	0	1						maplevel160						
	<i18n=4811>		1002			10	17636	148378	0	0	-1	-1	0	0	1						maplevel160						
	<i18n=4811>		1002			10	11618	126955	0	0	-1	-1	0	0	1						maplevel160						
	<i18n=4811>		1002			10	22463	144498	0	0	-1	-1	0	0	1						maplevel160						
	<i18n=14315>		3047			10	87132	29349	0	0	-1	-1	0	0	1						maplevel160						
	<i18n=14315>		3047			10	88805	21301	0	0	-1	-1	0	0	1						maplevel160						
	<i18n=14315>		3047			10	86969	21747	0	0	-1	-1	0	0	1						maplevel160						
	<i18n=4811>		1002			10	15018	129104	0	0	-1	-1	0	0	1						maplevel160						
	<i18n=4811>		1002			10	10219	127356	0	0	-1	-1	0	0	1						maplevel160						
	<i18n=4811>		1002			10	11292	134731	0	0	-1	-1	0	0	1						maplevel160						
	<i18n=4811>		1002			10	10272	128949	0	0	-1	-1	0	0	1						maplevel160						
	<i18n=4811>		1002			10	14476	133768	0	0	-1	-1	0	0	1						maplevel160						
	<i18n=4811>		1002			10	16505	144364	0	0	-1	-1	0	0	1						maplevel160						
	<i18n=4811>		1002			10	8701	132126	0	0	-1	-1	0	0	1						maplevel160						
	<i18n=4811>		1002			10	19073	141769	0	0	-1	-1	0	0	1						maplevel160						
	<i18n=4811>		1002			10	19153	149061	0	0	-1	-1	0	0	1						maplevel160						
	<i18n=4811>		1002			10	20347	147290	0	0	-1	-1	0	0	1						maplevel160						
	<i18n=4811>		1002			10	9687	134114	0	0	-1	-1	0	0	1						maplevel160						
	<i18n=4811>		1002			10	18387	143669	0	0	-1	-1	0	0	1						maplevel160						
	<i18n=4811>		1002			10	13546	127323	0	0	-1	-1	0	0	1						maplevel160						
	<i18n=4811>		1002			10	8726	129115	0	0	-1	-1	0	0	1						maplevel160						
	<i18n=4811>		1002			10	25966	121678	0	0	-1	-1	0	0	1						maplevel160						
	<i18n=4811>		1002			10	23972	118538	0	0	-1	-1	0	0	1						maplevel160						
	<i18n=4811>		1002			10	22182	121060	0	0	-1	-1	0	0	1						maplevel160						
	<i18n=4811>		1002			10	21544	123952	0	0	-1	-1	0	0	1						maplevel160						
	<i18n=4811>		1002			10	23154	126846	0	0	-1	-1	0	0	1						maplevel160						
	<i18n=4811>		1002			10	23253	122524	0	0	-1	-1	0	0	1						maplevel160						
	<i18n=4811>		1002			10	24725	120290	0	0	-1	-1	0	0	1						maplevel160						
	<i18n=4811>		1002			10	21625	126833	0	0	-1	-1	0	0	1						maplevel160						
	<i18n=4811>		1002			10	22210	124876	0	0	-1	-1	0	0	1						maplevel160						
	<i18n=4811>		1002			10	20419	122346	0	0	-1	-1	0	0	1						maplevel160						
	<i18n=4811>		1002			10	25048	126014	0	0	-1	-1	0	0	1						maplevel160						
	<i18n=4811>		1002			10	22330	119007	0	0	-1	-1	0	0	1						maplevel160						
	<i18n=4811>		1002			10	21111	120306	0	0	-1	-1	0	0	1						maplevel160						
	<i18n=4811>		1002			10	16709	95446	0	0	-1	-1	0	0	1						maplevel160						
	<i18n=4811>		1002			10	15402	101657	0	0	-1	-1	0	0	1						maplevel160						
	<i18n=4811>		1002			10	13514	101909	0	0	-1	-1	0	0	1						maplevel160						
	<i18n=4811>		1002			10	17109	97846	0	0	-1	-1	0	0	1						maplevel160						
	<i18n=4811>		1002			10	15520	103418	0	0	-1	-1	0	0	1						maplevel160						
	<i18n=4811>		1002			10	15211	94326	0	0	-1	-1	0	0	1						maplevel160						
	<i18n=4811>		1002			10	11221	98757	0	0	-1	-1	0	0	1						maplevel160						
	<i18n=4811>		1002			10	13965	103734	0	0	-1	-1	0	0	1						maplevel160						
	<i18n=4811>		1002			10	15282	96085	0	0	-1	-1	0	0	1						maplevel160						
	<i18n=4811>		1002			10	13231	96589	0	0	-1	-1	0	0	1						maplevel160						
	<i18n=4811>		1002			10	12431	102834	0	0	-1	-1	0	0	1						maplevel160						
	<i18n=4811>		1002			10	17162	100370	0	0	-1	-1	0	0	1						maplevel160						
	<i18n=4811>		1002			10	11469	100978	0	0	-1	-1	0	0	1						maplevel160						
	<i18n=4811>		1002			10	13274	94754	0	0	-1	-1	0	0	1						maplevel160						
	<i18n=11027>		1000			10	46556	116960	0	0	-1	-1	0	0	1						maplevel160						
	<i18n=6881>		1001			10	39172	31844	0	0	-1	-1	0	0	1						maplevel160						
	<i18n=14315>		3047			10	92213	27669	0	0	-1	-1	0	0	1						maplevel160						
	<i18n=14315>		3047			10	91638	28953	0	0	-1	-1	0	0	1						maplevel160						
	<i18n=14315>		3047			10	92380	24858	0	0	-1	-1	0	0	1						maplevel160						
	<i18n=14315>		3047			10	86061	27159	0	0	-1	-1	0	0	1						maplevel160						
	<i18n=14315>		3047			10	86085	24319	0	0	-1	-1	0	0	1						maplevel160						
	<i18n=14315>		3047			10	89063	30077	0	0	-1	-1	0	0	1						maplevel160						
	<i18n=14315>		3047			10	91938	22620	0	0	-1	-1	0	0	1						maplevel160						
	<i18n=14315>		3047			10	90614	21712	0	0	-1	-1	0	0	1						maplevel160						
	<i18n=287>		7069			10	80441	123663	0	100	-1	-1	0	0	1					
	<i18n=3914>		7067			10	79773	129247	0	191	-1	-1	0	0	1					
	<i18n=2690>		7068			10	81261	126279	0	100	-1	-1	0	0	1					
	<i18n=1199>		7070			10	77183	129471	0	220	-1	-1	0	0	1					
	<i18n=5230>		7072			10	74989	124003	0	220	-1	-1	0	0	1					
	<i18n=2631>		7073			10	78701	122139	0	100	-1	-1	0	0	1					
	<i18n=9746>		7071			10	75746	127431	0	220	-1	-1	0	0	1					
	<i18n=6583>		7074			20	61423	105032	0	0	-1	-1	0	0	1					
	<i18n=12044>		7075			20	59252	97007	0	0	-1	-1	0	0	1					
	<i18n=10253>		7024			10	23234	79542	0	0	-1	-1	0	0	1					
	<i18n=2803>		7079			20	47640	24999	0	0	-1	-1	0	0	1					
	<i18n=12762>		7080			20	24962	96037	0	0	-1	-1	0	0	1					
	<i18n=10017>		7082			20	69032	81771	0	191	-1	-1	0	0	1					
	<i18n=11219>		7109			10	43989	78379	0	160	-1	-1	0	0	1					
	<i18n=11027>		7111			10	48549	138397	0	0	-1	-1	0	0	1					
	<i18n=4634>		7033			20	55183	152273	0	0	-1	-1	0	0	1					
	<i18n=10384>		11035		0	1	72761	63122	0	191	-1				1					
	<i18n=10384>		11035		0	1	74988	61544	0	191	-1				1					
	<i18n=10384>		11035		0	1	73754	58109	0	191	-1				1					
	<i18n=11671>		11036		0	1	72380	60819	0	191	-1				1										
	<i18n=11671>		11036		0	1	74065	62750	0	191	-1				1										
	<i18n=11671>		11036		0	1	74837	59140	0	191	-1				1											
	<i18n=4811>		1002			10	12055	96508	0	191	-1				1						maplevel160						
	<i18n=4811>		1002			10	10388	132449	0	191	-1				1						maplevel160						
	<i18n=4811>		1002			10	13675	132613	0	191	-1				1						maplevel160						
	<i18n=4811>		1002			10	13655	128502	0	191	-1				1						maplevel160						
	<i18n=4811>		1002			10	20758	143499	0	191	-1				1						maplevel160						
	<i18n=4811>		1002			10	22507	146281	0	191	-1				1						maplevel160						
	<i18n=4811>		1002			10	17506	142479	0	191	-1				1						maplevel160						
	<i18n=4811>		1002			10	24401	124834	0	191	-1				1						maplevel160						
	<i18n=4811>		1002			10	26095	123488	0	191	-1				1						maplevel160						
	<i18n=4811>		1002			10	40027	150568	0	191	-1				1						maplevel160						
	<i18n=4811>		1002			10	41708	150344	0	191	-1				1						maplevel160						
	<i18n=4811>		1002			10	36831	152655	0	191	-1				1						maplevel160						
	<i18n=4811>		1002			10	35763	150193	0	191	-1				1						maplevel160						
	<i18n=4811>		1002			10	35625	148088	0	191	-1				1						maplevel160						
	<i18n=4811>		1002			10	38705	143907	0	191	-1				1						maplevel160						
	<i18n=4811>		1002			10	40831	144620	0	191	-1				1						maplevel160						
	<i18n=4811>		1002			10	37553	150737	0	191	-1				1						maplevel160						
	<i18n=4811>		1002			10	40069	145742	0	191	-1				1						maplevel160						
	<i18n=4811>		1002			10	38739	148888	0	191	-1				1						maplevel160						
	<i18n=4811>		1002			10	37320	146109	0	191	-1				1						maplevel160						
	<i18n=4811>		1002			10	38561	153024	0	191	-1				1						maplevel160						
	<i18n=4811>		1002			10	40190	152478	0	191	-1				1						maplevel160						
	<i18n=4811>		1002			10	36360	144904	0	191	-1				1						maplevel160						
	<i18n=4811>		1002			10	41596	147195	0	191	-1				1						maplevel160						
	<i18n=4811>		1002			10	30891	135221	0	191	-1				1						maplevel160						
	<i18n=4811>		1002			10	31794	139604	0	191	-1				1						maplevel160						
	<i18n=4811>		1002			10	30990	137569	0	191	-1				1						maplevel160						
	<i18n=4811>		1002			10	32273	137962	0	191	-1				1						maplevel160						
	<i18n=4811>		1002			10	34643	130978	0	191	-1				1						maplevel160						
	<i18n=4811>		1002			10	35585	139086	0	191	-1				1						maplevel160						
	<i18n=4811>		1002			10	35430	133382	0	191	-1				1						maplevel160						
	<i18n=4811>		1002			10	36903	133584	0	191	-1				1						maplevel160						
	<i18n=4811>		1002			10	33863	132550	0	191	-1				1						maplevel160						
	<i18n=4811>		1002			10	36104	131665	0	191	-1				1						maplevel160						
	<i18n=4811>		1002			10	31558	133555	0	191	-1				1						maplevel160						
	<i18n=4811>		1002			10	33654	140082	0	191	-1				1						maplevel160						
	<i18n=4811>		1002			10	36733	136916	0	191	-1				1						maplevel160						
	<i18n=4811>		1002			10	32630	133879	0	191	-1				1						maplevel160						
	<i18n=4811>		1002			10	35545	137745	0	191	-1				1						maplevel160						
	<i18n=14315>		3047			10	87698	27265	0	191	-1				1						maplevel160						
	<i18n=14315>		3047			10	90433	27424	0	191	-1				1						maplevel160						
	<i18n=14315>		3047			10	87822	23395	0	191	-1				1						maplevel160						
	<i18n=14315>		3047			10	90714	23512	0	191	-1				1						maplevel160						
	<i18n=14315>		3047			10	75205	23981	0	191	-1				1						maplevel160						
	<i18n=14315>		3047			10	77370	17714	0	191	-1				1						maplevel160						
	<i18n=14315>		3047			10	73320	23203	0	191	-1				1						maplevel160						
	<i18n=14315>		3047			10	72710	21094	0	191	-1				1						maplevel160						
	<i18n=14315>		3047			10	72664	18831	0	191	-1				1						maplevel160						
	<i18n=14315>		3047			10	73221	16756	0	191	-1				1						maplevel160						
	<i18n=14315>		3047			10	74550	15851	0	191	-1				1						maplevel160						
	<i18n=14315>		3047			10	76141	15971	0	191	-1				1						maplevel160						
	<i18n=14315>		3047			10	77776	16180	0	191	-1				1						maplevel160						
	<i18n=14315>		3047			10	78657	18488	0	191	-1				1						maplevel160						
	<i18n=14315>		3047			10	78555	22300	0	191	-1				1						maplevel160						
	<i18n=14315>		3047			10	77060	24247	0	191	-1				1						maplevel160						
	<i18n=14315>		3047			10	74161	21728	0	191	-1				1						maplevel160						
	<i18n=14315>		3047			10	77227	21814	0	191	-1				1						maplevel160						
	<i18n=14315>		3047			10	74628	17852	0	191	-1				1						maplevel160						
	<i18n=14315>		3047			10	81799	81672	0	191	-1				1						maplevel160						
	<i18n=14315>		3047			10	80005	81602	0	191	-1				1						maplevel160						
	<i18n=14315>		3047			10	79186	79892	0	191	-1				1						maplevel160						
	<i18n=14315>		3047			10	78933	76251	0	191	-1				1						maplevel160						
	<i18n=14315>		3047			10	79758	73476	0	191	-1				1						maplevel160						
	<i18n=14315>		3047			10	81420	72459	0	191	-1				1						maplevel160						
	<i18n=14315>		3047			10	84741	74786	0	191	-1				1						maplevel160						
	<i18n=14315>		3047			10	84858	76928	0	191	-1				1						maplevel160						
	<i18n=14315>		3047			10	84395	78308	0	191	-1				1						maplevel160						
	<i18n=14315>		3047			10	83673	80983	0	191	-1				1						maplevel160						
	<i18n=14315>		3047			10	80167	79080	0	191	-1				1						maplevel160						
	<i18n=14315>		3047			10	83244	78815	0	191	-1				1						maplevel160						
	<i18n=14315>		3047			10	80122	75253	0	191	-1				1						maplevel160						
	<i18n=14315>		3047			10	83517	75221	0	191	-1				1						maplevel160						
	<i18n=14315>		3047			10	83401	72996	0	191	-1				1						maplevel160						
	<i18n=14315>		3047			10	87249	55857	0	191	-1				1						maplevel160						
	<i18n=14315>		3047			10	86534	63917	0	191	-1				1						maplevel160						
	<i18n=14315>		3047			10	84979	63403	0	191	-1				1						maplevel160						
	<i18n=14315>		3047			10	84376	60935	0	191	-1				1						maplevel160						
	<i18n=14315>		3047			10	84685	58688	0	191	-1				1						maplevel160						
	<i18n=14315>		3047			10	85443	56373	0	191	-1				1						maplevel160						
	<i18n=14315>		3047			10	88811	56110	0	191	-1				1						maplevel160						
	<i18n=14315>		3047			10	88399	57575	0	191	-1				1						maplevel160						
	<i18n=14315>		3047			10	85425	61876	0	191	-1				1						maplevel160						
	<i18n=14315>		3047			10	89557	58010	0	191	-1				1						maplevel160						
	<i18n=14315>		3047			10	88127	62190	0	191	-1				1						maplevel160						
	<i18n=14315>		3047			10	87976	63866	0	191	-1				1						maplevel160						
	<i18n=14315>		3047			10	89338	62412	0	191	-1				1						maplevel160						
	<i18n=14315>		3047			10	85643	57727	0	191	-1				1						maplevel160						
	<i18n=14315>		3047			10	89722	60322	0	191	-1				1						maplevel160						
	<i18n=14315>		3047			10	72550	48271	0	191	-1				1						maplevel160						
	<i18n=14315>		3047			10	71038	48803	0	191	-1				1						maplevel160						
	<i18n=14315>		3047			10	69612	48176	0	191	-1				1						maplevel160						
	<i18n=14315>		3047			10	68719	45632	0	191	-1				1						maplevel160						
	<i18n=14315>		3047			10	70295	42813	0	191	-1				1						maplevel160						
	<i18n=14315>		3047			10	71280	40525	0	191	-1				1						maplevel160						
	<i18n=14315>		3047			10	68758	43391	0	191	-1				1						maplevel160						
	<i18n=14315>		3047			10	74436	42395	0	191	-1				1						maplevel160						
	<i18n=14315>		3047			10	70198	46389	0	191	-1				1						maplevel160						
	<i18n=14315>		3047			10	74350	45254	0	191	-1				1						maplevel160						
	<i18n=14315>		3047			10	72715	46375	0	191	-1				1						maplevel160						
	<i18n=14315>		3047			10	69662	41360	0	191	-1				1						maplevel160						
	<i18n=14315>		3047			10	73486	40695	0	191	-1				1						maplevel160						
	<i18n=14315>		3047			10	73891	47218	0	191	-1				1						maplevel160						
	<i18n=14315>		3047			10	72989	42648	0	191	-1				1						maplevel160						
	<i18n=11027>		1000			10	45085	116337	0	191	-1				1						maplevel160						
	<i18n=11027>		1000			10	46044	111379	0	191	-1				1						maplevel160						
	<i18n=11027>		1000			10	44157	114326	0	191	-1				1						maplevel160						
	<i18n=11027>		1000			10	44143	112155	0	191	-1				1						maplevel160						
	<i18n=11027>		1000			10	47205	108973	0	191	-1				1						maplevel160						
	<i18n=11027>		1000			10	48895	109341	0	191	-1				1						maplevel160						
	<i18n=11027>		1000			10	49622	111440	0	191	-1				1						maplevel160						
	<i18n=11027>		1000			10	49425	113188	0	191	-1				1						maplevel160						
	<i18n=11027>		1000			10	48993	114635	0	191	-1				1						maplevel160						
	<i18n=11027>		1000			10	48022	116699	0	191	-1				1						maplevel160						
	<i18n=11027>		1000			10	45796	114027	0	191	-1				1						maplevel160						
	<i18n=11027>		1000			10	47806	113925	0	191	-1				1						maplevel160						
	<i18n=11027>		1000			10	45220	110030	0	191	-1				1						maplevel160						
	<i18n=11027>		1000			10	47990	111371	0	191	-1				1						maplevel160						
	<i18n=11027>		1000			10	41901	97197	0	191	-1				1						maplevel160						
	<i18n=11027>		1000			10	40552	96862	0	191	-1				1						maplevel160						
	<i18n=11027>		1000			10	39198	96544	0	191	-1				1						maplevel160						
	<i18n=11027>		1000			10	38538	94143	0	191	-1				1						maplevel160						
	<i18n=11027>		1000			10	39919	91288	0	191	-1				1						maplevel160						
	<i18n=11027>		1000			10	39444	89971	0	191	-1				1						maplevel160						
	<i18n=11027>		1000			10	41292	89196	0	191	-1				1						maplevel160						
	<i18n=11027>		1000			10	43113	89797	0	191	-1				1						maplevel160						
	<i18n=11027>		1000			10	42659	90979	0	191	-1				1						maplevel160						
	<i18n=11027>		1000			10	43982	94500	0	191	-1				1						maplevel160						
	<i18n=11027>		1000			10	43180	96203	0	191	-1				1						maplevel160						
	<i18n=11027>		1000			10	39746	95151	0	191	-1				1						maplevel160						
	<i18n=11027>		1000			10	41907	94791	0	191	-1				1						maplevel160						
	<i18n=11027>		1000			10	38596	92081	0	191	-1				1						maplevel160						
	<i18n=11027>		1000			10	67046	117558	0	191	-1				1						maplevel160						
	<i18n=11027>		1000			10	65224	117448	0	191	-1				1						maplevel160						
	<i18n=11027>		1000			10	63812	115295	0	191	-1				1						maplevel160						
	<i18n=11027>		1000			10	63781	112235	0	191	-1				1						maplevel160						
	<i18n=11027>		1000			10	65429	109244	0	191	-1				1						maplevel160						
	<i18n=11027>		1000			10	67098	108913	0	191	-1				1						maplevel160						
	<i18n=11027>		1000			10	68634	109018	0	191	-1				1						maplevel160						
	<i18n=11027>		1000			10	69736	111096	0	191	-1				1						maplevel160						
	<i18n=11027>		1000			10	69971	113664	0	191	-1				1						maplevel160						
	<i18n=11027>		1000			10	69898	115646	0	191	-1				1						maplevel160						
	<i18n=11027>		1000			10	68957	116969	0	191	-1				1						maplevel160						
	<i18n=11027>		1000			10	64965	115658	0	191	-1				1						maplevel160						
	<i18n=11027>		1000			10	68041	115333	0	191	-1				1						maplevel160						
	<i18n=11027>		1000			10	65267	111295	0	191	-1				1						maplevel160						
	<i18n=11027>		1000			10	68189	110899	0	191	-1				1						maplevel160						
	<i18n=11027>		1000			10	73541	101333	0	191	-1				1						maplevel160						
	<i18n=11027>		1000			10	69594	102176	0	191	-1				1						maplevel160						
	<i18n=11027>		1000			10	68344	99271	0	191	-1				1						maplevel160						
	<i18n=11027>		1000			10	71911	101900	0	191	-1				1						maplevel160						
	<i18n=11027>		1000			10	68471	96030	0	191	-1				1						maplevel160						
	<i18n=11027>		1000			10	69923	93674	0	191	-1				1						maplevel160						
	<i18n=11027>		1000			10	72029	93131	0	191	-1				1						maplevel160						
	<i18n=11027>		1000			10	73910	94191	0	191	-1				1						maplevel160						
	<i18n=11027>		1000			10	74197	96982	0	191	-1				1						maplevel160						
	<i18n=11027>		1000			10	71687	97768	0	191	-1				1						maplevel160						
	<i18n=11027>		1000			10	74139	99161	0	191	-1				1						maplevel160						
	<i18n=11027>		1000			10	70109	99921	0	191	-1				1						maplevel160						
	<i18n=11027>		1000			10	72614	99776	0	191	-1				1						maplevel160						
	<i18n=11027>		1000			10	70287	95730	0	191	-1				1						maplevel160						
	<i18n=11027>		1000			10	72545	95280	0	191	-1				1						maplevel160						
	<i18n=11027>		1000			10	57632	85720	0	191	-1				1						maplevel160						
	<i18n=11027>		1000			10	56069	85306	0	191	-1				1						maplevel160						
	<i18n=11027>		1000			10	54698	83984	0	191	-1				1						maplevel160						
	<i18n=11027>		1000			10	54405	81542	0	191	-1				1						maplevel160						
	<i18n=11027>		1000			10	55037	78286	0	191	-1				1						maplevel160						
	<i18n=11027>		1000			10	56387	77277	0	191	-1				1						maplevel160						
	<i18n=11027>		1000			10	58537	77141	0	191	-1				1						maplevel160						
	<i18n=11027>		1000			10	59809	78310	0	191	-1				1						maplevel160						
	<i18n=11027>		1000			10	60113	81073	0	191	-1				1						maplevel160						
	<i18n=11027>		1000			10	59345	84381	0	191	-1				1						maplevel160						
	<i18n=11027>		1000			10	55700	83255	0	191	-1				1						maplevel160						
	<i18n=11027>		1000			10	58156	83372	0	191	-1				1						maplevel160						
	<i18n=11027>		1000			10	55744	79687	0	191	-1				1						maplevel160						
	<i18n=11027>		1000			10	58508	79442	0	191	-1				1						maplevel160						
	<i18n=11027>		1000			10	57175	81502	0	191	-1				1						maplevel160						
	<i18n=11027>		1000			10	44064	91125	0	191	-1				1						maplevel160						
	<i18n=6881>		1001			10	37040	31889	0	191	-1				1						maplevel160						
	<i18n=6881>		1001			10	35575	29474	0	191	-1				1						maplevel160						
	<i18n=6881>		1001			10	34997	26950	0	191	-1				1						maplevel160						
	<i18n=6881>		1001			10	35572	22984	0	191	-1				1						maplevel160						
	<i18n=6881>		1001			10	37670	22349	0	191	-1				1						maplevel160						
	<i18n=6881>		1001			10	39368	21799	0	191	-1				1						maplevel160						
	<i18n=6881>		1001			10	42291	24558	0	191	-1				1						maplevel160						
	<i18n=6881>		1001			10	42598	26955	0	191	-1				1						maplevel160						
	<i18n=6881>		1001			10	41511	30863	0	191	-1				1						maplevel160						
	<i18n=6881>		1001			10	36897	29455	0	191	-1				1						maplevel160						
	<i18n=6881>		1001			10	40216	28491	0	191	-1				1						maplevel160						
	<i18n=6881>		1001			10	36510	24549	0	191	-1				1						maplevel160						
	<i18n=6881>		1001			10	40349	24254	0	191	-1				1						maplevel160						
	<i18n=6881>		1001			10	41334	22107	0	191	-1				1						maplevel160						
	<i18n=6881>		1001			10	44689	57610	0	191	-1				1						maplevel160						
	<i18n=6881>		1001			10	43089	57566	0	191	-1				1						maplevel160						
	<i18n=6881>		1001			10	42159	54994	0	191	-1				1						maplevel160						
	<i18n=6881>		1001			10	42033	52675	0	191	-1				1						maplevel160						
	<i18n=6881>		1001			10	42916	49801	0	191	-1				1						maplevel160						
	<i18n=6881>		1001			10	44808	48889	0	191	-1				1						maplevel160						
	<i18n=6881>		1001			10	46537	49156	0	191	-1				1						maplevel160						
	<i18n=6881>		1001			10	47932	51022	0	191	-1				1						maplevel160						
	<i18n=6881>		1001			10	48049	53355	0	191	-1				1						maplevel160						
	<i18n=6881>		1001			10	47826	56442	0	191	-1				1						maplevel160						
	<i18n=6881>		1001			10	46194	57496	0	191	-1				1						maplevel160						
	<i18n=6881>		1001			10	43489	55380	0	191	-1				1						maplevel160						
	<i18n=6881>		1001			10	43262	51447	0	191	-1				1						maplevel160						
	<i18n=6881>		1001			10	46757	54845	0	191	-1				1						maplevel160						
	<i18n=6881>		1001			10	46763	50864	0	191	-1				1						maplevel160						
	<i18n=6881>		1001			10	52455	65794	0	191	-1				1						maplevel160						
	<i18n=6881>		1001			10	52189	60042	0	191	-1				1						maplevel160						
	<i18n=6881>		1001			10	54501	57983	0	191	-1				1						maplevel160						
	<i18n=6881>		1001			10	51160	59914	0	191	-1				1						maplevel160						
	<i18n=6881>		1001			10	55984	60139	0	191	-1				1						maplevel160						
	<i18n=6881>		1001			10	50477	62179	0	191	-1				1						maplevel160						
	<i18n=6881>		1001			10	52205	64017	0	191	-1				1						maplevel160						
	<i18n=6881>		1001			10	53755	65964	0	191	-1				1						maplevel160						
	<i18n=6881>		1001			10	54985	64983	0	191	-1				1						maplevel160						
	<i18n=6881>		1001			10	51062	64018	0	191	-1				1						maplevel160						
	<i18n=6881>		1001			10	56020	63900	0	191	-1				1						maplevel160						
	<i18n=6881>		1001			10	52372	58183	0	191	-1				1						maplevel160						
	<i18n=6881>		1001			10	54808	63408	0	191	-1				1						maplevel160						
	<i18n=6881>		1001			10	55000	59994	0	191	-1				1						maplevel160						
	<i18n=6881>		1001			10	56597	62204	0	191	-1				1						maplevel160						
	<i18n=6881>		1001			10	50621	30404	0	191	-1				1						maplevel160						
	<i18n=6881>		1001			10	52815	30272	0	191	-1				1						maplevel160						
	<i18n=6881>		1001			10	53762	28270	0	191	-1				1						maplevel160						
	<i18n=6881>		1001			10	52880	33693	0	191	-1				1						maplevel160						
	<i18n=6881>		1001			10	49732	35919	0	191	-1				1						maplevel160						
	<i18n=6881>		1001			10	50415	34049	0	191	-1				1						maplevel160						
	<i18n=6881>		1001			10	54181	34571	0	191	-1				1						maplevel160						
	<i18n=6881>		1001			10	48569	30832	0	191	-1				1						maplevel160						
	<i18n=6881>		1001			10	54710	32052	0	191	-1				1						maplevel160						
	<i18n=6881>		1001			10	54737	29813	0	191	-1				1						maplevel160						
	<i18n=6881>		1001			10	52972	36079	0	191	-1				1						maplevel160						
	<i18n=6881>		1001			10	52169	27516	0	191	-1				1						maplevel160						
	<i18n=6881>		1001			10	51629	36334	0	191	-1				1						maplevel160						
	<i18n=6881>		1001			10	49917	27924	0	191	-1				1						maplevel160						
	<i18n=6881>		1001			10	48518	33788	0	191	-1				1						maplevel160						
	<i18n=6881>		1001			10	62096	27457	0	191	-1				1						maplevel160						
	<i18n=6881>		1001			10	60264	27438	0	191	-1				1						maplevel160						
	<i18n=6881>		1001			10	58310	26595	0	191	-1				1						maplevel160						
	<i18n=6881>		1001			10	58072	23889	0	191	-1				1						maplevel160						
	<i18n=6881>		1001			10	58652	20413	0	191	-1				1						maplevel160						
	<i18n=6881>		1001			10	59710	18351	0	191	-1				1						maplevel160						
	<i18n=6881>		1001			10	61540	17932	0	191	-1				1						maplevel160						
	<i18n=6881>		1001			10	63524	18848	0	191	-1				1						maplevel160						
	<i18n=6881>		1001			10	64635	20688	0	191	-1				1						maplevel160						
	<i18n=6881>		1001			10	64548	23869	0	191	-1				1						maplevel160						
	<i18n=6881>		1001			10	63810	26205	0	191	-1				1						maplevel160						
	<i18n=6881>		1001			10	59517	24906	0	191	-1				1						maplevel160						
	<i18n=6881>		1001			10	63009	24771	0	191	-1				1						maplevel160						
	<i18n=6881>		1001			10	60007	20360	0	191	-1				1						maplevel160						
	<i18n=6881>		1001			10	63048	20403	0	191	-1				1						maplevel160						
	<i18n=11027>		1000			10	46864	138170	0	191	-1				1						maplevel160						
	<i18n=11027>		1000			10	45649	137538	0	191	-1				1						maplevel160						
	<i18n=11027>		1000			10	44750	134903	0	191	-1				1						maplevel160						
	<i18n=11027>		1000			10	45018	132667	0	191	-1				1						maplevel160						
	<i18n=11027>		1000			10	45893	130351	0	191	-1				1						maplevel160						
	<i18n=11027>		1000			10	47469	129461	0	191	-1				1						maplevel160						
	<i18n=11027>		1000			10	49420	130058	0	191	-1				1						maplevel160						
	<i18n=11027>		1000			10	49085	131392	0	191	-1				1						maplevel160						
	<i18n=11027>		1000			10	50348	132176	0	191	-1				1						maplevel160						
	<i18n=11027>		1000			10	50414	134572	0	191	-1				1						maplevel160						
	<i18n=11027>		1000			10	49977	137610	0	191	-1				1						maplevel160						
	<i18n=11027>		1000			10	46533	136289	0	191	-1				1						maplevel160						
	<i18n=11027>		1000			10	49100	136161	0	191	-1				1						maplevel160						
	<i18n=11027>		1000			10	46435	131389	0	191	-1				1						maplevel160						
	<i18n=14315>		3047			10	85146	43493	0	191	-1				1						maplevel160						
	<i18n=14315>		3047			10	83635	42862	0	191	-1				1						maplevel160						
	<i18n=14315>		3047			10	82239	41590	0	191	-1				1						maplevel160						
	<i18n=14315>		3047			10	81853	39743	0	191	-1				1						maplevel160						
	<i18n=14315>		3047			10	82242	36891	0	191	-1				1						maplevel160						
	<i18n=14315>		3047			10	82855	34953	0	191	-1				1						maplevel160						
	<i18n=14315>		3047			10	84969	34390	0	191	-1				1						maplevel160						
	<i18n=14315>		3047			10	86730	36260	0	191	-1				1						maplevel160						
	<i18n=14315>		3047			10	86914	34443	0	191	-1				1						maplevel160						
	<i18n=14315>		3047			10	86604	42203	0	191	-1				1						maplevel160						
	<i18n=14315>		3047			10	88005	39352	0	191	-1				1						maplevel160						
	<i18n=14315>		3047			10	87890	36520	0	191	-1				1						maplevel160						
	<i18n=14315>		3047			10	83547	36632	0	191	-1				1						maplevel160						
	<i18n=14315>		3047			10	86644	40509	0	191	-1				1						maplevel160						
	<i18n=14315>		3047			10	83282	40386	0	191	-1				1						maplevel160						
	<i18n=6881>		1001			10	59801	46924	0	191	-1				1						maplevel160						
	<i18n=6881>		1001			10	57444	46763	0	191	-1				1						maplevel160						
	<i18n=6881>		1001			10	56081	45595	0	191	-1				1						maplevel160						
	<i18n=6881>		1001			10	56929	44601	0	191	-1				1						maplevel160						
	<i18n=6881>		1001			10	57494	39867	0	191	-1				1						maplevel160						
	<i18n=6881>		1001			10	58809	40023	0	191	-1				1						maplevel160						
	<i18n=6881>		1001			10	60067	40611	0	191	-1				1						maplevel160						
	<i18n=6881>		1001			10	61254	42351	0	191	-1				1						maplevel160						
	<i18n=6881>		1001			10	56077	40300	0	191	-1				1						maplevel160						
	<i18n=6881>		1001			10	58413	46784	0	191	-1				1						maplevel160						
	<i18n=6881>		1001			10	55330	43659	0	191	-1				1						maplevel160						
	<i18n=6881>		1001			10	59630	41449	0	191	-1				1						maplevel160						
	<i18n=6881>		1001			10	60897	45103	0	191	-1				1						maplevel160						
	<i18n=6881>		1001			10	59353	45139	0	191	-1				1						maplevel160						
	<i18n=6881>		1001			10	57249	41259	0	191	-1				1						maplevel160						
	<i18n=10253>		7024			10	19912	78420	0	0	-1	-1	0	0	1					
	<i18n=10253>		7024			10	21588	75923	0	0	-1	-1	0	0	1					
	<i18n=10253>		7024			10	25670	76544	0	0	-1	-1	0	0	1					
	<i18n=14683>		10000		0	1	80713	131298	0	191	-1				1					
	<i18n=7647>		10001		0	1	31191	19308	0	191	-1									
